ID,PHI,K,TP,TN,FP,FN,NHAM,NSPAM
924,2.248892433,0.2183757632,1356,1318,8,44,1364,1362
925,2.04907338,0.363175817,1355,1341,5,37,1360,1378
926,1.900008351,0.2505705815,746,796,4,30,750,826
927,1.914994314,0.2125777408,752,772,3,33,755,805
928,1.960332036,0.1589573585,1421,1332,6,42,1427,1374
929,2.175968776,0.4308862681,1386,1342,3,46,1389,1388
930,1.835506513,0.1545706897,1410,1320,11,51,1421,1371
931,2.101640939,0.001385927879,1281,1244,6,33,1287,1277
932,1.862082403,0.1431327578,1592,1493,8,54,1600,1547
933,2.282423884,0.331472554,1227,1227,7,45,1234,1272
934,1.960064977,0.1132449071,959,966,1,30,960,996
935,1.711415603,0.145587447,729,693,1,21,730,714
936,2.219671322,0.2103315124,686,662,5,24,691,686
937,1.951922843,0.4428255691,1236,1149,9,45,1245,1194
938,1.805337162,0.4370681307,586,559,1,24,587,583
939,1.932540344,0.02494724735,821,728,8,16,829,744
940,1.89266444,0.1030740025,1077,1034,5,30,1082,1064
941,2.233691619,0.3548529903,1078,1044,7,27,1085,1071
942,2.155168092,0.2981916136,1374,1333,7,37,1381,1370
943,2.191849545,0.0200031729,1440,1314,15,41,1455,1355
944,2.210258262,0.230704837,739,793,5,23,744,816
945,1.75383444,0.4417300096,781,797,4,27,785,824
946,2.017249727,0.169831796,937,885,6,30,943,915
947,2.274159568,0.4348129838,1570,1561,10,51,1580,1612
948,1.764817643,0.1493815592,1391,1351,3,33,1394,1384
949,1.801178804,0.1489529397,879,855,3,30,882,885
950,1.883700737,0.2488920735,1120,1013,5,43,1125,1056
951,2.109892804,0.0465736471,791,772,1,20,792,792
952,2.149636718,0.2330917532,881,917,4,29,885,946
953,1.966201255,0.3256878799,1546,1491,7,57,1553,1548
954,1.986117811,0.1105828939,1157,1145,5,30,1162,1175
955,1.927851156,0.2976106658,1533,1523,7,50,1540,1573
956,2.017003039,0.1030869566,1184,1166,7,35,1191,1201
957,2.164635471,0.1159380003,603,597,3,21,606,618
958,1.911623108,0.2495066007,1263,1303,6,34,1269,1337
959,1.749041259,0.2734566746,1006,922,4,27,1010,949
960,2.015744937,0.2065347657,968,922,2,28,970,950
961,2.216759736,0.2569403301,895,900,3,31,898,931
962,2.026270202,0.4745586458,793,783,5,21,798,804
963,1.890088507,0.2514336891,1450,1376,9,51,1459,1427
964,1.944846317,0.228199751,1515,1472,6,49,1521,1521
965,1.913164138,0.3343564611,677,710,2,17,679,727
966,2.126172582,0.3812590266,1113,1060,6,31,1119,1091
967,1.851110444,0.4119525414,1234,1126,7,35,1241,1161
968,1.924976451,0.08759019905,696,675,2,17,698,692
969,2.253287345,0.4478679826,799,746,7,25,806,771
970,1.894844883,0.4441882588,1237,1182,5,45,1242,1227
971,1.756570935,0.4420806397,789,796,4,28,793,824
972,1.959627356,0.2807390413,1022,921,2,34,1024,955
973,1.890550076,0.421528765,1228,1272,5,45,1233,1317
974,1.996026152,0.4539069531,995,894,10,34,1005,928
975,1.970501586,0.3820805693,1167,1147,2,43,1169,1190
976,1.95901204,0.2111229283,601,542,2,26,603,568
977,1.846206069,0.1959101001,1365,1351,9,45,1374,1396
978,1.989934109,0.1860383711,914,860,8,28,922,888
979,2.01289107,0.1512332994,1086,1027,7,25,1093,1052
980,2.141335021,0.224039422,1559,1585,8,44,1567,1629
981,2.209967695,0.01363147733,618,592,5,13,623,605
982,1.899204959,0.2399982581,786,818,1,19,787,837
983,1.984110668,0.12914605,1008,869,4,38,1012,907
984,1.75647611,0.1998982845,887,868,5,29,892,897
985,2.119499141,0.2591100725,1245,1265,2,59,1247,1324
986,2.093557932,0.2920323926,1450,1392,8,56,1458,1448
987,1.845513846,0.3486647773,1348,1316,8,46,1356,1362
988,2.280691855,0.05172215934,713,770,3,21,716,791
989,1.999510327,0.3638574108,1387,1364,3,44,1390,1408
990,1.903727591,0.3215094064,1080,1032,8,26,1088,1058
991,1.893301042,0.3022542149,1225,1262,5,37,1230,1299
992,2.007543934,0.4230263958,1615,1495,10,58,1625,1553
993,2.160004104,0.1274715453,858,880,4,22,862,902
994,2.195891635,0.4737422174,713,661,2,25,715,686
995,2.079090209,0.3925780591,1182,1129,8,36,1190,1165
996,2.210125176,0.2428684216,578,616,0,20,578,636
997,1.947897001,0.03969618789,942,822,6,20,948,842
998,1.772494704,0.3325283797,1027,1054,4,38,1031,1092
999,1.891059344,0.2882956227,1035,1042,6,31,1041,1073
1000,2.136963665,0.1648596161,928,878,2,22,930,900
1001,2.159596182,0.4753280011,792,725,3,35,795,760
1002,1.709022466,0.2877109384,1036,1052,6,36,1042,1088
1003,1.801685733,0.2837169192,1080,1036,3,36,1083,1072
1004,2.043023612,0.1404306968,1278,1281,8,40,1286,1321
1005,1.915361467,0.03633442667,1410,1385,8,34,1418,1419
1006,2.265926886,0.1555085252,1146,1137,7,39,1153,1176
1007,1.728063929,0.3346453382,691,694,2,21,693,715
1008,2.039008751,0.4890317722,929,913,5,38,934,951
1009,2.293515705,0.2825217046,1399,1339,9,50,1408,1389
1010,2.278121975,0.4043440844,797,762,1,32,798,794
1011,1.741114813,0.3932664867,970,934,5,44,975,978
1012,1.889084497,0.04041254397,1565,1519,7,52,1572,1571
1013,1.798884431,0.1641332742,1379,1322,5,41,1384,1363
1014,2.223427837,0.3731064717,1266,1184,11,49,1277,1233
1015,2.083637784,0.01923280606,681,657,2,18,683,675
1016,2.005915858,0.04922224924,943,803,4,26,947,829
1017,2.122556414,0.3615221589,1186,1189,3,42,1189,1231
1018,1.944790805,0.3041413203,795,799,3,27,798,826
1019,1.733666462,0.225479308,1033,956,4,27,1037,983
1020,2.204349288,0.4447840231,601,585,1,22,602,607
1021,2.118513843,0.4245838899,1342,1292,4,44,1346,1336
1022,1.880722188,0.08944288543,664,646,1,19,665,665
1023,1.982037325,0.07163936337,950,981,5,23,955,1004
1024,2.197906488,0.2059515774,682,694,4,20,686,714
1025,2.274126083,0.3157027591,875,877,3,32,878,909
1026,1.850647024,0.07793085756,872,854,5,15,877,869
1027,2.089532057,0.4063163937,1179,1083,4,38,1183,1121
1028,1.928361532,0.07985380508,776,776,1,18,777,794
1029,2.011351324,0.08748883525,769,807,4,26,773,833
1030,2.101326115,0.4167656691,712,679,7,22,719,701
1031,2.172748266,0.08699599743,583,589,4,20,587,609
1032,2.235121068,0.2819217783,1465,1440,7,44,1472,1484
1033,2.05627735,0.06946782685,762,755,5,34,767,789
1034,1.790148303,0.2216782097,1435,1325,5,40,1440,1365
1035,2.078800376,0.229135126,1272,1221,10,43,1282,1264
1036,1.810485802,0.1607735454,1169,1171,9,34,1178,1205
1037,1.992516211,0.3327933419,1495,1419,12,46,1507,1465
1038,2.143830222,0.073578016,1441,1374,9,41,1450,1415
1039,1.803638878,0.1779037086,790,752,8,26,798,778
1040,2.148770957,0.05869998788,662,682,5,18,667,700
1041,2.099649577,0.3226484226,591,536,1,19,592,555
1042,1.948799343,0.3732946323,758,757,2,28,760,785
1043,2.231915482,0.4487071352,1397,1280,6,57,1403,1337
1044,1.85935035,0.3760099035,1579,1463,10,40,1589,1503
1045,1.880521574,0.4585593138,861,836,6,18,867,854
1046,2.267551938,0.1348043317,1136,1030,6,30,1142,1060
1047,2.163956154,0.04260465504,1197,1133,7,34,1204,1167
1048,1.942347496,0.2523180343,1430,1315,5,47,1435,1362
1049,1.716513198,0.1313440841,1488,1401,7,52,1495,1453
1050,2.173094284,0.2768165849,687,623,4,25,691,648
1051,1.959017855,0.3088620423,947,964,4,38,951,1002
1052,2.285335639,0.1822380663,587,613,3,19,590,632
1053,2.280604193,0.4424090679,1418,1372,3,52,1421,1424
1054,2.218875123,0.2855544379,1466,1464,5,50,1471,1514
1055,2.261470439,0.3915585462,1011,953,4,38,1015,991
1056,2.14909975,0.01230772799,1597,1506,4,42,1601,1548
1057,1.820519198,0.346736893,855,889,6,28,861,917
1058,1.99864109,0.2045909807,1318,1172,9,33,1327,1205
1059,2.261006834,0.4322345589,1210,1116,4,44,1214,1160
1060,1.960263601,0.1853095213,1573,1555,9,46,1582,1601
1061,2.116501632,0.3913648472,1387,1364,7,57,1394,1421
1062,1.880959887,0.2235222122,1565,1543,10,37,1575,1580
1063,1.72008008,0.138609249,1378,1301,4,42,1382,1343
1064,2.179125464,0.2739704943,607,542,0,13,607,555
1065,2.155856945,0.1727523287,553,588,6,15,559,603
1066,1.982451498,0.1239138185,985,953,6,21,991,974
1067,1.756694508,0.05213247246,1308,1252,5,32,1313,1284
1068,1.787362311,0.111735938,759,758,4,19,763,777
1069,2.050918449,0.1718752158,984,984,6,41,990,1025
1070,1.777278121,0.177771991,556,568,4,18,560,586
1071,2.153536064,0.3992987771,1152,1156,3,54,1155,1210
1072,1.800353234,0.4360365664,853,837,5,30,858,867
1073,2.24969064,0.2975050836,613,580,6,19,619,599
1074,2.146427706,0.2408242176,1168,1148,8,37,1176,1185
1075,2.19966941,0.3290308358,1543,1584,8,69,1551,1653
1076,1.863516656,0.01397716232,1215,1149,10,30,1225,1179
1077,2.073828442,0.1669289055,588,568,0,24,588,592
1078,2.096903467,0.427899479,1095,1054,3,31,1098,1085
1079,2.000294353,0.1524100876,1135,1139,2,42,1137,1181
1080,1.744991827,0.4062029556,713,659,4,17,717,676
1081,2.141349961,0.2853737365,1463,1441,8,60,1471,1501
1082,1.92613419,0.3481684781,991,946,4,36,995,982
1083,1.908436581,0.2835269081,1157,1152,11,42,1168,1194
1084,2.083767161,0.3373751991,1483,1411,5,44,1488,1455
1085,2.071220289,0.4980392861,1405,1491,4,53,1409,1544
1086,2.061072308,0.4679794689,1252,1163,11,47,1263,1210
1087,2.193378887,0.1786044901,1144,1202,5,42,1149,1244
1088,1.781227738,0.3964916719,980,1004,5,30,985,1034
1089,1.711040291,0.2431053011,1370,1335,11,42,1381,1377
1090,1.86617419,0.01337493232,705,706,0,26,705,732
1091,1.920028989,0.2105600466,972,954,5,24,977,978
1092,2.110378212,0.4416592722,1404,1295,6,54,1410,1349
1093,1.831535791,0.04339711056,1068,950,3,28,1071,978
1094,2.107816868,0.3109772327,1177,1148,5,37,1182,1185
1095,2.014846214,0.03687775452,1088,1111,3,27,1091,1138
1096,2.292722801,0.01988414059,1118,1060,4,32,1122,1092
1097,1.764385511,0.2269797312,921,841,9,24,930,865
1098,2.043115403,0.3327483741,759,742,1,28,760,770
1099,1.887462375,0.3876460803,730,705,6,23,736,728
1100,2.100248325,0.3131599454,1603,1556,7,48,1610,1604
1101,2.202807662,0.1913307138,1594,1500,6,45,1600,1545
1102,1.941995474,0.2243649541,674,666,8,17,682,683
1103,1.982725719,0.2447789689,1538,1560,10,45,1548,1605
1104,2.205272005,0.4924526968,1409,1314,6,50,1415,1364
1105,2.256149301,0.4935945775,1520,1493,10,63,1530,1556
1106,1.94140177,0.01547609513,1580,1465,8,35,1588,1500
1107,1.791699042,0.4699918169,1414,1386,6,45,1420,1431
1108,2.199542868,0.2468111493,1032,954,5,29,1037,983
1109,2.121473168,0.4607395128,817,772,3,38,820,810
1110,1.853288163,0.3517292071,709,684,3,22,712,706
1111,2.245120818,0.007238887695,847,778,2,26,849,804
1112,1.786389859,0.3113755419,614,551,1,25,615,576
1113,2.055343458,0.1739433844,1351,1228,7,43,1358,1271
1114,2.128607148,0.07322765006,789,747,4,24,793,771
1115,1.939103949,0.1998293614,1406,1369,4,34,1410,1403
1116,1.777148286,0.4903143616,1016,981,1,40,1017,1021
1117,1.753918818,0.33464141,1462,1430,11,47,1473,1477
1118,2.188112522,0.1947874526,1061,1047,6,33,1067,1080
1119,2.233439437,0.2599151111,1495,1408,3,55,1498,1463
1120,2.182446999,0.1364305314,729,671,3,17,732,688
1121,1.868570348,0.3436398859,610,594,3,15,613,609
1122,2.119134729,0.1376975427,992,946,2,33,994,979
1123,1.960606818,0.2548815776,1262,1269,6,34,1268,1303
1124,2.148704061,0.3528566515,924,894,6,35,930,929
1125,1.91765101,0.1756827925,593,563,3,21,596,584
1126,1.712062455,0.4732145957,617,567,4,23,621,590
1127,1.841180687,0.2820627897,1587,1540,12,53,1599,1593
1128,2.0886884,0.3675005716,1346,1239,2,40,1348,1279
1129,1.857207868,0.1440403348,1089,1068,5,24,1094,1092
1130,2.248381663,0.4548495747,1134,1161,5,37,1139,1198
1131,1.74806162,0.1538287926,900,915,5,23,905,938
1132,1.731328735,0.03565389492,690,662,2,20,692,682
1133,1.82585602,0.4983436915,878,861,7,29,885,890
1134,1.894263866,0.4681199362,752,810,3,32,755,842
1135,1.769594668,0.09191187512,586,568,7,16,593,584
1136,1.809650183,0.3502384888,1284,1184,8,44,1292,1228
1137,2.189719365,0.347267974,580,616,3,20,583,636
1138,2.173660012,0.3071018787,593,557,3,8,596,565
1139,1.715345099,0.1471986636,711,654,3,24,714,678
1140,2.058220248,0.382553079,1118,1019,6,32,1124,1051
1141,1.713621625,0.4914187153,1482,1459,3,53,1485,1512
1142,2.274196476,0.02552481378,1343,1434,6,44,1349,1478
1143,1.942617948,0.4779125676,764,791,2,23,766,814
1144,1.747228282,0.3068164225,650,623,2,19,652,642
1145,2.219896088,0.1395553836,606,589,2,12,608,601
1146,2.200152172,0.3285781824,802,804,4,24,806,828
1147,2.148192086,0.348379447,1483,1452,6,62,1489,1514
1148,2.157517009,0.2760969955,1312,1373,4,44,1316,1417
1149,1.771224945,0.2774428044,845,812,3,29,848,841
1150,1.946796066,0.1391297949,1616,1561,4,47,1620,1608
1151,1.821163733,0.4583387512,1155,1170,6,49,1161,1219
1152,2.211493666,0.38132199,1543,1399,6,49,1549,1448
1153,2.264214201,0.4171849578,1611,1558,5,66,1616,1624
1154,1.772602082,0.4223905779,1394,1369,8,46,1402,1415
1155,1.772884914,0.1152923292,577,593,0,19,577,612
1156,1.928382303,0.3440989031,635,605,2,15,637,620
1157,2.103356382,0.108103056,1206,1139,9,25,1215,1164
1158,2.096000445,0.4540058518,1084,1026,8,33,1092,1059
1159,2.164964438,0.226745203,1118,1119,10,42,1128,1161
1160,2.185980747,0.47857955,1252,1286,10,48,1262,1334
1161,2.208343333,0.2831189007,780,765,4,25,784,790
1162,2.233698297,0.3230884082,1451,1459,2,54,1453,1513
1163,2.145403104,0.1659042438,1150,1165,6,33,1156,1198
1164,2.274892029,0.06853554921,1445,1368,7,44,1452,1412
1165,2.226402753,0.3122641778,1231,1106,7,33,1238,1139
1166,2.156681339,0.06872813223,951,965,5,39,956,1004
1167,2.186889792,0.06352704856,979,980,7,23,986,1003
1168,2.292774369,0.3480400107,970,923,1,35,971,958
1169,2.023994185,0.2856541168,1484,1376,5,56,1489,1432
1170,1.722111285,0.1001015538,754,777,4,20,758,797
1171,2.035097835,0.2870436839,698,691,4,19,702,710
1172,1.702825951,0.1887598192,1367,1336,4,36,1371,1372
1173,2.134107554,0.08835622607,1217,1228,8,34,1225,1262
1174,1.900779298,0.43911006,730,631,4,25,734,656
1175,2.018948705,0.273795085,811,739,4,30,815,769
1176,2.138152822,0.03894216219,716,656,5,14,721,670
1177,1.872032095,0.2409785229,1173,1155,6,35,1179,1190
1178,2.294464507,0.2862183499,1205,1095,3,53,1208,1148
1179,2.144604723,0.1061926975,1094,1090,6,35,1100,1125
1180,1.780198629,0.09836290224,1387,1365,9,41,1396,1406
1181,2.073183595,0.3097775891,1435,1460,4,57,1439,1517
1182,2.078879017,0.367483136,1088,1075,4,27,1092,1102
1183,2.187200655,0.4387662099,1504,1457,6,49,1510,1506
1184,2.044139402,0.1906329344,709,662,4,14,713,676
1185,2.037149375,0.04360067968,575,562,0,17,575,579
1186,2.023284073,0.1889906908,1361,1288,5,41,1366,1329
1187,1.804086648,0.1933126279,785,761,2,26,787,787
1188,2.197695249,0.2738088729,933,958,10,30,943,988
1189,2.133021028,0.4744990936,985,990,1,38,986,1028
1190,1.954642052,0.1853292782,1591,1500,7,57,1598,1557
1191,2.251221883,0.2044583543,949,883,4,38,953,921
1192,1.908792666,0.008592883946,1113,1095,7,24,1120,1119
1193,1.711014622,0.4427281253,1204,1130,8,34,1212,1164
1194,2.015295735,0.2767315032,878,881,9,23,887,904
1195,2.190815623,0.3566586071,1600,1514,10,65,1610,1579
1196,2.097463695,0.2186624742,1555,1525,8,58,1563,1583
1197,2.226737684,0.2190486778,609,578,4,28,613,606
1198,1.972546086,0.2277840701,604,551,2,16,606,567
1199,1.739778293,0.2521810541,1546,1507,11,45,1557,1552
1200,2.02980311,0.03263439691,1011,971,2,25,1013,996
1201,2.244628816,0.2799007446,1353,1371,9,40,1362,1411
1202,1.70455517,0.4830609779,1468,1416,7,59,1475,1475
1203,1.942397731,0.1327737561,1060,1059,5,37,1065,1096
1204,2.182514835,0.2836768609,1054,1037,8,39,1062,1076
1205,1.736578752,0.1562517447,973,982,4,23,977,1005
1206,1.84948628,0.1734234203,1383,1307,5,43,1388,1350
1207,2.086366372,0.3437803546,1414,1320,9,39,1423,1359
1208,1.846797821,0.4894429805,755,755,1,29,756,784
1209,2.253285609,0.07186404761,690,662,9,19,699,681
1210,1.995612971,0.09328262434,652,636,4,20,656,656
1211,1.715314507,0.4199059944,1333,1279,2,43,1335,1322
1212,1.817811218,0.4915307172,1596,1513,5,46,1601,1559
1213,2.125040045,0.0595390704,735,779,6,22,741,801
1214,1.716965081,0.2245931494,1278,1253,6,48,1284,1301
1215,2.071877648,0.3974553981,917,807,2,39,919,846
1216,1.721896795,0.202239028,1270,1242,3,27,1273,1269
1217,1.89258461,0.08020596795,1075,1037,10,29,1085,1066
1218,2.288040023,0.4339684776,680,643,3,35,683,678
1219,2.2619901,0.05980024743,980,925,6,28,986,953
1220,1.900526384,0.469260743,581,595,5,16,586,611
1221,2.27883632,0.3023416188,1009,1015,7,39,1016,1054
1222,1.719926472,0.1413524993,615,556,3,19,618,575
1223,1.992545903,0.4939850059,1520,1411,12,50,1532,1461
1224,2.050589481,0.2866971268,869,921,4,19,873,940
1225,2.098216388,0.1795383298,1133,1043,9,27,1142,1070
1226,2.022999465,0.2630727719,695,663,6,22,701,685
1227,2.03647704,0.1452273318,966,879,3,29,969,908
1228,2.030457088,0.006841614397,1649,1495,12,46,1661,1541
1229,2.278420608,0.3232936822,997,923,7,29,1004,952
1230,2.266347393,0.127846695,586,580,1,21,587,601
1231,2.299522767,0.07870366051,676,626,3,24,679,650
1232,2.052414092,0.06646359371,1267,1246,9,39,1276,1285
1233,1.742051449,0.09526748255,998,977,5,26,1003,1003
1234,1.885364904,0.4390578576,599,558,1,24,600,582
1235,2.019339077,0.09682853631,1293,1240,3,34,1296,1274
1236,2.1161945,0.2723771754,585,570,3,14,588,584
1237,2.175085173,0.3108655468,1536,1538,11,51,1547,1589
1238,2.004448605,0.3813476243,586,524,2,25,588,549
1239,1.83642183,0.3068714806,1034,944,4,23,1038,967
1240,1.83385796,0.3239659218,1314,1240,6,44,1320,1284
1241,1.830909551,0.4274877208,569,556,4,17,573,573
1242,2.159689194,0.189933242,1298,1262,5,43,1303,1305
1243,2.005042266,0.4850285703,842,740,2,27,844,767
1244,2.179958718,0.2038068444,871,842,5,25,876,867
1245,1.868544271,0.04531301757,974,939,4,29,978,968
1246,1.951008638,0.4117866306,1541,1539,10,53,1551,1592
1247,1.702741607,0.006457366906,1061,1066,6,25,1067,1091
1248,2.252990551,0.205150771,949,938,3,40,952,978
1249,2.095300459,0.2251038725,1611,1542,9,52,1620,1594
1250,2.23566278,0.3903653072,718,650,4,29,722,679
1251,1.746839774,0.005998246074,1367,1363,9,24,1376,1387
1252,1.889279102,0.4514455532,1284,1290,9,44,1293,1334
1253,2.053759376,0.3129811722,990,973,6,37,996,1010
1254,2.03988321,0.3390071768,1631,1541,9,41,1640,1582
1255,1.791522885,0.2744528492,859,871,9,23,868,894
1256,1.909522976,0.2605976363,1177,1163,8,37,1185,1200
1257,2.008544605,0.2976060902,602,547,1,25,603,572
1258,1.944984229,0.4404226426,664,637,3,25,667,662
1259,1.872754794,0.08878474816,624,594,4,26,628,620
1260,1.751447594,0.05640846547,1536,1511,8,39,1544,1550
1261,2.043611846,0.3139130521,689,672,3,18,692,690
1262,2.074267328,0.203004689,896,880,3,28,899,908
1263,2.053234833,0.2658642233,987,942,8,24,995,966
1264,1.806312127,0.4405393055,1515,1616,5,63,1520,1679
1265,1.808261395,0.2459615864,708,647,4,19,712,666
1266,2.296166936,0.1449176196,784,795,4,21,788,816
1267,2.130588867,0.4664640101,1378,1366,8,45,1386,1411
1268,1.958046235,0.4760883859,1097,1111,3,35,1100,1146
1269,2.099427644,0.07051251422,649,676,3,12,652,688
1270,2.149231305,0.1762979506,1636,1468,7,51,1643,1519
1271,1.754321024,0.3488308996,1289,1290,8,39,1297,1329
1272,1.843896401,0.09979185779,931,961,3,31,934,992
1273,2.117501304,0.07157538102,1263,1230,6,43,1269,1273
1274,2.193018578,0.06219686123,1459,1467,7,40,1466,1507
1275,1.704087763,0.1901240854,1542,1438,7,40,1549,1478
1276,1.78832774,0.4827552042,1104,1112,6,32,1110,1144
1277,1.709425078,0.4163170389,1162,1089,9,35,1171,1124
1278,1.745216629,0.09577469706,1122,1038,5,39,1127,1077
1279,1.728876529,0.2455206716,1297,1255,9,31,1306,1286
1280,2.231692492,0.2748322917,718,682,2,22,720,704
1281,2.183262334,0.1271631125,642,637,0,21,642,658
1282,1.772333366,0.4205605963,771,768,7,22,778,790
1283,1.742721272,0.1860622838,889,851,3,27,892,878
1284,2.164399672,0.2841918125,1191,1187,2,42,1193,1229
1285,2.247653033,0.06049565875,1573,1562,12,46,1585,1608
1286,2.269416938,0.406411209,982,941,3,32,985,973
1287,1.803087722,0.3621918592,659,661,5,23,664,684
1288,2.218124454,0.3748562856,1184,1133,3,43,1187,1176
1289,1.765365029,0.4880784995,1361,1325,7,41,1368,1366
1290,1.878754829,0.3801494778,1456,1395,7,55,1463,1450
1291,1.874409447,0.1854972323,1561,1607,10,43,1571,1650
1292,2.19816746,0.2053806676,1474,1484,9,37,1483,1521
1293,1.870079654,0.4213858092,1449,1415,2,44,1451,1459
1294,1.925513025,0.1396702411,794,746,6,14,800,760
1295,1.922760137,0.07315759464,1036,935,6,35,1042,970
1296,2.129987811,0.07010033822,1469,1411,8,55,1477,1466
1297,1.943445651,0.3174183942,617,606,3,18,620,624
1298,2.027424013,0.0008276499285,1509,1444,8,37,1517,1481
1299,2.165039557,0.2976222869,1120,1045,11,34,1131,1079
1300,2.024119621,0.2042530662,793,766,2,30,795,796
1301,1.981006643,0.04768028349,787,766,1,20,788,786
1302,2.253355791,0.05453085989,656,681,1,17,657,698
1303,2.134314304,0.2380372964,593,540,3,18,596,558
1304,1.762266911,0.3010507509,780,792,5,27,785,819
1305,2.211508581,0.3309714984,698,648,1,16,699,664
1306,1.935612008,0.1059587051,1441,1410,10,36,1451,1446
1307,2.106671177,0.3387933221,752,741,1,26,753,767
1308,2.217966538,0.1359079062,1643,1562,9,50,1652,1612
1309,2.272046365,0.4420152269,1126,1032,7,38,1133,1070
1310,1.951795012,0.0002206840549,1239,1095,10,35,1249,1130
1311,1.779676872,0.3800335125,973,971,4,30,977,1001
1312,2.127447836,0.2639990198,1026,946,2,24,1028,970
1313,2.228888341,0.1288884036,914,898,5,24,919,922
1314,1.951295237,0.4401757084,566,565,3,19,569,584
1315,1.945008864,0.2311190133,1491,1451,9,41,1500,1492
1316,2.163155633,0.1834482279,1365,1325,4,41,1369,1366
1317,1.831939278,0.03241956376,561,584,2,14,563,598
1318,2.039839524,0.182831501,1263,1228,4,52,1267,1280
1319,1.89284566,0.211496856,672,712,3,21,675,733
1320,1.950933099,0.4972997935,764,711,4,22,768,733
1321,1.711128104,0.1079024496,856,900,6,29,862,929
1322,1.801408147,0.2424251456,605,547,2,15,607,562
1323,1.74037668,0.09888604026,1265,1180,8,51,1273,1231
1324,2.279071458,0.2798343921,886,863,5,25,891,888
1325,1.763043375,0.2136977097,894,869,3,31,897,900
1326,2.20177486,0.02054623875,1028,1052,5,26,1033,1078
1327,1.969597314,0.08907866579,1166,1140,8,29,1174,1169
1328,2.13431938,0.325644477,698,677,2,23,700,700
1329,1.737594854,0.06117300606,969,946,4,30,973,976
1330,1.780095807,0.03093097319,588,553,2,7,590,560
1331,2.129848405,0.2125425187,1311,1269,4,37,1315,1306
1332,1.703116609,0.2293634298,1424,1347,5,39,1429,1386
1333,2.024100198,0.3234893369,1170,1144,8,52,1178,1196
1334,1.706594344,0.05384924317,1541,1541,9,49,1550,1590
1335,2.014424998,0.3898231864,1014,1116,5,43,1019,1159
1336,2.058185734,0.3584858558,1369,1259,8,51,1377,1310
1337,2.189101829,0.393062897,621,596,0,29,621,625
1338,2.114315484,0.06721498801,1243,1187,9,45,1252,1232
1339,2.107928723,0.009098222146,1289,1233,4,40,1293,1273
1340,1.969805795,0.2030135085,1242,1253,7,33,1249,1286
1341,1.71830455,0.3407537324,1140,1101,2,35,1142,1136
1342,1.712645774,0.4278896978,1374,1402,7,42,1381,1444
1343,2.040956585,0.3414742407,597,576,3,19,600,595
1344,1.80671462,0.370474142,1039,949,2,37,1041,986
1345,2.176093867,0.292497254,1504,1444,3,55,1507,1499
1346,1.928200426,0.413555646,1214,1235,14,47,1228,1282
1347,2.099599343,0.3558536612,1484,1442,13,54,1497,1496
1348,1.749063816,0.2947841547,1486,1415,7,43,1493,1458
1349,1.776833829,0.0001040936024,893,864,4,14,897,878
1350,2.174390171,0.2055199336,999,945,3,31,1002,976
1351,2.264322744,0.4282307451,1521,1428,8,65,1529,1493
1352,2.128063992,0.4911494182,586,552,2,21,588,573
1353,1.780715506,0.2352999103,1226,1271,9,37,1235,1308
1354,1.821388399,0.4323489329,783,746,5,32,788,778
1355,2.082759818,0.1597603685,759,734,7,20,766,754
1356,2.078448902,0.3245884136,664,671,7,25,671,696
1357,2.164327468,0.4312067509,1470,1471,3,67,1473,1538
1358,1.781146557,0.2253666633,1066,1095,3,20,1069,1115
1359,2.126388401,0.05189749914,931,832,3,22,934,854
1360,2.194551391,0.3095674303,1504,1456,10,50,1514,1506
1361,2.131327789,0.1431025843,799,775,3,24,802,799
1362,2.044526779,0.02427062593,893,864,4,23,897,887
1363,2.064158769,0.07884772043,1166,1185,4,45,1170,1230
1364,1.983070609,0.2258630619,555,553,5,19,560,572
1365,1.705724189,0.0932089365,1106,1046,2,28,1108,1074
1366,1.783499229,0.007413398096,1061,1070,6,27,1067,1097
1367,1.950889539,0.2352854731,1396,1365,10,39,1406,1404
1368,2.0073473,0.09453627079,790,775,3,24,793,799
1369,2.135636602,0.4198368861,775,755,6,28,781,783
1370,2.116937984,0.4793386808,1015,955,4,44,1019,999
1371,2.114238217,0.06421579542,709,685,5,21,714,706
1372,2.018395394,0.4816809117,1225,1166,4,38,1229,1204
1373,1.983785848,0.3471994952,1084,1003,5,41,1089,1044
1374,2.037537085,0.3954218662,997,921,9,34,1006,955
1375,1.742699179,0.174453066,905,896,6,28,911,924
1376,1.796618897,0.4422257505,598,579,3,20,601,599
1377,1.718046384,0.2269127631,1168,1144,8,36,1176,1180
1378,1.804916463,0.1571215605,667,657,0,24,667,681
1379,1.86501067,0.4644590927,1051,1075,3,34,1054,1109
1380,1.727902379,0.1994201856,1258,1221,5,40,1263,1261
1381,2.102525684,0.2254404427,675,615,3,24,678,639
1382,2.035940458,0.01059463867,870,856,3,21,873,877
1383,1.995429702,0.1382890385,1227,1243,8,46,1235,1289
1384,1.898516698,0.338312181,1628,1578,11,54,1639,1632
1385,2.047865821,0.1401336344,1542,1550,8,43,1550,1593
1386,2.172279747,0.3685735225,580,572,1,18,581,590
1387,1.821065485,0.3517642543,1456,1460,5,45,1461,1505
1388,2.014148084,0.1100785725,881,857,3,23,884,880
1389,2.28711533,0.2172548748,667,673,4,18,671,691
1390,1.77853027,0.2487679995,1561,1570,13,52,1574,1622
1391,1.759770936,0.3310357336,1438,1326,6,39,1444,1365
1392,2.160855133,0.0481240679,1482,1458,5,41,1487,1499
1393,2.125900406,0.1708881032,1425,1432,9,45,1434,1477
1394,1.998361164,0.3734161946,745,774,6,21,751,795
1395,2.220754426,0.07641804139,1091,1045,5,26,1096,1071
1396,1.949682232,0.2760879834,757,748,5,23,762,771
1397,1.976589219,0.1809837424,860,863,4,36,864,899
1398,2.233875679,0.3606613949,1397,1321,4,43,1401,1364
1399,1.980642598,0.3535052317,1239,1232,4,45,1243,1277
1400,1.748670181,0.1141909535,775,772,3,19,778,791
1401,2.014515818,0.3592686188,998,973,8,30,1006,1003
1402,2.25856901,0.1913987186,1450,1410,8,39,1458,1449
1403,2.271620487,0.3868246213,1592,1490,4,60,1596,1550
1404,2.220148889,0.2820987664,1257,1225,9,58,1266,1283
1405,1.885651009,0.1024708924,1279,1299,4,30,1283,1329
1406,2.121727799,0.4150136436,1007,988,7,37,1014,1025
1407,1.807064843,0.4964317235,1052,1007,7,33,1059,1040
1408,1.913183863,0.1770010864,1653,1594,7,49,1660,1643
1409,2.17545795,0.1698957755,929,834,3,28,932,862
1410,2.206015851,0.2548687789,870,875,5,21,875,896
1411,2.160811409,0.1652495769,676,679,4,15,680,694
1412,2.065798339,0.3464447105,788,750,3,28,791,778
1413,1.704960878,0.3760599912,1189,1140,5,40,1194,1180
1414,2.181872956,0.08945914875,1227,1246,5,31,1232,1277
1415,2.1672085,0.2352569518,1214,1105,5,51,1219,1156
1416,2.087315856,0.08375827477,911,838,4,25,915,863
1417,1.924317572,0.3270661652,1490,1457,6,54,1496,1511
1418,1.85613348,0.4195233881,920,863,2,32,922,895
1419,2.273477493,0.1882625374,1492,1426,9,41,1501,1467
1420,2.007323762,0.4342289733,679,655,5,24,684,679
1421,1.89667423,0.4622531418,798,800,4,23,802,823
1422,1.820705031,0.4855400192,891,861,6,31,897,892
1423,1.981469945,0.4785011312,1014,933,8,31,1022,964