ID,PHI,K,TP,TN,FP,FN,NHAM,NSPAM
2035,2.020755236,0.727800301,1460,1382,2,43,1462,1425
2036,2.854944801,2.478967727,1902,1707,6,76,1908,1783
2037,2.748761661,0.2569626217,1110,995,9,24,1119,1019
2038,4.383917084,2.009104556,925,836,4,34,929,870
2039,4.989382302,2.344351469,1882,1675,6,103,1888,1778
2040,2.92626447,1.268200484,1649,1614,8,63,1657,1677
2041,2.1261866,0.4745776254,1210,1100,6,36,1216,1136
2042,4.552901944,0.1618993206,1805,1688,8,42,1813,1730
2043,3.166322338,1.028939021,1562,1422,11,64,1573,1486
2044,4.410888779,2.288918725,905,821,4,51,909,872
2045,1.303265573,1.281071687,1593,1541,14,43,1607,1584
2046,1.788030065,1.472321597,1388,1224,9,48,1397,1272
2047,3.819403935,1.72906741,1049,945,6,55,1055,1000
2048,1.072058976,2.312747589,1064,901,3,34,1067,935
2049,1.896623184,2.378459024,1682,1581,9,74,1691,1655
2050,1.46067513,2.216982005,821,834,9,37,830,871
2051,2.280722486,1.767569791,647,623,2,25,649,648
2052,2.208603261,0.132607846,1804,1731,4,44,1808,1775
2053,1.244163222,1.420071868,1366,1260,9,53,1375,1313
2054,1.860230635,0.5723216399,1638,1460,7,47,1645,1507
2055,3.390712167,1.973739912,1803,1669,9,75,1812,1744
2056,3.433095071,1.702041034,1268,1121,4,49,1272,1170
2057,1.444482818,1.052803878,1505,1402,8,58,1513,1460
2058,3.527960743,0.3268820702,1499,1384,5,42,1504,1426
2059,3.534898642,0.6415294615,1040,1012,5,37,1045,1049
2060,2.152829565,1.938004028,1781,1604,6,70,1787,1674
2061,2.243967822,0.3444879294,1372,1282,10,34,1382,1316
2062,3.905071403,1.36624071,1343,1244,9,59,1352,1303
2063,1.191970095,0.5914096901,695,696,9,16,704,712
2064,1.731468574,1.01223306,1320,1245,8,43,1328,1288
2065,1.497160297,1.760210851,1063,939,5,48,1068,987
2066,4.191613402,0.1308695252,1479,1340,6,51,1485,1391
2067,3.377959162,0.07835993346,1273,1173,9,38,1282,1211
2068,4.987647,1.418753072,1373,1168,6,68,1379,1236
2069,1.312205127,1.100852121,700,645,5,17,705,662
2070,2.535674571,2.27404628,1374,1249,10,61,1384,1310
2071,3.761370127,1.572895172,1586,1516,1,68,1587,1584
2072,2.594032695,1.437021115,1473,1385,7,71,1480,1456
2073,3.95982138,0.5590474466,1041,920,4,41,1045,961
2074,3.494823328,0.06856251723,1010,995,4,26,1014,1021
2075,3.280387367,2.184447751,1158,1069,4,55,1162,1124
2076,1.639571383,1.272779005,719,658,0,27,719,685
2077,4.122244423,2.531846148,690,617,6,34,696,651
2078,1.272269782,0.6808216148,1147,1054,7,40,1154,1094
2079,1.804677296,1.910122047,1417,1238,7,63,1424,1301
2080,2.232261395,2.964104733,890,861,6,52,896,913
2081,1.362839295,0.4721176724,1044,967,4,28,1048,995
2082,1.110837978,2.287216362,1470,1357,6,45,1476,1402
2083,1.156467665,0.6610226582,1493,1409,10,34,1503,1443
2084,2.794183912,0.2811056389,1545,1530,6,42,1551,1572
2085,3.472288889,1.604671022,1618,1443,7,85,1625,1528
2086,1.476515567,2.386661703,901,902,3,28,904,930
2087,3.803137567,1.637562849,1057,956,3,48,1060,1004
2088,2.334199252,2.738104092,790,737,2,38,792,775
2089,4.008752948,1.469057089,1113,1108,3,40,1116,1148
2090,3.803452601,2.100983099,1406,1267,4,63,1410,1330
2091,4.48799165,2.528909184,760,735,1,34,761,769
2092,4.929737976,2.927103821,1497,1331,9,99,1506,1430
2093,3.904027676,0.4429638699,1746,1544,5,54,1751,1598
2094,2.866950186,1.986854653,1648,1474,5,82,1653,1556
2095,2.486472203,0.3387922949,887,884,3,26,890,910
2096,1.342901731,1.242342953,1511,1367,7,46,1518,1413
2097,4.97607564,0.05081080282,678,591,3,24,681,615
2098,3.072113031,2.311033618,1647,1497,8,64,1655,1561
2099,4.589329289,1.390742768,1038,903,3,45,1041,948
2100,2.259079388,0.9872634463,1475,1405,9,39,1484,1444
2101,1.265349887,0.5145878057,1373,1316,12,49,1385,1365
2102,2.365601995,2.446594943,1275,1137,3,61,1278,1198
2103,2.579969548,0.3374412304,1677,1621,4,60,1681,1681
2104,1.077613074,1.718844712,1772,1597,10,66,1782,1663
2105,1.082310613,0.106768373,996,1022,6,19,1002,1041
2106,1.729934132,0.6462928828,1682,1609,5,46,1687,1655
2107,3.463553428,2.008993756,940,808,1,39,941,847
2108,2.508800184,2.960578966,1422,1372,4,73,1426,1445
2109,2.611139635,1.598754078,1676,1577,7,65,1683,1642
2110,3.444353362,1.296931429,1011,966,3,48,1014,1014
2111,2.982090491,1.392244508,1806,1603,7,69,1813,1672
2112,2.389703089,2.997332645,1355,1256,4,48,1359,1304
2113,2.959275346,2.951997962,1144,1043,2,49,1146,1092
2114,1.555845143,1.438773231,1546,1431,12,56,1558,1487
2115,1.917572259,0.7608527141,1339,1285,4,37,1343,1322
2116,1.633437417,1.057044644,1287,1162,3,41,1290,1203
2117,2.848666496,2.30835158,1067,954,4,46,1071,1000
2118,3.646408012,2.38722798,1341,1242,4,70,1345,1312
2119,3.037981144,0.898449781,1872,1706,7,72,1879,1778
2120,3.627681561,1.878951567,859,821,2,41,861,862
2121,3.016985021,0.651768969,1608,1523,9,54,1617,1577
2122,3.537126731,1.805662942,1700,1598,11,72,1711,1670
2123,2.143304814,2.653334497,1142,1024,4,59,1146,1083
2124,2.065574512,2.396857631,897,867,7,40,904,907
2125,1.93933729,2.562951605,702,607,4,22,706,629
2126,1.150350429,2.561240048,1524,1518,5,67,1529,1585
2127,2.160429728,2.201835956,1117,1013,4,46,1121,1059
2128,3.280748497,1.65890012,890,819,4,49,894,868
2129,2.247299447,2.236885,695,672,2,35,697,707
2130,4.237515684,2.090200344,1737,1502,4,100,1741,1602
2131,1.927789118,2.100398756,905,897,4,40,909,937
2132,4.284025266,2.741608935,777,703,4,39,781,742
2133,3.26299253,1.33809736,1760,1519,5,67,1765,1586
2134,2.992646003,0.5894930293,1373,1277,4,40,1377,1317
2135,4.504802647,1.956495639,813,729,0,31,813,760
2136,2.07996979,2.67850577,1270,1091,5,41,1275,1132
2137,3.418413156,0.7928655831,1630,1541,10,66,1640,1607
2138,2.608875232,1.534975044,670,607,8,28,678,635
2139,2.445144749,0.3090046911,1840,1656,11,54,1851,1710
2140,2.388665665,1.18480498,1723,1604,10,78,1733,1682
2141,1.2817883,2.847343822,1363,1236,8,50,1371,1286
2142,4.914560103,0.3617541532,686,601,0,28,686,629
2143,2.837827979,2.377417038,1795,1655,8,83,1803,1738
2144,2.351723565,1.599794506,1468,1391,5,54,1473,1445
2145,4.177198767,0.7598749327,1533,1399,12,58,1545,1457
2146,2.163329938,1.890248065,1132,1072,5,48,1137,1120
2147,1.001733289,0.3033820983,1028,944,3,25,1031,969
2148,4.570012122,2.579268043,918,790,4,46,922,836
2149,4.879304293,1.544861811,660,623,3,29,663,652
2150,1.081718995,2.359122113,1067,981,7,29,1074,1010
2151,3.100423761,1.068958733,1774,1723,8,74,1782,1797
2152,2.047718123,0.2121126316,956,810,6,31,962,841
2153,2.634779077,2.234193087,919,832,3,44,922,876
2154,4.551772994,0.4115287072,1730,1614,6,59,1736,1673
2155,1.192386395,2.784976939,1607,1471,14,53,1621,1524
2156,1.766116699,2.486282022,1812,1710,7,78,1819,1788
2157,3.29126691,2.387497609,655,640,5,36,660,676
2158,3.878086,0.3283562254,1420,1370,9,51,1429,1421
2159,1.321018775,2.192109199,730,600,3,30,733,630
2160,3.298929831,0.6075503605,643,657,3,21,646,678
2161,3.453656031,0.2380602024,1669,1673,4,54,1673,1727
2162,1.563821335,0.3063828087,1032,1027,4,29,1036,1056
2163,3.913082577,0.6117519485,1619,1436,8,62,1627,1498
2164,2.990034023,0.03133587044,1116,1067,8,27,1124,1094
2165,2.075577588,2.79903851,1371,1259,9,66,1380,1325
2166,2.216906996,0.8487256042,1625,1487,11,61,1636,1548
2167,2.010564888,0.3324828521,1616,1443,11,55,1627,1498
2168,1.040342343,1.971189465,1903,1688,11,62,1914,1750
2169,3.92980892,2.666596429,1406,1252,7,65,1413,1317
2170,2.706127238,2.424485819,1577,1500,10,71,1587,1571
2171,3.384395397,0.4601165675,1435,1396,8,47,1443,1443
2172,3.885644966,2.976747648,1041,954,1,52,1042,1006
2173,4.783735489,2.171875237,688,622,5,33,693,655
2174,3.748587128,0.7962005998,1230,1180,7,54,1237,1234
2175,4.464554726,0.8549313374,1144,1084,7,45,1151,1129
2176,3.721996719,2.869257676,1834,1636,4,85,1838,1721
2177,3.970882573,2.008044782,1368,1229,4,52,1372,1281
2178,1.125250391,1.098607906,1212,1109,7,37,1219,1146
2179,3.883818625,2.43096496,774,772,5,29,779,801
2180,2.417390534,0.9388316218,1187,1015,4,42,1191,1057
2181,2.171951647,0.6997490471,1533,1355,5,51,1538,1406
2182,2.068434506,2.373466193,1736,1553,5,70,1741,1623
2183,1.907705239,0.7895746531,919,830,4,38,923,868
2184,3.515695382,1.608978577,1241,1127,7,67,1248,1194
2185,1.418437931,2.263112861,889,859,5,32,894,891
2186,1.462989054,1.439357882,1525,1335,7,55,1532,1390
2187,1.090236029,2.28494621,1469,1392,4,50,1473,1442
2188,4.005019317,1.217825214,1558,1540,5,56,1563,1596
2189,1.867183723,2.347718651,1337,1280,6,60,1343,1340
2190,3.388152618,2.34450154,1485,1430,4,64,1489,1494
2191,2.52728989,0.2420927388,1026,967,1,35,1027,1002
2192,3.175536038,2.271721622,1711,1604,7,79,1718,1683
2193,3.7261023,1.136410829,1799,1635,7,84,1806,1719
2194,2.549429685,1.730905705,971,936,4,46,975,982
2195,4.554528115,2.919771405,1609,1484,5,91,1614,1575
2196,4.792617733,1.75601201,1678,1478,7,75,1685,1553
2197,2.788407406,2.453241645,1163,1046,3,59,1166,1105
2198,4.316026846,0.818385333,937,869,3,37,940,906
2199,1.515708084,0.5004849444,1832,1704,5,56,1837,1760
2200,1.178777926,0.7409294732,1229,1153,9,32,1238,1185
2201,2.6866875,1.684010891,742,594,1,23,743,617
2202,4.060189244,2.000078297,905,890,2,47,907,937
2203,3.935268451,2.075847883,1013,986,4,52,1017,1038
2204,2.402489703,0.2828138705,1839,1741,5,51,1844,1792
2205,4.73094532,2.655689583,1308,1257,8,73,1316,1330
2206,1.494081714,0.244610693,1706,1656,13,38,1719,1694
2207,1.145992058,2.20259033,1694,1581,10,66,1704,1647
2208,3.778649599,2.034794505,1373,1237,3,74,1376,1311
2209,4.014488967,2.854742588,1165,1077,4,55,1169,1132
2210,2.121314121,1.009459704,1856,1656,5,58,1861,1714
2211,4.897890837,0.2008147699,1459,1375,5,42,1464,1417
2212,1.241379354,2.152937682,1801,1646,4,66,1805,1712
2213,2.028723683,2.213578104,1709,1549,4,68,1713,1617
2214,4.313535455,1.637239717,1246,1145,7,48,1253,1193
2215,1.070281057,1.700781514,1728,1632,6,49,1734,1681
2216,3.764102252,0.1208272688,650,631,2,13,652,644
2217,3.612550602,2.08329742,1254,1170,5,44,1259,1214
2218,1.459546366,2.466719067,776,726,6,26,782,752
2219,2.201298159,1.241791808,1428,1275,8,51,1436,1326
2220,4.098160728,2.613799335,661,617,5,34,666,651
2221,4.753166881,2.967306058,1371,1245,6,60,1377,1305
2222,3.959435246,2.935269845,1507,1310,5,75,1512,1385
2223,3.885646208,2.903971989,777,728,7,47,784,775
2224,1.244789423,0.2698094001,1627,1476,11,40,1638,1516
2225,1.097457733,2.82026991,707,653,4,25,711,678
2226,2.288250516,1.432536715,803,750,7,20,810,770
2227,1.342195937,0.7265417881,1781,1633,4,58,1785,1691
2228,2.31458374,0.8839616233,916,886,4,33,920,919
2229,4.672876657,1.180535632,805,725,2,32,807,757
2230,4.84331961,2.148644149,1025,977,2,48,1027,1025
2231,2.912272664,2.803203893,1447,1333,7,86,1454,1419
2232,2.250848619,0.1974757454,1260,1217,4,42,1264,1259
2233,3.734949145,1.430927729,934,865,4,37,938,902
2234,3.297768645,2.628035511,1400,1266,5,77,1405,1343
2235,4.230901107,2.655057086,1154,1045,6,53,1160,1098
2236,1.467476028,0.9047865911,1250,1169,5,35,1255,1204
2237,4.505532155,0.4684482606,1510,1379,6,52,1516,1431
2238,1.671806936,1.778367853,877,885,3,32,880,917
2239,1.313176491,1.610437947,1114,1112,9,30,1123,1142
2240,3.054775425,0.5175190018,1412,1231,5,44,1417,1275
2241,2.480111487,1.914466893,1437,1276,8,58,1445,1334
2242,1.356457742,0.2390202367,1734,1552,8,31,1742,1583
2243,2.627585051,2.550110317,1257,1158,5,47,1262,1205
2244,2.478261434,0.5777602621,1046,958,4,46,1050,1004
2245,1.701393266,0.3002698483,1171,1051,6,32,1177,1083
2246,1.959497828,2.461337643,837,840,3,41,840,881
2247,1.949424539,1.90175939,916,810,5,20,921,830
2248,2.082455701,1.194112026,1603,1462,10,57,1613,1519
2249,3.224313537,1.300547624,1468,1350,4,63,1472,1413
2250,4.411417665,1.183425842,1708,1594,11,82,1719,1676
2251,1.267247025,2.098167929,1011,959,2,41,1013,1000
2252,3.393029716,2.315813891,1720,1594,6,91,1726,1685
2253,1.74970565,0.8366986031,1178,1058,6,33,1184,1091
2254,2.661428449,1.478837951,1573,1378,9,79,1582,1457
2255,2.419268562,0.7823457904,1070,959,6,37,1076,996
2256,1.301936131,0.362287728,899,807,3,18,902,825
2257,1.062906796,1.430899159,1811,1653,11,52,1822,1705
2258,1.79814824,0.7724583781,1239,1178,3,42,1242,1220
2259,1.743114961,1.177978575,1262,1199,7,54,1269,1253
2260,1.105336754,1.41643839,758,698,1,38,759,736
2261,1.675674104,0.3281769529,1345,1264,8,31,1353,1295
2262,1.297885925,1.941480321,1856,1715,8,76,1864,1791
2263,3.938462419,1.015307967,1784,1693,7,66,1791,1759
2264,2.649683651,0.5295439615,680,651,3,25,683,676
2265,4.271102631,1.820090484,1047,968,3,55,1050,1023
2266,4.959772016,2.689871595,1134,983,3,55,1137,1038
2267,4.333324365,2.022549819,1234,1129,5,72,1239,1201
2268,2.457265514,1.478242962,1265,1113,7,49,1272,1162
2269,3.346287901,1.465212205,1790,1599,6,69,1796,1668
2270,4.25143957,0.02452514703,1099,1079,5,35,1104,1114
2271,1.188705717,1.695362277,1697,1594,7,68,1704,1662
2272,3.769629142,2.664952407,1618,1554,3,77,1621,1631
2273,4.023560754,2.449092152,785,762,2,46,787,808
2274,2.156839787,1.871430123,1352,1298,9,59,1361,1357
2275,2.202323732,0.5400690866,1222,1175,4,37,1226,1212
2276,3.317463155,1.430751921,1630,1482,8,75,1638,1557
2277,4.105851754,0.7511183298,955,847,5,32,960,879
2278,3.739197899,2.029138753,1697,1567,8,70,1705,1637
2279,2.920650377,2.873941889,771,676,1,33,772,709
2280,4.581638598,2.280693658,918,859,8,45,926,904
2281,1.286245481,2.308857878,1484,1408,10,61,1494,1469
2282,4.026390933,0.059588335,683,660,3,23,686,683
2283,4.120176112,0.3357920488,1304,1176,4,44,1308,1220
2284,2.66009188,1.759848816,844,838,2,41,846,879
2285,1.154827318,2.790996478,1207,1183,13,46,1220,1229
2286,4.920382383,1.197576409,938,849,4,30,942,879
2287,3.615383563,1.534336532,1051,963,3,49,1054,1012
2288,2.272894508,0.2033444516,1340,1217,7,37,1347,1254
2289,2.208247483,1.203312884,1678,1556,9,72,1687,1628
2290,2.238665112,1.779509043,899,862,3,36,902,898
2291,4.97960231,2.960962409,1299,1103,5,68,1304,1171
2292,2.139226458,0.9830991705,674,564,6,22,680,586
2293,4.441349016,1.123980533,1705,1597,13,67,1718,1664
2294,4.7092938,0.2077979562,817,744,3,30,820,774
2295,2.842202101,0.02628594981,1178,1070,8,28,1186,1098
2296,4.287726432,1.586742228,716,600,0,27,716,627
2297,3.716279155,0.02716233491,1798,1694,8,47,1806,1741
2298,2.022263273,0.3571356079,1531,1496,10,42,1541,1538
2299,1.362548179,0.6460838577,688,644,0,15,688,659
2300,3.352776248,0.1128582343,1090,1020,4,23,1094,1043
2301,1.923277629,1.628326632,1378,1308,7,51,1385,1359
2302,2.273363876,2.19543552,824,734,8,50,832,784
2303,2.915542601,0.5259349064,936,803,3,25,939,828
2304,4.237493996,0.6534523938,1371,1324,7,55,1378,1379
2305,1.02268043,0.6770690589,1831,1741,7,55,1838,1796
2306,1.472337172,0.6904118496,1221,1093,9,38,1230,1131
2307,2.368498087,0.2414109149,1631,1507,8,53,1639,1560
2308,1.636384926,1.578704004,1196,1025,3,47,1199,1072
2309,4.497077237,0.6405222959,1230,1203,5,52,1235,1255
2310,2.102480138,0.6146144462,1637,1467,6,49,1643,1516
2311,3.708593669,0.4088100619,1254,1163,6,33,1260,1196
2312,3.811129185,1.203062203,1474,1385,9,69,1483,1454
2313,2.470186501,0.7513613031,695,617,4,26,699,643
2314,1.555750765,1.862343194,931,871,6,35,937,906
2315,1.95023937,1.523743666,864,729,5,20,869,749
2316,3.865706026,1.776352359,1490,1327,7,57,1497,1384
2317,4.446510805,1.520794475,1037,950,2,48,1039,998
2318,2.102941663,1.331753947,1498,1368,8,52,1506,1420
2319,3.984734792,2.65284215,790,730,3,38,793,768
2320,2.288453243,2.985779761,1271,1101,5,65,1276,1166
2321,4.970789146,2.9618781,1330,1173,2,76,1332,1249
2322,2.792659842,0.1275283991,1351,1281,3,44,1354,1325
2323,3.039144521,0.9525220422,1647,1429,4,60,1651,1489
2324,2.800238791,0.04860317358,1016,953,9,24,1025,977
2325,2.868650337,2.592994356,1694,1499,10,95,1704,1594
2326,1.992944293,1.018231896,1798,1739,6,79,1804,1818
2327,2.906229286,0.5508617884,1724,1528,11,61,1735,1589
2328,3.452334173,0.4314198671,1756,1565,9,60,1765,1625
2329,2.309738162,1.284120661,1696,1631,9,59,1705,1690
2330,2.555589906,0.08080746598,1340,1238,8,39,1348,1277
2331,2.073078125,2.208896621,1447,1382,7,64,1454,1446
2332,3.011202013,1.271677337,1126,1018,7,35,1133,1053
2333,3.62753556,1.609932533,781,715,3,43,784,758
2334,1.12549775,2.286491083,1427,1400,11,59,1438,1459
2335,3.595009558,2.013085647,1253,1106,6,57,1259,1163
2336,3.631112722,2.784401676,1721,1591,8,86,1729,1677
2337,1.781116004,1.611862887,1755,1595,8,63,1763,1658
2338,1.556065504,0.6109583148,1796,1647,12,68,1808,1715
2339,1.015053739,1.373290927,812,754,5,24,817,778
2340,4.060144433,2.769192028,1187,1105,1,52,1188,1157
2341,1.318563082,2.374944655,1903,1622,6,76,1909,1698
2342,3.463683102,1.112960395,917,858,6,40,923,898
2343,2.602960988,1.133710269,1658,1560,12,71,1670,1631
2344,3.591928398,0.7344864441,1489,1357,4,59,1493,1416
2345,4.202170452,2.642738362,1088,1023,7,60,1095,1083
2346,1.300827706,1.200064726,1675,1567,11,65,1686,1632
2347,2.707683967,0.1664571283,1142,1083,5,34,1147,1117
2348,2.187096581,2.127616749,698,624,3,43,701,667
2349,2.305237323,0.8002961603,1088,1097,7,40,1095,1137
2350,4.989470922,2.214210444,1136,1089,4,59,1140,1148
2351,2.737640562,2.922686241,1159,1046,5,63,1164,1109
2352,4.028955315,1.458660861,1628,1495,11,82,1639,1577
2353,2.683818592,2.958895757,1253,1124,7,68,1260,1192
2354,1.960949017,2.697576375,651,589,3,35,654,624
2355,1.905377544,2.150888442,1465,1468,7,53,1472,1521
2356,1.100885428,0.7078399511,1444,1409,8,43,1452,1452
2357,2.615802224,2.934869437,1728,1609,11,79,1739,1688
2358,4.806797469,1.239171143,1224,1110,6,60,1230,1170
2359,2.993899927,0.5670374695,1197,1153,5,41,1202,1194
2360,3.182731213,0.7852685157,1359,1234,3,53,1362,1287
2361,3.352631898,1.116297299,1646,1458,6,60,1652,1518
2362,1.456906144,0.369952728,1164,1048,8,31,1172,1079
2363,1.957965455,0.869464483,1152,1042,3,33,1155,1075
2364,3.913664583,1.875395186,809,727,5,46,814,773
2365,2.985544298,2.714142052,943,837,6,39,949,876
2366,3.795087002,0.9560533036,1285,1170,5,56,1290,1226
2367,3.883409908,2.938509012,1577,1482,9,88,1586,1570
2368,3.520363584,1.022113657,996,901,5,48,1001,949
2369,2.551470999,1.6576351,1480,1411,9,80,1489,1491
2370,4.99216464,2.665098188,700,623,4,38,704,661
2371,1.601434449,2.667357819,934,854,2,37,936,891
2372,1.961612,1.589404855,1020,944,3,40,1023,984
2373,1.100886715,0.3711832162,823,732,2,23,825,755
2374,1.439283283,1.09589697,1409,1308,9,39,1418,1347
2375,4.659637951,0.1342271813,648,577,4,24,652,601
2376,2.480041285,1.513967699,871,854,6,31,877,885
2377,3.346888986,0.4443271757,696,652,3,21,699,673
2378,3.722999494,2.987271272,687,611,2,42,689,653
2379,1.063887502,0.5332417744,1704,1626,13,42,1717,1668
2380,4.935704439,0.4980489917,1192,1080,5,41,1197,1121
2381,3.720056937,2.350957236,1285,1130,4,63,1289,1193
2382,3.675828006,0.5361182897,1680,1616,9,61,1689,1677
2383,1.223050228,0.1591192551,895,915,5,18,900,933
2384,1.013744707,2.913718246,657,658,6,25,663,683
2385,2.900396783,1.968622581,921,834,2,39,923,873
2386,1.530501387,1.278368252,1734,1609,7,70,1741,1679
2387,1.910786331,1.866956045,1727,1572,11,72,1738,1644
2388,1.424222304,1.6870871,1461,1370,8,49,1469,1419
2389,4.048997216,0.130720676,1607,1352,5,47,1612,1399
2390,3.37335022,0.658235076,883,826,10,39,893,865
2391,4.976707555,0.009143138294,1484,1391,8,40,1492,1431
2392,3.788178627,1.64587768,785,723,3,35,788,758
2393,2.711955339,0.05380692016,1619,1473,8,37,1627,1510
2394,1.819994366,1.76187979,785,731,6,32,791,763
2395,3.128219981,0.8739889241,1512,1404,9,52,1521,1456
2396,3.628575225,1.968076182,1830,1593,15,90,1845,1683
2397,1.066080855,0.2083100295,1619,1446,9,42,1628,1488
2398,4.770508335,0.0357196572,1738,1582,5,50,1743,1632
2399,3.394645492,2.61173488,739,728,3,27,742,755
2400,1.638484095,0.0276042487,920,868,9,22,929,890
2401,2.473336491,0.9845666553,1507,1330,9,50,1516,1380
2402,2.749457397,0.2943773938,781,715,5,23,786,738
2403,1.593850267,0.003915812425,1039,976,8,16,1047,992
2404,4.387830546,2.505626697,1264,1174,3,68,1267,1242
2405,1.103404136,2.60983029,1424,1233,8,53,1432,1286
2406,3.445980673,2.905345374,1252,1142,4,66,1256,1208
2407,2.569637097,2.419026947,1819,1691,3,79,1822,1770
2408,3.57539877,2.727580471,1211,1167,5,62,1216,1229
2409,1.957219725,2.931917465,895,821,5,47,900,868
2410,3.85232228,2.69073726,1515,1363,3,74,1518,1437
2411,3.825669782,0.2040576114,1145,1034,2,33,1147,1067
2412,3.65672163,2.277035334,1128,1062,4,45,1132,1107
2413,3.540570416,2.288185688,1726,1547,5,82,1731,1629
2414,3.836222264,2.515459255,1255,1177,6,62,1261,1239
2415,1.054921749,2.450799303,653,651,6,30,659,681
2416,2.333638186,1.999103001,1702,1575,2,63,1704,1638
2417,3.747409739,1.771008259,1563,1376,4,61,1567,1437
2418,1.234967613,1.88205518,1145,1064,10,44,1155,1108
2419,3.596315481,2.363928698,1141,1015,3,55,1144,1070
2420,1.837786654,1.400979785,987,961,5,32,992,993
2421,2.797594331,0.7569757135,798,763,5,29,803,792
2422,1.168761409,1.752059424,1340,1207,10,40,1350,1247
2423,4.174452862,2.251223451,1691,1555,5,97,1696,1652
2424,2.900686293,0.2676559023,932,850,7,27,939,877
2425,3.747101395,2.115196101,1519,1335,9,74,1528,1409
2426,1.640751722,2.391668569,1015,966,7,37,1022,1003
2427,1.134248663,0.2937040366,1159,1050,6,30,1165,1080
2428,2.13519537,1.016698469,787,741,3,26,790,767
2429,2.35025733,2.624817419,682,630,4,34,686,664
2430,2.292220291,0.6231796826,677,674,3,12,680,686
2431,1.995038752,1.248777099,1185,1055,8,44,1193,1099
2432,1.927107711,1.917862896,1042,916,6,34,1048,950
2433,3.925584797,0.4332844204,792,736,1,30,793,766
2434,1.560671399,2.671843891,861,806,5,38,866,844
2435,2.73486989,1.489491509,1365,1261,6,58,1371,1319
2436,4.554538082,1.162401211,1281,1092,4,70,1285,1162
2437,2.517596289,0.9308964055,1367,1318,8,52,1375,1370
2438,4.88666822,0.798332409,1170,1053,4,51,1174,1104
2439,3.585554481,0.7319222534,844,846,5,49,849,895
2440,3.413732851,1.421771914,671,603,5,23,676,626
2441,2.150837132,0.5649364092,807,730,3,30,810,760
2442,1.168733478,0.1015243041,1818,1699,9,36,1827,1735
2443,4.834858785,1.782139928,1756,1636,7,86,1763,1722
2444,3.848721221,2.808617297,1251,1176,7,74,1258,1250
2445,3.981591315,1.903670676,1804,1652,11,80,1815,1732
2446,1.676146265,1.975320797,1274,1153,7,59,1281,1212
2447,1.681530368,1.942554586,1707,1581,11,65,1718,1646
2448,3.444477288,2.288102472,1073,1126,7,63,1080,1189
2449,4.854048301,1.848637647,688,640,1,44,689,684
2450,2.822619634,0.5312448713,1586,1415,6,50,1592,1465
2451,4.823395782,1.405419929,1397,1235,5,66,1402,1301
2452,1.223426283,0.9032416419,1287,1167,8,26,1295,1193
2453,1.145293085,1.976230072,1475,1387,14,47,1489,1434
2454,3.407574896,0.4930540559,1263,1115,7,56,1270,1171
2455,1.862098871,1.383848098,1775,1705,7,56,1782,1761
2456,3.403138536,0.4551598569,928,842,4,37,932,879
2457,3.603317417,1.282300487,927,856,4,46,931,902
2458,3.921544033,0.02500980706,1345,1330,3,38,1348,1368
2459,3.017140102,2.345010661,1866,1697,8,81,1874,1778
2460,2.351600682,0.912669795,1376,1256,9,44,1385,1300
2461,3.196275618,1.491023374,1382,1226,4,49,1386,1275
2462,2.435199066,0.6392819655,644,618,3,21,647,639
2463,3.112894329,0.47971546,1808,1701,5,67,1813,1768
2464,2.879707713,1.428788316,1714,1647,9,64,1723,1711
2465,1.104644935,0.308777224,1283,1245,9,27,1292,1272
2466,1.739391557,1.481434586,917,806,5,36,922,842
2467,3.096211679,2.085920275,1878,1683,8,68,1886,1751
2468,2.71597955,2.198737929,1016,977,4,40,1020,1017
2469,4.559242397,2.379234265,1898,1686,5,110,1903,1796
2470,2.000656196,0.6272790625,1576,1445,9,55,1585,1500
2471,1.850136164,0.6686952324,1206,1147,2,35,1208,1182
2472,3.647428633,0.8643037005,800,755,5,31,805,786
2473,2.244519751,1.144682171,1451,1412,9,49,1460,1461
2474,3.872442314,0.6113952127,1637,1453,8,57,1645,1510
2475,3.899290638,2.823950182,780,747,2,35,782,782
2476,1.356531799,1.944815584,1133,1063,7,48,1140,1111
2477,2.884823722,2.116169775,1017,997,4,42,1021,1039
2478,2.333744068,2.658049225,1461,1334,6,72,1467,1406
2479,3.266594569,0.1066275607,1411,1322,5,38,1416,1360
2480,1.050794487,0.7394611579,1623,1452,13,46,1636,1498
2481,3.891842125,0.9947841918,1297,1312,7,58,1304,1370
2482,2.385000991,1.363866229,797,689,2,31,799,720
2483,3.689054622,2.981485231,692,598,2,26,694,624
2484,1.221632112,2.456075813,1443,1385,3,54,1446,1439
2485,3.234079921,1.09488377,1459,1367,5,63,1464,1430
2486,4.626499093,2.511367217,695,647,1,32,696,679
2487,3.927859463,1.475312777,1813,1713,6,88,1819,1801
2488,1.125154305,2.911321399,1442,1220,9,56,1451,1276
2489,3.35301674,0.1937752898,1817,1653,4,51,1821,1704
2490,3.037836932,1.195186128,1729,1648,9,69,1738,1717
2491,1.207882106,0.4782828248,1025,982,3,27,1028,1009
2492,1.096645726,1.070090993,1572,1479,7,45,1579,1524
2493,4.690522922,2.983012727,1635,1490,5,83,1640,1573
2494,3.832184208,2.381188654,1625,1468,9,84,1634,1552
2495,2.016009178,2.576233425,1796,1517,3,77,1799,1594
2496,2.480089119,2.280270926,920,819,0,25,920,844
2497,2.457993619,1.278450006,1626,1432,10,53,1636,1485
2498,2.026234554,0.8351615657,1794,1662,6,57,1800,1719
2499,2.842915863,1.495757239,1153,1014,5,47,1158,1061
2500,1.61113342,1.821900301,717,653,3,28,720,681
2501,4.553103372,1.933163371,1449,1325,4,68,1453,1393
2502,1.165538081,0.3820914968,870,797,9,22,879,819
2503,4.14913898,2.016966746,1257,1096,8,69,1265,1165
2504,3.23014148,0.4280124763,1787,1683,8,61,1795,1744
2505,1.255937464,1.693501089,907,800,4,41,911,841
2506,4.614846969,0.8026627091,1143,1033,7,46,1150,1079
2507,4.699663883,0.5321711602,663,614,3,25,666,639
2508,1.632999331,2.288795064,960,808,6,32,966,840
2509,1.419421317,0.1390364743,1610,1542,10,39,1620,1581
2510,1.438246685,2.296237919,669,649,3,28,672,677
2511,3.394825113,0.6129469938,1851,1692,5,65,1856,1757
2512,4.015807249,0.6773156432,867,830,3,38,870,868
2513,2.399275287,0.6359578908,1553,1421,4,51,1557,1472
2514,3.845407132,2.863894983,1275,1097,7,62,1282,1159
2515,3.767555389,2.918810444,672,585,1,33,673,618
2516,4.663878177,0.8797927144,679,622,5,37,684,659
2517,1.081115865,1.123369376,790,757,5,22,795,779
2518,3.063688569,1.862413145,1225,1120,4,57,1229,1177
2519,2.735169855,0.3958795753,1227,1184,7,49,1234,1233
2520,3.526965642,0.9163790285,1850,1664,5,70,1855,1734
2521,2.576953215,1.301553956,902,858,3,39,905,897
2522,2.852605434,0.2062668963,1697,1435,7,53,1704,1488
2523,1.033372768,0.8790882232,1554,1380,14,31,1568,1411
2524,1.597247775,0.5844020801,1355,1250,3,44,1358,1294
2525,4.166764568,2.156901655,818,742,3,36,821,778
2526,4.51861715,0.0951401413,1742,1565,7,47,1749,1612
2527,1.382026728,1.231327144,1367,1297,7,57,1374,1354
2528,3.974753949,2.765795752,1414,1266,7,77,1421,1343
2529,2.269675801,0.8989331561,1278,1220,5,49,1283,1269
2530,2.06334096,0.3056372635,971,955,7,33,978,988
2531,2.943301113,1.573531182,817,736,3,39,820,775
2532,1.949287272,0.7861069688,1138,1068,6,40,1144,1108
2533,3.460095674,1.771704298,1184,1000,3,45,1187,1045
2534,4.820383494,0.4166984887,1393,1242,9,46,1402,1288
2535,2.264571319,0.8707109679,833,704,2,19,835,723
2536,2.923247918,1.029775371,816,746,1,25,817,771
2537,1.215653809,1.281265721,1035,948,3,33,1038,981
2538,1.948835926,0.917766684,930,859,4,24,934,883
2539,1.629089201,1.684869411,1803,1655,12,86,1815,1741
2540,2.769727694,2.981585985,1128,981,1,52,1129,1033
2541,1.199106303,0.489113312,1376,1305,5,34,1381,1339
2542,2.221163372,0.3464477066,1325,1272,7,35,1332,1307
2543,3.578833004,1.66744619,1068,948,4,43,1072,991
2544,1.187539985,2.328520076,1606,1480,10,61,1616,1541
2545,4.086406743,0.2390976946,1004,948,3,33,1007,981
2546,1.830442882,1.037477916,1503,1384,7,48,1510,1432
2547,4.436148863,0.9021718313,927,847,3,24,930,871
2548,4.591780851,0.08692823851,1658,1575,9,58,1667,1633
2549,2.039373158,2.253981448,723,616,1,20,724,636
2550,3.362178931,2.610242883,777,674,5,32,782,706
2551,1.939785475,1.942545421,1182,1089,7,45,1189,1134
2552,4.882020818,0.7369187698,1105,1041,4,53,1109,1094
2553,2.466902686,0.1554842157,741,704,5,22,746,726
2554,3.657994351,1.3285299,693,671,4,20,697,691
2555,4.192216557,2.529779066,1071,870,3,67,1074,937
2556,3.738171231,2.698275033,966,927,5,47,971,974
2557,1.775962109,2.548429538,1119,1034,5,43,1124,1077
2558,1.136957903,1.468884244,1237,1148,5,34,1242,1182
2559,4.862977378,1.350583037,930,847,3,40,933,887
2560,2.933685044,2.229850408,1601,1476,5,61,1606,1537
2561,1.535693831,1.951781561,926,792,5,38,931,830
2562,4.397877692,2.907363265,1243,1173,5,63,1248,1236
2563,3.122014057,2.236158249,1145,1023,4,47,1149,1070
2564,1.250326393,1.741507593,796,752,1,32,797,784
2565,2.060173605,2.478700982,1875,1692,8,86,1883,1778
2566,1.114905709,0.5428496048,1625,1567,6,44,1631,1611
2567,1.415592919,1.715524966,1163,1059,7,46,1170,1105
2568,4.308506745,0.550012086,1496,1411,10,51,1506,1462
2569,4.02675709,1.926187957,1231,1128,2,74,1233,1202
2570,3.177620213,2.33179457,1819,1646,12,84,1831,1730
2571,1.516568272,1.625182043,1066,1050,4,39,1070,1089
2572,3.038838084,1.136261905,665,592,3,21,668,613
2573,2.528295184,1.448154432,1594,1478,9,70,1603,1548
2574,1.512218874,1.816854376,1775,1615,10,68,1785,1683
2575,2.253471613,2.130893164,1682,1577,8,72,1690,1649
2576,2.278369853,2.12256299,1452,1332,13,68,1465,1400
2577,1.99701971,1.28485098,1662,1617,13,60,1675,1677
2578,3.878637123,0.2699080829,784,749,1,26,785,775
2579,4.582465465,1.645171721,1185,1116,5,55,1190,1171
2580,4.872987232,1.066911963,1029,1000,2,47,1031,1047
2581,2.038058801,1.173734481,1323,1210,5,55,1328,1265
2582,4.723119165,1.930033772,914,857,3,50,917,907
2583,2.968746922,1.357158065,1754,1525,8,64,1762,1589
2584,3.127629497,1.290169562,1795,1676,6,64,1801,1740
2585,3.357515258,0.9299576904,752,597,3,32,755,629
2586,2.651420384,2.800919127,870,809,8,46,878,855
2587,3.233950822,1.361493182,1650,1466,8,58,1658,1524
2588,1.615488404,0.3376031144,1370,1259,6,42,1376,1301
2589,4.106806364,2.291120894,1029,915,7,58,1036,973
2590,3.587527762,2.226009974,1847,1691,6,83,1853,1774
2591,4.613049179,1.042680367,1864,1692,10,69,1874,1761
2592,1.827285488,2.19428691,1022,949,5,39,1027,988
2593,2.720375161,0.2265126759,771,753,4,29,775,782
2594,4.492716405,2.858637642,1792,1671,6,85,1798,1756
2595,4.563791374,1.452942932,1237,1191,6,51,1243,1242
2596,3.287193937,2.468313582,1160,1067,4,54,1164,1121
2597,2.738911881,2.197209387,706,615,1,38,707,653
2598,2.294421023,2.335991321,1264,1148,5,61,1269,1209
2599,2.851074912,2.63188075,1739,1728,8,81,1747,1809
2600,2.334616901,2.340154734,871,847,9,33,880,880
2601,2.508376929,1.728233058,1850,1641,7,66,1857,1707
2602,3.233576632,2.730324258,1391,1272,3,57,1394,1329
2603,2.783926667,1.936446534,1696,1542,10,77,1706,1619
2604,2.186206451,2.075155213,1088,1070,5,43,1093,1113
2605,2.799831705,0.4904200041,1319,1276,12,41,1331,1317
2606,2.886761029,1.830073758,1512,1403,6,70,1518,1473
2607,4.35186391,2.548342061,1457,1377,6,59,1463,1436
2608,2.770946131,2.055706997,781,675,6,28,787,703
2609,2.171643902,0.5589494381,758,661,4,24,762,685
2610,3.418524908,2.46377409,1872,1646,9,91,1881,1737
2611,3.066565863,2.516181164,1163,1039,3,38,1166,1077
2612,2.805760158,2.294411991,1169,1017,6,51,1175,1068
2613,1.580499389,0.7196604948,945,860,3,32,948,892
2614,3.723279871,0.7002263465,1772,1742,10,76,1782,1818
2615,1.594405414,0.3320955652,1686,1532,6,49,1692,1581
2616,1.173057209,0.001930138352,1400,1314,11,32,1411,1346
2617,2.11256977,2.343481411,906,819,0,30,906,849
2618,1.451136062,0.9853974419,1783,1734,12,61,1795,1795
2619,3.571190844,1.196335653,1348,1299,3,66,1351,1365
2620,1.91966463,2.437692176,942,809,4,32,946,841
2621,4.337868381,0.9109265653,1126,1049,4,49,1130,1098
2622,4.154114227,0.8373468179,1363,1267,7,53,1370,1320
2623,2.995377997,1.68653455,1587,1490,6,71,1593,1561
2624,4.83408056,0.08998047597,1076,924,4,30,1080,954
2625,4.937485303,1.200609573,1834,1713,7,75,1841,1788
2626,3.390220201,2.831374434,911,873,1,50,912,923
2627,4.537444585,0.3716741028,1233,1200,9,48,1242,1248
2628,1.764563517,1.419089177,779,754,3,28,782,782
2629,2.16273189,0.3595336836,671,627,3,18,674,645
2630,2.139247136,2.372665003,1717,1531,6,73,1723,1604
2631,3.108947446,1.311547934,881,787,3,30,884,817
2632,1.003780123,2.203926707,1404,1370,10,53,1414,1423
2633,1.213237872,0.214904421,1197,1040,8,32,1205,1072
2634,4.809678095,0.621484783,790,742,6,24,796,766
2635,2.485878426,2.603937853,1828,1614,7,64,1835,1678
2636,1.631729188,1.696291944,1841,1727,9,67,1850,1794
2637,2.913985233,0.7417856583,1106,1037,7,39,1113,1076
2638,2.36724884,0.1548740226,1176,1063,4,29,1180,1092
2639,1.063069008,0.9615692907,1117,1063,8,32,1125,1095
2640,1.384052069,2.569122812,1619,1444,7,62,1626,1506
2641,1.37349714,1.274576319,1269,1197,10,34,1279,1231
2642,2.774435642,1.624595562,675,614,7,36,682,650
2643,4.432843251,0.6768010856,1515,1385,6,61,1521,1446
2644,3.601024256,1.002108927,1038,961,5,27,1043,988
2645,3.724600728,2.829245651,1335,1253,3,79,1338,1332
2646,2.319160898,0.9722210105,966,949,3,42,969,991
2647,4.512125991,1.923962693,907,897,1,44,908,941
2648,2.965641826,2.833431435,1102,1055,8,66,1110,1121
2649,1.18293772,1.280343636,1835,1667,10,54,1845,1721
2650,1.788251349,0.4159203894,1302,1255,5,53,1307,1308
2651,2.030724609,0.1650571314,1501,1361,4,45,1505,1406
2652,2.918077499,0.05717934988,1817,1664,8,46,1825,1710
2653,2.992961585,2.122044123,1323,1326,3,53,1326,1379
2654,2.650093072,1.564540128,1667,1608,4,76,1671,1684
2655,4.791756227,0.9985879196,1212,1138,3,54,1215,1192
2656,4.177591423,0.01013133247,1818,1662,8,41,1826,1703
2657,4.972963548,2.961784872,1113,1034,3,66,1116,1100
2658,2.22507514,2.591589901,1119,1028,4,46,1123,1074
2659,2.324316004,2.469259826,1652,1579,13,75,1665,1654
2660,3.848093424,0.4772466463,664,624,3,23,667,647
2661,2.756408294,2.736093293,897,823,4,55,901,878
2662,4.134560994,1.627151749,731,660,3,33,734,693
2663,3.251557823,0.2848908635,1246,1126,4,51,1250,1177
2664,1.321230236,0.2487561391,1402,1221,3,41,1405,1262
2665,3.017826018,2.653112457,911,822,4,33,915,855
2666,3.4730519,1.893609463,1594,1509,11,76,1605,1585
2667,4.803322819,0.834571118,1743,1520,6,78,1749,1598
2668,3.789730263,2.617055724,830,744,0,44,830,788
2669,2.352890347,1.524290201,1630,1459,9,62,1639,1521
2670,4.852822492,0.489783493,1653,1605,5,74,1658,1679
2671,1.850554684,2.487303326,1298,1171,12,46,1310,1217
2672,2.794175235,2.805426269,825,708,3,29,828,737
2673,4.086762502,1.302803678,897,792,4,39,901,831
2674,4.138746694,0.1874414264,1867,1697,11,57,1878,1754
2675,3.025701312,0.251083728,1618,1432,11,35,1629,1467
2676,2.163671461,0.3751855892,1075,1020,6,36,1081,1056
2677,2.916759746,0.8672183879,1455,1307,4,44,1459,1351
2678,2.27011522,2.702863164,1052,975,6,43,1058,1018
2679,2.609200651,2.539285589,1238,1150,3,67,1241,1217
2680,3.679414952,1.317022093,1545,1413,7,66,1552,1479
2681,2.130396256,2.095934885,1402,1324,7,63,1409,1387
2682,1.479157432,1.477922092,1196,1187,8,40,1204,1227
2683,1.427646186,0.35185561,1712,1550,9,45,1721,1595
2684,3.97719329,1.704071284,728,632,0,39,728,671
2685,1.852898921,1.998163683,693,624,2,24,695,648
2686,3.099002871,2.348301398,1087,1021,7,53,1094,1074
2687,1.613558566,0.9351750115,1242,1160,3,38,1245,1198
2688,3.26021895,0.4308036289,914,860,7,26,921,886
2689,4.006020275,0.002845575879,1530,1402,4,39,1534,1441
2690,2.148805921,2.450936369,1121,1039,7,52,1128,1091
2691,2.48508997,2.514407772,1495,1348,12,85,1507,1433
2692,2.375714942,0.7955454881,1502,1380,9,55,1511,1435
2693,1.755584648,1.582818023,1370,1256,4,45,1374,1301
2694,2.472725755,0.3992730377,668,637,2,18,670,655
2695,1.736948579,0.9145349999,687,647,3,20,690,667
2696,3.382305532,0.1036010441,744,760,4,21,748,781
2697,1.842797103,2.202088143,1878,1689,11,75,1889,1764
2698,3.075220199,0.1370349873,1842,1673,4,57,1846,1730
2699,1.70000169,0.4592664683,836,760,1,16,837,776
2700,3.912763514,2.396247194,691,611,2,32,693,643
2701,4.032341117,2.853180204,920,797,5,55,925,852
2702,2.81351661,1.212265996,987,960,7,44,994,1004
2703,1.453390629,1.39937251,654,661,2,24,656,685
2704,3.616574629,2.574244988,1405,1299,3,58,1408,1357
2705,2.31646184,0.1978436914,1838,1740,6,54,1844,1794
2706,4.156610519,2.867478466,1468,1328,3,88,1471,1416
2707,4.350897887,2.202571807,1345,1100,5,69,1350,1169
2708,4.291610385,1.371565748,1675,1543,7,75,1682,1618
2709,1.787547266,0.9540207148,678,622,2,18,680,640
2710,2.687918654,1.484235908,1094,994,6,50,1100,1044
2711,1.474918795,2.790890355,786,732,6,32,792,764
2712,1.156909827,2.379025635,635,609,3,25,638,634
2713,3.109672249,2.170110867,681,584,1,34,682,618
2714,1.559837949,1.728411636,1244,1127,13,48,1257,1175
2715,1.149805501,0.2047856492,1382,1304,5,30,1387,1334
2716,1.062085887,2.702663774,1710,1545,10,53,1720,1598
2717,2.458235752,0.5545853851,1638,1486,11,52,1649,1538
2718,4.323777689,2.836344903,1040,980,2,63,1042,1043
2719,3.637713398,2.804586635,1233,1184,8,66,1241,1250
2720,3.354113226,2.904104116,1384,1254,4,61,1388,1315
2721,1.923732084,0.903937618,1379,1239,4,39,1383,1278
2722,4.088211139,0.7056952824,1224,1112,7,49,1231,1161
2723,3.223735179,2.144625861,811,713,0,40,811,753
2724,3.637053482,0.3710291785,1150,1053,9,40,1159,1093
2725,1.020338352,2.359047502,1188,1018,8,39,1196,1057
2726,4.898387553,2.000459188,1138,1018,1,69,1139,1087
2727,2.146993895,0.1580649806,1029,912,5,32,1034,944
2728,1.636651622,2.502305778,1845,1659,8,79,1853,1738
2729,1.49585864,0.071856455,1687,1597,6,39,1693,1636
2730,1.757940329,0.4492381981,1381,1269,3,41,1384,1310
2731,2.814084705,1.598432592,1723,1581,10,73,1733,1654
2732,3.922178754,2.819919787,1748,1518,9,86,1757,1604
2733,3.304644602,1.108753509,750,736,7,30,757,766
2734,2.981226867,0.3684278575,785,749,4,19,789,768
2735,2.088544978,2.419405451,1833,1609,9,97,1842,1706
2736,1.173555166,1.907128624,1575,1472,10,63,1585,1535
2737,2.262185345,2.847429629,1214,1034,0,59,1214,1093
2738,4.692175227,1.158685963,1052,948,8,42,1060,990
2739,2.012700791,0.04835609246,1605,1535,11,30,1616,1565
2740,1.4949815,2.630068512,1016,872,6,49,1022,921
2741,2.606176014,1.254169763,1725,1533,6,70,1731,1603
2742,1.702305049,2.53411234,1006,916,5,35,1011,951
2743,4.590593151,0.2363447402,1340,1318,3,43,1343,1361
2744,1.3384532,2.806632338,1397,1255,10,55,1407,1310
2745,3.713221815,1.480570037,692,632,2,29,694,661
2746,2.739003532,1.859809821,1603,1479,6,85,1609,1564
2747,4.655973922,0.05173971238,863,768,4,21,867,789
2748,2.056710411,2.472409801,925,867,7,39,932,906
2749,4.372685021,1.552463944,1173,1091,8,59,1181,1150
2750,3.25021103,0.388565725,995,973,4,46,999,1019
2751,2.971057536,2.882974696,1547,1369,7,66,1554,1435
2752,4.863342915,2.252240804,1362,1254,5,75,1367,1329
2753,4.583212241,2.790624754,1478,1333,6,104,1484,1437
2754,2.284033753,2.217136712,1809,1736,7,76,1816,1812
2755,3.359962201,2.000348389,1349,1283,6,58,1355,1341
2756,3.568779779,2.899254942,1101,1040,2,60,1103,1100
2757,3.020259843,1.456868722,1414,1238,6,62,1420,1300
2758,2.35868643,1.912299043,1276,1174,9,58,1285,1232
2759,1.160373302,1.464767248,1221,1127,10,42,1231,1169
2760,1.23166669,2.237425399,1709,1554,12,78,1721,1632
2761,1.245509928,1.975806008,1448,1377,11,54,1459,1431
2762,4.8705223,1.724156766,823,710,1,36,824,746
2763,2.36347889,1.233009152,1423,1374,11,62,1434,1436
2764,2.765465626,2.38311498,1023,893,4,48,1027,941
2765,4.499295812,2.562893733,1256,1158,7,79,1263,1237
2766,4.445818125,0.2738960976,1020,966,8,35,1028,1001
2767,3.047147632,2.570326342,1814,1567,6,83,1820,1650
2768,3.725886033,0.7252706447,1808,1722,6,54,1814,1776
2769,4.281924388,2.306185284,1364,1299,9,74,1373,1373
2770,4.905557424,2.104728565,1127,1013,2,62,1129,1075
2771,3.902552444,0.08071195095,1380,1319,5,43,1385,1362
2772,4.97180263,2.548455488,1683,1535,6,87,1689,1622
2773,2.964756919,0.8170519622,1150,1037,3,34,1153,1071
2774,2.780658032,0.9021510867,1234,1119,4,45,1238,1164
2775,2.060173061,0.3547240883,1320,1132,6,30,1326,1162
2776,3.128654136,0.6407293891,1729,1550,7,63,1736,1613
2777,4.767728104,0.4349205607,784,778,1,26,785,804
2778,4.445224927,1.462263352,874,854,0,48,874,902
2779,1.233029459,1.389360006,1002,944,5,31,1007,975
2780,3.732387254,1.211583985,645,592,4,25,649,617
2781,3.943543865,2.022446526,706,636,3,42,709,678
2782,2.12517541,0.338506782,1465,1358,6,51,1471,1409
2783,4.991721877,2.638828005,1218,1083,4,54,1222,1137
2784,1.479691547,0.1878256042,1691,1667,5,43,1696,1710
2785,1.795891625,0.800692216,1678,1625,4,43,1682,1668
2786,2.353076495,2.241382121,780,701,9,42,789,743
2787,4.886772981,0.6060758275,654,621,2,24,656,645
2788,2.098153287,0.7208430483,1232,1144,5,42,1237,1186
2789,1.156811238,2.15859348,1496,1396,16,45,1512,1441
2790,2.193557816,0.8824592407,1399,1232,6,35,1405,1267
2791,2.167129844,2.113435284,1258,1154,7,53,1265,1207
2792,3.222790821,2.866894798,1667,1585,10,77,1677,1662
2793,1.199476318,1.612833219,1612,1459,6,56,1618,1515
2794,1.027766256,0.9043557509,1469,1368,10,58,1479,1426
2795,3.221484196,0.7612450586,1790,1656,5,71,1795,1727
2796,2.113368463,1.196071123,1907,1677,6,60,1913,1737
2797,1.019314936,1.222872188,768,741,2,33,770,774
2798,1.401323198,0.987423278,816,760,4,21,820,781
2799,3.431225073,2.518909182,1694,1533,7,80,1701,1613
2800,1.421874139,0.8698101956,827,735,5,28,832,763
2801,4.853172235,2.331853601,975,831,5,48,980,879
2802,2.832951032,2.715290954,1682,1607,9,80,1691,1687
2803,3.052756084,0.3773071387,682,607,2,15,684,622
2804,1.967074726,2.939217844,1238,1110,6,62,1244,1172
2805,1.490559548,2.271858647,938,842,3,34,941,876
2806,1.390530856,1.328363367,984,932,3,36,987,968
2807,3.974079135,0.07012844013,1116,1029,3,43,1119,1072
2808,4.900645566,1.97591911,995,895,3,49,998,944
2809,3.481654578,2.861226658,1032,919,6,70,1038,989
2810,2.793824466,0.2362592879,1360,1247,3,48,1363,1295
2811,2.998400027,2.596311098,1779,1613,3,75,1782,1688
2812,4.688969668,2.683171223,853,847,6,64,859,911
2813,1.341007334,2.52224211,1862,1689,7,71,1869,1760
2814,4.669653414,2.558433135,1463,1344,4,87,1467,1431
2815,1.430877768,0.487466642,938,852,7,26,945,878
2816,4.994642895,1.634747729,698,672,2,29,700,701
2817,2.773387038,2.035209486,1076,943,7,42,1083,985
2818,4.339447606,2.49552677,1157,1028,2,50,1159,1078
2819,3.863810799,2.341450147,900,864,3,56,903,920
2820,4.38589708,1.069534943,1834,1666,13,85,1847,1751
2821,1.44261892,0.3856154134,1004,947,5,27,1009,974
2822,4.580894362,0.9365626313,1452,1336,5,51,1457,1387
2823,1.811777244,2.0614556,1245,1171,4,43,1249,1214
2824,3.379370064,2.093461131,782,717,5,56,787,773
2825,1.47798778,1.07143152,1679,1594,10,60,1689,1654
2826,1.369922856,1.547474072,1421,1366,6,57,1427,1423
2827,4.43109476,1.890502968,684,643,2,38,686,681
2828,3.515071761,1.761885485,913,850,2,52,915,902
2829,1.689112355,1.928615092,777,748,2,34,779,782
2830,2.455136571,0.2925055586,1099,1085,3,36,1102,1121
2831,1.826223745,1.86440793,1764,1542,11,61,1775,1603
2832,2.166270178,2.138499913,1207,1137,4,58,1211,1195
2833,4.19500225,0.3558931761,1753,1584,7,56,1760,1640
2834,4.296922215,0.8210127957,1792,1649,5,77,1797,1726
2835,2.062321031,2.380519982,1844,1730,10,92,1854,1822
2836,4.909003107,2.557415659,1475,1351,6,72,1481,1423
2837,2.844462035,2.812474035,1525,1454,3,61,1528,1515
2838,2.996445264,2.445618726,1048,924,3,42,1051,966
2839,4.349622688,0.2858391707,1662,1484,8,71,1670,1555
2840,3.229732448,2.650088121,1356,1203,8,69,1364,1272
2841,4.092035032,1.686239246,1357,1245,3,66,1360,1311
2842,4.278685412,2.095918547,1892,1649,5,101,1897,1750
2843,3.23217641,2.57968659,1629,1499,8,82,1637,1581
2844,2.467650797,1.115428983,1133,1039,5,36,1138,1075
2845,1.695024007,1.141577682,700,713,4,22,704,735
2846,2.580949621,2.634786286,1637,1580,7,82,1644,1662
2847,2.087553343,0.4319408175,1583,1497,10,55,1593,1552
2848,1.815321235,2.682173859,1341,1273,8,66,1349,1339
2849,4.751008742,0.4663009355,1001,947,4,34,1005,981
2850,2.280937614,0.7867398851,1595,1471,6,60,1601,1531
2851,4.018564212,2.043581745,1141,1071,4,52,1145,1123
2852,3.031577556,2.6442182,1155,995,3,54,1158,1049
2853,1.21865363,2.999863899,901,841,4,39,905,880
2854,1.176828572,2.457867824,678,590,3,21,681,611
2855,3.306277068,0.353999101,854,728,7,22,861,750
2856,1.664456307,1.184946285,1548,1501,11,54,1559,1555
2857,4.318687027,0.8748259194,1624,1433,4,71,1628,1504
2858,2.443894189,0.8665140606,1126,1188,5,40,1131,1228
2859,3.672574487,1.083738317,1468,1376,10,51,1478,1427
2860,3.995660698,0.1747724016,917,808,6,29,923,837
2861,1.183952654,1.776153664,1850,1714,13,59,1863,1773
2862,2.239507698,1.630291073,1781,1579,9,75,1790,1654
2863,3.901937221,1.092194697,1771,1711,8,80,1779,1791
2864,1.513996462,0.3420626615,1122,1075,5,22,1127,1097
2865,1.796309012,2.223047314,1831,1670,6,81,1837,1751
2866,3.294118047,0.02951127157,916,842,6,27,922,869
2867,2.704802376,1.641817147,1166,1076,5,52,1171,1128
2868,4.836238823,0.9528903288,1065,932,6,41,1071,973
2869,1.274647967,2.829623591,1797,1603,11,63,1808,1666
2870,2.781144102,0.793837882,1569,1495,10,62,1579,1557
2871,4.097806237,0.05090875696,676,650,1,23,677,673
2872,1.342895056,0.1820025719,1839,1694,8,51,1847,1745
2873,3.087036164,0.1188124601,1268,1177,7,36,1275,1213
2874,4.51630152,0.7193880525,1486,1345,4,61,1490,1406
2875,1.395570281,2.387294428,1741,1490,7,76,1748,1566
2876,1.857829387,0.6029122235,741,770,3,23,744,793
2877,3.020687803,2.628571842,1123,1017,2,74,1125,1091
2878,3.967083765,2.435994929,1520,1326,5,80,1525,1406
2879,4.073061107,2.886423873,1427,1321,6,86,1433,1407
2880,3.749515824,0.07458989389,1169,1158,4,29,1173,1187
2881,2.564529404,1.124095454,1158,1076,4,32,1162,1108
2882,3.129842587,1.55516011,840,764,4,29,844,793
2883,4.46029255,2.476548054,1803,1661,5,107,1808,1768
2884,1.289465855,1.491607965,1677,1521,11,64,1688,1585
2885,4.667787923,0.09769047786,929,848,6,37,935,885
2886,4.862405291,0.0417998443,1012,920,4,26,1016,946
2887,1.901267599,1.207333082,1000,887,6,44,1006,931
2888,2.76529536,1.597839491,1799,1665,8,70,1807,1735
2889,2.617451688,0.9421818784,1037,919,6,37,1043,956
2890,1.11359138,1.741002925,1737,1576,10,65,1747,1641
2891,1.162877949,0.1467347733,1496,1356,8,30,1504,1386
2892,3.775328192,0.5619147699,1469,1368,6,63,1475,1431
2893,3.52731884,2.076610784,1345,1219,5,67,1350,1286
2894,3.095110851,1.025985101,1026,930,3,38,1029,968
2895,1.655974885,1.434914171,960,967,5,40,965,1007
2896,2.595918816,0.9209963333,1597,1479,9,62,1606,1541
2897,3.296968386,2.361342684,637,618,3,37,640,655
2898,4.769227295,1.917527037,1127,1045,1,53,1128,1098
2899,2.767150777,1.224945193,1046,966,5,43,1051,1009
2900,1.346710135,1.396703109,1792,1681,12,58,1804,1739
2901,3.347356781,2.484775206,1618,1498,8,90,1626,1588
2902,4.834473419,2.222345982,716,614,1,32,717,646
2903,3.599400893,0.9444385756,1287,1217,8,59,1295,1276
2904,3.181109274,2.31852082,1835,1668,9,100,1844,1768
2905,4.03514063,0.4701550269,1147,1079,3,28,1150,1107
2906,4.817004766,1.181289455,1705,1547,6,68,1711,1615
2907,2.64412584,0.9513747159,696,661,4,29,700,690
2908,4.031580314,2.624273255,769,697,3,43,772,740
2909,4.667940211,1.781953195,791,724,1,38,792,762
2910,3.383959938,1.421254482,927,853,3,37,930,890
2911,1.691966182,1.355961865,1276,1160,2,47,1278,1207
2912,4.50622924,2.570982405,705,624,1,41,706,665
2913,3.245363811,1.894092214,1884,1646,9,95,1893,1741
2914,1.756035257,2.419055793,1898,1710,14,63,1912,1773
2915,1.828439794,2.028413742,1612,1441,7,70,1619,1511
2916,2.150934133,1.564459864,1055,930,4,39,1059,969
2917,4.553936651,1.269822839,774,732,1,34,775,766
2918,2.573433241,2.27507587,785,691,2,45,787,736
2919,1.160932691,2.101955109,1202,1116,2,55,1204,1171
2920,1.942097388,0.8442391411,1699,1519,7,59,1706,1578
2921,1.940404801,0.6510552597,922,827,3,24,925,851
2922,3.416543008,2.799174065,905,855,4,49,909,904
2923,4.221325464,2.674691812,960,864,4,64,964,928
2924,1.774345535,1.300297048,897,845,6,29,903,874
2925,3.552669384,1.509797208,1355,1208,6,54,1361,1262
2926,1.660817411,1.282591287,1381,1258,8,50,1389,1308
2927,4.687313155,1.50728754,1175,1021,1,53,1176,1074
2928,3.079871773,1.138564078,1112,1033,12,43,1124,1076
2929,3.779305,0.92874338,811,753,5,24,816,777
2930,2.188778594,2.786090287,1857,1737,7,84,1864,1821
2931,2.156185399,1.919731687,1233,1166,0,52,1233,1218
2932,3.414826911,2.195248204,1786,1629,9,95,1795,1724
2933,2.296566601,0.01492841432,1871,1693,14,53,1885,1746
2934,4.6050673,0.8173619031,931,879,2,39,933,918
2935,3.02753614,0.3188442499,1798,1728,8,61,1806,1789
2936,3.495856607,1.559832294,649,616,5,26,654,642
2937,1.829579087,0.9398334937,1493,1322,5,51,1498,1373
2938,4.650653009,2.160133685,709,620,3,33,712,653
2939,2.900350775,2.815540412,1118,1028,4,60,1122,1088
2940,4.095106546,1.186416749,1627,1475,7,57,1634,1532
2941,4.946563969,1.383832756,1440,1349,4,71,1444,1420
2942,1.325552438,0.9942847231,679,603,2,21,681,624
2943,2.520845704,2.719458236,1131,992,3,61,1134,1053
2944,3.031636088,0.6339726346,782,722,4,22,786,744
2945,4.330458142,1.908266996,961,841,4,38,965,879
2946,4.484654841,1.138042802,1161,1036,3,48,1164,1084
2947,1.993174402,2.252665468,1634,1503,8,79,1642,1582
2948,2.955472159,0.4949056983,1541,1501,4,58,1545,1559
2949,3.422683432,1.422466514,1368,1279,9,47,1377,1326
2950,2.263457797,2.262303222,1022,896,4,46,1026,942
2951,1.364087389,0.1457778516,693,615,4,23,697,638
2952,3.132500089,0.08870790141,1136,1085,4,37,1140,1122
2953,1.912177894,1.671245544,1401,1244,6,51,1407,1295
2954,4.138825258,1.943202787,1265,1184,3,69,1268,1253
2955,2.260673291,1.490314563,681,644,4,27,685,671
2956,3.517034843,1.341802845,1704,1596,8,83,1712,1679
2957,4.451926041,0.9428432835,1223,1116,7,58,1230,1174
2958,4.428059909,1.891782611,1171,977,4,58,1175,1035
2959,3.411349797,2.883180327,1371,1251,2,71,1373,1322
2960,3.507797361,1.947820131,655,628,1,32,656,660
2961,2.468584938,2.488211282,1344,1220,7,54,1351,1274
2962,3.509707319,0.2682304729,1758,1640,10,67,1768,1707
2963,4.208949573,1.62544832,1360,1236,3,67,1363,1303
2964,3.777317265,1.793951692,1792,1663,10,97,1802,1760
2965,1.1959337,2.028489992,1712,1537,6,56,1718,1593
2966,1.709083451,0.5786850339,1128,1084,8,32,1136,1116
2967,3.634340672,0.6270761453,1199,1013,8,35,1207,1048
2968,1.418465464,2.062479883,1040,1001,4,37,1044,1038
2969,2.950676296,2.317932221,909,850,4,47,913,897
2970,1.417966011,0.5489373311,1757,1687,11,65,1768,1752
2971,4.894303412,2.653456705,1822,1671,4,111,1826,1782
2972,1.79500419,0.872320865,737,736,4,23,741,759
2973,4.023563747,2.228666761,1131,1034,4,56,1135,1090
2974,1.697045799,1.132375215,1864,1764,12,60,1876,1824
2975,1.368722558,0.856525854,1166,1129,4,31,1170,1160
2976,4.905096698,1.696851139,1726,1543,6,94,1732,1637
2977,2.617442343,1.078632876,1599,1380,9,59,1608,1439
2978,2.321878425,1.240088245,1040,966,4,39,1044,1005
2979,3.252675237,1.417895524,1596,1461,9,72,1605,1533
2980,3.467726432,1.74027902,1274,1102,7,46,1281,1148
2981,3.901280411,1.930882486,1586,1524,5,86,1591,1610
2982,2.899500425,2.579966171,1743,1544,4,87,1747,1631
2983,3.798776068,1.729652805,1079,946,8,35,1087,981
2984,4.550106897,2.89576157,1650,1448,4,86,1654,1534
2985,3.462375201,2.631854158,820,694,3,34,823,728
2986,3.766383254,2.539211433,798,672,6,37,804,709
2987,2.412435104,2.496282324,1117,1039,4,52,1121,1091
2988,3.073029028,2.005347429,1623,1483,7,78,1630,1561
2989,1.751132362,2.149779188,995,908,3,39,998,947
2990,4.605429169,1.934482215,1748,1543,8,72,1756,1615
2991,1.16314718,0.6683603791,1044,886,9,27,1053,913
2992,4.97097058,2.075758745,1021,855,2,49,1023,904
2993,2.348003295,0.3493848581,1185,1063,3,32,1188,1095
2994,3.389898422,1.395633278,681,629,0,39,681,668
2995,4.586035245,2.228764301,1328,1188,6,66,1334,1254
2996,4.589312506,0.01481705002,1031,963,4,35,1035,998
2997,4.984792943,1.773970361,1177,1002,4,67,1181,1069
2998,4.824178502,1.986166592,1794,1655,10,92,1804,1747
2999,4.320557431,0.7145378073,1263,1194,4,46,1267,1240
3000,2.970428384,2.235776562,1320,1156,3,58,1323,1214
3001,3.065488205,2.625072422,878,786,7,48,885,834
3002,3.268276585,2.186655954,1574,1431,7,80,1581,1511
3003,4.088261835,0.4629427801,1165,1005,4,40,1169,1045
3004,4.106709002,0.5112122382,1663,1551,10,66,1673,1617
3005,3.433744136,2.811336231,930,797,3,53,933,850
3006,2.91355997,2.480172303,1240,1163,10,41,1250,1204
3007,2.300181874,1.604741615,709,617,6,31,715,648
3008,2.024466923,2.42315912,1423,1271,7,61,1430,1332
3009,4.580455884,0.4033185227,689,634,2,20,691,654
3010,3.342155832,1.261004682,903,797,7,40,910,837
3011,4.11958905,1.517081193,910,823,1,36,911,859
3012,3.917025166,1.495358732,1281,1123,8,58,1289,1181
3013,1.313428194,0.451718937,829,757,7,23,836,780
3014,2.702871913,1.96490994,1803,1633,3,86,1806,1719
3015,1.720887149,1.622381184,793,752,3,32,796,784
3016,1.254658065,2.596889423,813,709,9,29,822,738
3017,2.849367418,1.955089265,1579,1351,8,74,1587,1425
3018,2.777487278,2.457675499,1621,1419,8,77,1629,1496
3019,3.219118573,1.881580112,1720,1495,8,71,1728,1566
3020,4.691413875,1.451421323,1482,1371,8,69,1490,1440
3021,3.589023076,1.281594069,1268,1119,6,67,1274,1186
3022,3.049184624,2.723125526,1151,1047,4,61,1155,1108
3023,4.796099529,0.2700228226,1248,1179,5,50,1253,1229
3024,2.655809431,1.049380338,876,824,3,36,879,860
3025,2.713051086,0.3071275144,1636,1460,9,45,1645,1505
3026,2.090920959,0.6524642189,1472,1360,8,49,1480,1409
3027,4.106109618,2.305815647,884,805,4,37,888,842
3028,4.651512582,0.1760757594,1364,1292,3,48,1367,1340
3029,1.221524374,1.011043476,699,641,2,23,701,664
3030,3.242445693,1.304063204,813,748,3,26,816,774
3031,3.705653388,2.089392085,1218,1117,4,56,1222,1173
3032,3.327598613,0.1607813473,1635,1629,2,52,1637,1681
3033,1.230919304,2.252043016,1214,1146,7,50,1221,1196
3034,1.4211021,2.656173695,1765,1646,8,74,1773,1720
3035,4.469065707,1.563908436,1475,1385,8,68,1483,1453
3036,3.071892049,0.8511058794,1870,1660,10,72,1880,1732
3037,4.213441379,2.280635275,1250,1090,4,77,1254,1167
3038,4.928024079,0.6086869511,1815,1603,7,71,1822,1674
3039,4.324203146,2.315249173,1798,1593,8,105,1806,1698
3040,3.904537424,1.027457802,1700,1527,2,66,1702,1593
3041,3.919171743,1.224593943,1010,1007,3,36,1013,1043
3042,1.7394056,2.373432786,1026,910,5,55,1031,965
3043,4.795037106,1.589546399,1437,1246,2,56,1439,1302
3044,4.178989613,2.836431013,1747,1589,7,107,1754,1696
3045,2.249827467,2.24251528,1216,1176,4,53,1220,1229
3046,1.863282742,1.529726899,856,687,2,28,858,715
3047,2.296129375,2.307265365,1507,1335,10,69,1517,1404
3048,4.915960319,0.9468315055,1700,1544,11,75,1711,1619
3049,3.972372893,2.401011895,1152,999,4,63,1156,1062
3050,2.229524484,1.503678301,1372,1273,7,65,1379,1338
3051,1.016831528,2.124482271,1474,1411,5,61,1479,1472
3052,1.182352678,1.52114947,1241,1127,7,35,1248,1162
3053,1.451644344,0.02246345817,825,724,4,15,829,739
3054,3.209826964,2.981964935,700,599,0,38,700,637
3055,2.061555281,1.335058959,731,641,2,29,733,670
3056,4.669991786,2.005490454,898,851,2,50,900,901
3057,2.351267706,1.579755035,1047,963,4,42,1051,1005
3058,2.862439941,2.615505191,1264,1150,8,70,1272,1220
3059,3.61966099,0.4803029462,813,762,6,32,819,794
3060,2.779057275,0.06360581022,1666,1573,10,43,1676,1616
3061,3.010981665,1.040037556,907,851,5,38,912,889
3062,2.164654015,2.719123331,1302,1130,4,61,1306,1191
3063,4.482859511,1.301520552,1683,1591,6,71,1689,1662
3064,1.185169195,0.9717867463,1472,1335,4,48,1476,1383
3065,2.732113994,0.4064205754,1168,1089,7,39,1175,1128
3066,2.279416895,2.429068687,1695,1521,5,74,1700,1595
3067,4.406625598,0.971210342,1829,1676,10,72,1839,1748
3068,2.21299429,0.4452145313,1125,998,4,40,1129,1038
3069,4.314605887,2.010637296,802,751,2,44,804,795
3070,1.949329433,1.315933142,1389,1278,7,49,1396,1327
3071,2.988477139,2.869561807,1557,1441,3,76,1560,1517
3072,1.758233196,2.315031713,1210,1048,9,46,1219,1094
3073,3.576402248,0.8268458074,1754,1653,5,66,1759,1719
3074,4.781790201,0.8621496694,942,861,4,31,946,892
3075,2.543579102,0.6054502106,849,763,4,25,853,788
3076,4.840026504,2.765531171,1378,1223,2,89,1380,1312
3077,3.155547374,1.940576755,1123,1036,6,59,1129,1095
3078,3.421969539,1.299053411,1412,1228,5,54,1417,1282
3079,2.591688185,1.073700144,1259,1178,3,38,1262,1216
3080,4.451092717,2.833436328,958,845,1,31,959,876
3081,1.732631773,0.06616295383,1558,1457,8,34,1566,1491
3082,1.592311389,2.270637585,1498,1312,9,55,1507,1367
3083,3.856803584,0.7658215515,1397,1238,2,49,1399,1287
3084,4.760405216,2.842186171,822,743,4,46,826,789
3085,2.768459784,1.28387262,1226,1128,8,52,1234,1180
3086,3.609914723,0.08522961953,1275,1163,7,33,1282,1196
3087,2.55007789,0.3676583644,1119,999,7,33,1126,1032
3088,3.285309224,1.721292842,1794,1691,8,86,1802,1777
3089,4.441140738,1.01656364,1721,1577,6,72,1727,1649
3090,3.490496896,1.387782485,1493,1355,6,61,1499,1416
3091,2.195832856,0.7654749365,1596,1537,7,50,1603,1587
3092,4.974507593,2.439913318,1362,1239,2,79,1364,1318
3093,1.88097287,0.1405224182,1323,1228,1,29,1324,1257
3094,4.720635877,0.980475773,1252,1174,4,57,1256,1231
3095,3.759961434,1.378734535,1352,1261,4,59,1356,1320
3096,1.900676988,1.377226817,763,741,4,35,767,776
3097,2.500072546,0.5506184002,1882,1676,6,61,1888,1737
3098,2.689420592,0.7542730265,796,719,3,27,799,746
3099,2.236894098,2.713555244,1104,1075,5,58,1109,1133
3100,3.097843718,0.06022188851,1342,1219,4,41,1346,1260
3101,4.828181846,1.076168885,1641,1493,5,76,1646,1569
3102,4.033486119,0.7562518176,1148,1027,3,49,1151,1076
3103,4.178197567,0.08996973344,1711,1615,7,32,1718,1647
3104,1.157788491,0.1773473306,657,651,3,11,660,662
3105,2.487139111,2.612031588,1621,1482,7,66,1628,1548
3106,2.310242734,0.5138779044,1362,1281,10,39,1372,1320
3107,4.467561638,2.382222544,1051,943,3,58,1054,1001
3108,4.669532608,1.846145631,1152,1039,6,50,1158,1089
3109,3.644446482,0.6267356183,1834,1624,4,76,1838,1700
3110,2.106180923,1.51554434,971,949,4,45,975,994
3111,4.558354932,1.860093567,1544,1413,4,80,1548,1493
3112,1.271209331,2.924883241,716,583,3,37,719,620
3113,3.73203237,1.687887947,1032,1061,5,53,1037,1114
3114,3.817571228,1.387581141,685,631,3,37,688,668
3115,3.700652467,2.382075231,1256,1113,7,60,1263,1173
3116,1.493611759,2.142720202,1017,933,3,40,1020,973
3117,3.325328603,1.330272522,1671,1470,8,60,1679,1530
3118,1.362752168,1.407456782,1327,1278,5,50,1332,1328
3119,4.860213354,0.03209131822,784,781,3,27,787,808
3120,4.293589024,0.5789353891,1387,1262,7,54,1394,1316
3121,4.734756932,1.534683233,778,736,3,45,781,781
3122,3.667743204,0.3939943106,1616,1540,5,57,1621,1597
3123,2.556386674,0.380657158,696,644,5,21,701,665
3124,4.237866418,0.4173194646,891,854,3,22,894,876
3125,1.127962644,1.078621335,1247,1171,9,36,1256,1207
3126,1.402444595,2.435852841,1893,1664,9,92,1902,1756
3127,2.266549795,0.7683693049,1886,1716,8,68,1894,1784
3128,1.798525354,2.134806354,1838,1709,6,73,1844,1782
3129,2.455879455,1.313515696,751,737,7,40,758,777
3130,2.962786896,2.366563481,975,918,3,42,978,960
3131,1.143849828,2.91590821,1155,986,5,50,1160,1036
3132,3.299339967,1.069429452,1429,1330,9,49,1438,1379
3133,1.252862063,0.6307611615,1779,1718,9,48,1788,1766
3134,2.20112789,1.766601814,799,726,1,32,800,758
3135,1.421113076,1.016551716,706,668,3,16,709,684
3136,3.990471424,0.5211553953,1519,1319,9,54,1528,1373
3137,3.154878853,1.868307918,684,612,3,20,687,632
3138,4.193637381,2.991486173,1675,1372,4,81,1679,1453
3139,1.732003521,2.305856041,700,707,3,31,703,738
3140,1.673062353,2.168063809,802,724,6,29,808,753
3141,3.58836152,1.799444557,1315,1223,7,58,1322,1281
3142,2.052356636,0.6282326335,1785,1690,7,77,1792,1767
3143,1.979233352,2.36369809,1773,1582,8,74,1781,1656
3144,4.761149672,1.918804096,1638,1504,3,90,1641,1594
3145,4.787123403,0.8469335259,1688,1521,10,76,1698,1597
3146,4.512718949,1.64262034,1369,1226,9,75,1378,1301
3147,4.479015104,2.216192482,861,752,4,44,865,796
3148,4.602662356,0.9045174191,846,773,4,38,850,811
3149,1.353025459,2.772890964,673,652,4,33,677,685
3150,1.257171959,0.2732388841,1444,1365,8,49,1452,1414
3151,1.909769929,1.510064558,1116,1066,5,34,1121,1100
3152,4.517182544,1.797799827,1754,1541,5,77,1759,1618
3153,4.134297207,1.392872856,1727,1602,9,73,1736,1675
3154,1.723662758,1.604489815,1011,920,5,45,1016,965
3155,4.4648174,0.958830181,1856,1722,9,71,1865,1793
3156,2.726396562,1.332609916,1707,1601,8,75,1715,1676
3157,2.696524353,1.57721418,1029,918,2,47,1031,965
3158,2.27787724,0.06326776119,1576,1438,4,53,1580,1491
3159,1.690582049,1.28290961,893,786,5,42,898,828
3160,4.092083432,0.7627878856,1220,1192,5,40,1225,1232
3161,1.217444659,2.627364749,1643,1480,6,64,1649,1544
3162,1.061614201,0.6006216778,1460,1420,8,41,1468,1461
3163,2.989637273,2.387831931,972,822,6,43,978,865
3164,1.031003439,2.512415482,1379,1265,6,40,1385,1305
3165,2.935160321,1.291192312,889,894,9,29,898,923
3166,3.079789168,1.227691253,1837,1722,8,62,1845,1784
3167,1.555875213,0.7257127093,680,614,3,23,683,637
3168,2.026081731,1.593389099,1687,1606,8,71,1695,1677
3169,4.124390214,2.059146148,933,848,4,52,937,900
3170,3.08089718,1.486194289,1054,910,1,46,1055,956
3171,2.354317472,0.6113981553,1836,1767,10,56,1846,1823
3172,3.642057304,2.008901942,1522,1333,4,59,1526,1392
3173,3.127710407,1.860881655,1580,1460,10,73,1590,1533
3174,3.758958594,2.955925974,815,744,4,42,819,786
3175,2.87756551,0.7847740006,667,627,3,17,670,644
3176,1.994013193,1.150299807,1500,1449,10,60,1510,1509
3177,2.740353351,0.776398719,776,716,6,21,782,737
3178,4.708633314,0.7192185009,1462,1386,5,59,1467,1445
3179,3.450877574,2.099703409,918,881,1,43,919,924
3180,3.993214542,0.3277750334,807,700,4,25,811,725
3181,4.875048796,0.1433305086,1103,1044,3,50,1106,1094
3182,4.639638685,2.53891738,1148,1114,4,55,1152,1169
3183,3.878529386,2.150074378,1190,1122,6,65,1196,1187
3184,1.089723055,0.4366962521,1428,1390,11,35,1439,1425
3185,3.218567832,1.100494352,1255,1184,7,49,1262,1233
3186,3.169491356,1.233337016,1254,1120,6,42,1260,1162
3187,4.121059135,0.3734799978,1841,1656,7,59,1848,1715
3188,3.33587999,1.289817063,1011,896,4,43,1015,939
3189,2.889408058,1.032147234,1017,957,5,34,1022,991
3190,4.540630676,0.2344473573,703,636,2,27,705,663
3191,2.729157404,1.797260599,675,633,1,26,676,659
3192,3.264721693,1.211360837,1043,974,1,53,1044,1027
3193,2.079342446,0.5867174671,1027,904,9,41,1036,945
3194,1.114509388,0.01704372394,934,827,4,18,938,845
3195,3.64328388,2.444962249,1553,1444,2,75,1555,1519
3196,3.715127721,0.1122996491,1749,1528,9,48,1758,1576
3197,2.620593592,0.6423420996,803,728,1,30,804,758
3198,3.963522908,2.808237677,897,833,4,44,901,877
3199,3.049489289,2.093939775,1658,1582,7,74,1665,1656
3200,3.494378383,2.521869251,1568,1479,7,81,1575,1560
3201,2.647847731,1.526090683,691,639,5,23,696,662
3202,1.107415082,1.113584092,1323,1262,5,42,1328,1304
3203,1.86298633,1.236312018,1185,1070,6,45,1191,1115
3204,4.878609461,0.5256200392,890,870,5,43,895,913
3205,3.550149246,2.14965258,719,637,5,34,724,671
3206,1.315229002,2.928408265,699,619,3,35,702,654
3207,3.32598136,2.141018232,1308,1242,1,71,1309,1313
3208,3.277350585,1.913478005,1647,1434,10,74,1657,1508
3209,1.510529705,1.016014863,1830,1661,9,43,1839,1704
3210,3.973968603,0.2458520909,999,988,2,31,1001,1019
3211,4.926429504,0.5032587384,1082,1030,2,41,1084,1071
3212,4.381791837,2.613224585,1587,1443,4,81,1591,1524
3213,4.177754127,0.1048482423,1091,953,2,31,1093,984
3214,3.078922719,1.952730725,1056,963,5,51,1061,1014
3215,4.444571363,1.623059119,1430,1226,6,64,1436,1290
3216,2.951900424,1.603119389,1416,1295,9,68,1425,1363
3217,4.293343772,2.902516208,1160,1016,6,64,1166,1080
3218,4.709509978,1.485539989,1152,1031,2,48,1154,1079
3219,2.180711007,0.5962694368,911,854,2,38,913,892
3220,2.16297732,0.4285588557,770,720,2,31,772,751
3221,1.554990834,0.1145340928,1732,1671,4,41,1736,1712
3222,4.272325659,0.9509085857,1717,1612,5,63,1722,1675
3223,3.598192894,1.4599755,995,929,7,60,1002,989
3224,2.14298168,0.2990263162,1841,1679,7,61,1848,1740
3225,2.830917055,1.699938574,760,727,3,48,763,775
3226,1.154957807,2.265940484,1480,1378,10,59,1490,1437
3227,3.374655549,2.153361778,1549,1393,4,87,1553,1480
3228,1.982516233,0.09701195137,825,743,3,28,828,771
3229,1.759903925,2.389576147,1397,1301,8,54,1405,1355
3230,4.129653775,2.350591097,1038,910,4,43,1042,953
3231,1.662319009,1.192633947,1749,1599,8,57,1757,1656
3232,2.005756644,2.566861635,830,736,5,26,835,762
3233,3.401554884,0.987134072,916,865,3,43,919,908
3234,2.47257836,1.333951295,1109,1053,10,48,1119,1101
3235,1.205094668,0.8921430715,698,637,4,22,702,659
3236,1.317759279,0.4514262386,1526,1366,14,35,1540,1401
3237,4.912258239,0.07024504214,1015,964,4,34,1019,998
3238,1.888042742,2.484421251,897,789,3,34,900,823
3239,2.948154037,1.223673391,689,618,3,25,692,643
3240,4.384883227,2.699552255,1351,1256,4,75,1355,1331
3241,2.997628735,2.133057585,1040,925,5,55,1045,980
3242,1.64155557,2.531766222,686,626,3,38,689,664
3243,3.091222954,0.1966253284,904,872,7,37,911,909
3244,1.055663753,1.701809336,1426,1379,7,50,1433,1429
3245,1.817210313,0.03870311119,1357,1200,8,28,1365,1228
3246,4.156594784,1.810082805,1611,1476,6,63,1617,1539
3247,4.679754548,1.240080197,1451,1340,8,58,1459,1398
3248,4.678240794,2.07506546,1366,1263,9,60,1375,1323
3249,3.306454649,0.5165819716,1138,1052,3,37,1141,1089
3250,3.17588961,0.7069869505,655,636,2,22,657,658
3251,4.937503297,2.724886279,1225,1135,3,76,1228,1211
3252,3.035945377,0.1013091804,1625,1579,8,53,1633,1632
3253,3.656368447,1.748171171,1167,1098,6,52,1173,1150
3254,4.774478523,2.636394117,1591,1450,6,81,1597,1531
3255,1.418906177,1.572737949,1246,1128,4,38,1250,1166
3256,3.090307429,1.997594981,945,854,5,29,950,883
3257,1.010156437,2.53766028,1267,1124,6,39,1273,1163
3258,4.656463873,2.963650234,1175,1059,5,66,1180,1125
3259,4.787871042,2.155896436,1240,1111,6,63,1246,1174
3260,3.961667078,1.069279189,776,753,5,37,781,790
3261,4.231648145,0.977965194,1589,1401,7,72,1596,1473
3262,2.937482058,1.454580551,986,890,4,44,990,934
3263,2.175921711,0.6482408173,1089,1037,7,39,1096,1076
3264,1.462618248,1.230171553,1438,1307,8,61,1446,1368
3265,1.170412629,0.7296114151,922,820,4,26,926,846
3266,2.357827055,2.367757043,644,636,10,26,654,662
3267,1.091817371,2.470978727,1820,1636,8,69,1828,1705
3268,3.725836862,0.7786048044,1282,1152,7,35,1289,1187
3269,4.010623236,2.049153101,910,852,2,42,912,894
3270,4.070152919,1.71283195,1672,1536,9,77,1681,1613
3271,1.638994023,0.7861342739,1609,1482,2,46,1611,1528
3272,3.291274264,0.3573083355,654,652,6,22,660,674
3273,3.79330429,2.306311821,697,587,2,24,699,611
3274,1.315576817,1.072464433,679,638,2,20,681,658
3275,4.662590097,1.549458962,1642,1513,9,73,1651,1586
3276,4.670268076,2.650561562,933,862,5,47,938,909
3277,4.113002858,0.2673822396,1267,1136,6,37,1273,1173
3278,1.193642049,1.240845678,1579,1479,9,43,1588,1522
3279,2.100117281,0.9262969877,893,840,3,35,896,875
3280,4.096393426,0.2554880054,1167,1049,4,35,1171,1084
3281,4.003956293,2.054729076,1720,1561,4,76,1724,1637
3282,4.843722561,0.8416785774,1305,1289,5,40,1310,1329
3283,4.723792734,0.03355045596,1849,1742,9,50,1858,1792
3284,4.927247724,1.514213236,680,657,3,36,683,693
3285,3.728962435,1.398729378,629,630,0,18,629,648
3286,1.629853614,1.188684493,1227,1132,5,50,1232,1182
3287,4.870117388,2.69447207,663,598,4,37,667,635
3288,1.24249092,1.142868157,703,626,5,23,708,649
3289,4.844365393,2.652662571,1305,1137,4,80,1309,1217
3290,2.732340768,0.7742943051,1034,953,4,26,1038,979
3291,1.360941457,0.9804881821,858,720,3,17,861,737
3292,3.29676522,2.158064071,1097,958,3,42,1100,1000
3293,3.75619182,2.704002638,695,600,3,36,698,636
3294,3.829401853,1.446501323,705,623,2,30,707,653
3295,4.619495851,2.408697634,1345,1307,2,71,1347,1378
3296,3.679324907,1.199377357,1377,1317,4,57,1381,1374
3297,3.497079068,2.856037071,1819,1657,5,98,1824,1755
3298,2.923008536,2.610337551,1486,1315,9,79,1495,1394
3299,2.794274628,0.7666480913,1173,1021,1,46,1174,1067
3300,1.03989067,1.199611441,897,806,7,30,904,836
3301,3.280397925,0.8972725245,1725,1594,10,61,1735,1655
3302,4.91227898,2.67830235,1035,921,6,53,1041,974
3303,1.344333828,1.539019902,1096,1010,8,27,1104,1037
3304,4.465058566,0.1918982029,1670,1535,5,47,1675,1582
3305,3.279339348,0.7611481812,796,758,5,31,801,789
3306,3.084188145,1.971759261,879,801,3,34,882,835
3307,4.301635114,0.6303830709,1700,1519,6,65,1706,1584
3308,2.394444036,2.527964149,1591,1473,8,74,1599,1547
3309,3.332521855,2.120261656,1590,1447,7,65,1597,1512
3310,4.158348442,2.878730876,899,881,2,52,901,933
3311,2.64178954,1.870115979,801,704,3,25,804,729
3312,4.45185745,1.453766173,827,736,1,36,828,772
3313,2.468930646,1.045757939,672,638,4,27,676,665
3314,3.849823073,1.382025619,1423,1370,6,54,1429,1424
3315,1.368656799,1.503190115,713,644,4,25,717,669
3316,2.479104056,1.35636803,663,613,4,33,667,646
3317,2.991441656,1.13921786,1148,1058,5,42,1153,1100
3318,3.65541228,1.184533955,663,595,4,26,667,621
3319,2.703807353,1.75123087,1842,1646,11,81,1853,1727
3320,4.736261349,0.8990940657,918,847,3,34,921,881
3321,2.094597817,2.345442912,763,810,1,31,764,841
3322,4.602873229,2.518704708,1808,1611,7,98,1815,1709
3323,4.861961056,2.59761583,1595,1482,4,90,1599,1572
3324,1.493692954,0.9847505633,1252,1210,10,37,1262,1247
3325,2.350043287,2.524549903,1014,906,7,46,1021,952
3326,1.422796049,0.264078164,996,971,1,15,997,986
3327,3.557994574,0.8448645703,1199,1104,4,50,1203,1154
3328,4.437543387,0.2436712054,1411,1386,6,49,1417,1435
3329,2.046361021,2.436881048,894,852,4,41,898,893
3330,2.926214218,1.209797545,1490,1370,3,49,1493,1419
3331,4.293526956,0.749177848,1570,1471,7,79,1577,1550
3332,1.772459042,0.8404471451,1802,1631,9,56,1811,1687
3333,3.284538366,2.839661314,714,613,2,38,716,651
3334,3.296181355,1.478153649,909,842,1,36,910,878
3335,2.24257247,2.6320511,1379,1336,7,63,1386,1399
3336,1.80983318,2.457792156,1597,1479,6,75,1603,1554
3337,2.269535149,0.2652689104,1688,1543,7,61,1695,1604
3338,4.302257843,0.4679149963,1778,1719,5,73,1783,1792
3339,4.945660415,0.0290545049,1593,1507,11,47,1604,1554
3340,3.974688121,2.741678203,653,617,3,41,656,658
3341,4.591047119,1.27038373,1089,928,5,48,1094,976
3342,4.375847106,0.544942233,1684,1546,8,72,1692,1618
3343,3.785861204,0.1139702366,738,772,3,28,741,800
3344,4.674638999,2.659478909,1712,1620,7,91,1719,1711
3345,2.958623513,0.2842087717,876,860,3,23,879,883
3346,2.181253791,0.412305502,1221,1139,6,49,1227,1188
3347,3.097625057,2.711848882,1661,1557,6,93,1667,1650
3348,3.787267445,2.75639943,1574,1324,4,76,1578,1400
3349,2.899430504,0.9223079588,1752,1653,4,64,1756,1717
3350,4.854996029,1.648040783,1376,1252,10,56,1386,1308
3351,1.473649902,2.90530573,1240,1141,4,49,1244,1190
3352,3.177129104,0.5064114663,1001,975,2,36,1003,1011
3353,1.933027376,2.1595238,1638,1579,4,74,1642,1653
3354,1.524028615,2.279249951,1224,1159,7,56,1231,1215
3355,3.522177079,1.623823129,1237,1196,4,72,1241,1268
3356,2.735617158,1.353150647,619,638,7,28,626,666
3357,4.728296596,0.2195382795,1867,1768,5,63,1872,1831
3358,4.322627365,2.864502209,1287,1121,5,78,1292,1199
3359,4.136929674,1.941713163,925,856,2,44,927,900
3360,1.62014697,2.919095057,706,638,4,36,710,674
3361,2.036232508,1.274737221,1455,1338,6,40,1461,1378
3362,1.458016309,2.554669133,1346,1253,7,68,1353,1321
3363,4.337214593,0.325446584,669,615,0,18,669,633
3364,1.639208039,2.71440083,1119,1021,3,52,1122,1073
3365,3.603288777,0.4969043511,1733,1608,6,53,1739,1661
3366,2.822519354,0.8489432132,1263,1132,5,39,1268,1171
3367,3.642115808,2.549488137,1680,1524,4,91,1684,1615
3368,2.036859789,2.869163069,908,792,3,43,911,835
3369,2.51878782,2.107689187,1562,1494,6,76,1568,1570
3370,3.359713323,2.240984667,1654,1480,6,77,1660,1557
3371,3.732522879,0.6265527074,1872,1708,10,67,1882,1775
3372,2.26332485,0.7113374834,1580,1480,6,53,1586,1533
3373,2.820071288,2.747274327,1754,1629,7,74,1761,1703
3374,2.433128928,2.754072402,1619,1460,2,65,1621,1525
3375,4.339884462,2.761398483,696,609,4,36,700,645
3376,1.024706559,2.398031055,1601,1497,11,58,1612,1555
3377,2.783013303,1.711961464,1481,1364,5,60,1486,1424
3378,2.080083605,1.63773146,890,838,3,25,893,863
3379,1.799807521,2.297103357,802,714,5,36,807,750
3380,4.915575376,2.531426335,1257,1122,4,74,1261,1196
3381,2.41239134,0.5789027336,1615,1482,6,46,1621,1528
3382,1.370235717,1.542606931,968,859,6,22,974,881
3383,1.110216074,1.044786095,660,654,7,18,667,672
3384,1.904869732,1.56841325,1229,1182,5,53,1234,1235
3385,3.886316235,2.536088446,708,656,1,40,709,696
3386,4.661535924,2.42289995,1161,1073,4,57,1165,1130
3387,4.048352496,1.172711617,1831,1702,10,88,1841,1790
3388,4.433967636,1.018761222,918,836,6,41,924,877
3389,2.496404235,1.723161566,829,758,4,35,833,793
3390,2.992632549,2.351300903,1788,1597,11,79,1799,1676
3391,3.347314324,2.425784767,1378,1250,7,66,1385,1316
3392,4.614687522,2.918236736,801,718,4,43,805,761
3393,4.294967882,0.5589666756,1580,1441,4,55,1584,1496
3394,4.226395172,2.961298432,1323,1209,3,69,1326,1278
3395,2.5806356,1.257163918,1056,1045,9,41,1065,1086
3396,3.827493504,1.719118557,1677,1469,10,72,1687,1541
3397,2.795686139,0.9163393216,1213,1156,4,35,1217,1191
3398,3.349465508,0.6654027935,1167,1059,5,39,1172,1098
3399,2.038693233,0.0628392555,698,676,3,16,701,692
3400,3.213295239,2.37813063,869,844,4,43,873,887
3401,4.470671645,0.1748418572,1700,1553,4,60,1704,1613
3402,1.196726523,0.3016730802,1869,1706,7,55,1876,1761
3403,1.053771833,1.354850408,1251,1119,8,33,1259,1152
3404,2.501994941,1.095214321,1588,1576,5,59,1593,1635
3405,1.985896251,1.576986963,1926,1686,4,75,1930,1761
3406,1.330210702,2.264541518,1708,1597,7,65,1715,1662
3407,1.470392326,1.597070805,1711,1534,8,60,1719,1594
3408,3.942687678,0.683071889,972,981,3,35,975,1016
3409,1.657894477,2.231332534,960,899,5,37,965,936
3410,4.583337085,1.135802532,954,842,6,47,960,889
3411,3.569869787,2.08815107,1294,1102,4,55,1298,1157
3412,1.124531159,1.242656959,1731,1601,8,50,1739,1651
3413,4.213160599,0.4785933602,1441,1391,8,48,1449,1439
3414,3.715409508,1.261281854,1775,1660,7,72,1782,1732
3415,1.367176305,0.8304992096,1879,1726,12,69,1891,1795
3416,4.491049917,1.527953256,1526,1362,8,71,1534,1433
3417,1.859493062,1.843230988,1004,1012,3,31,1007,1043
3418,1.30448405,0.01278775414,1556,1454,13,40,1569,1494
3419,2.805385663,2.076119825,1181,975,4,59,1185,1034
3420,3.474429814,1.636887718,1503,1433,4,86,1507,1519
3421,3.66563601,1.856108007,1590,1447,8,63,1598,1510
3422,4.728123198,1.614431551,1844,1654,6,81,1850,1735
3423,3.580208632,2.79185113,906,790,6,27,912,817
3424,1.691118699,0.7021386298,1007,972,3,29,1010,1001
3425,2.748695688,1.816557189,687,591,1,29,688,620
3426,4.308058337,1.781419283,988,897,4,44,992,941
3427,2.725025359,2.565148249,1311,1179,4,58,1315,1237
3428,3.838324816,0.3174178748,1740,1628,7,58,1747,1686
3429,3.894667159,1.165795966,692,609,1,28,693,637
3430,2.097126132,2.909742459,693,651,2,24,695,675
3431,2.48103912,1.507383631,1802,1727,9,79,1811,1806
3432,2.334419938,2.41763994,1729,1520,14,75,1743,1595
3433,4.662320209,0.03914244359,802,705,5,14,807,719
3434,1.444134201,0.7457559685,1687,1560,5,46,1692,1606
3435,1.125815157,2.458739221,1514,1384,6,56,1520,1440
3436,1.04980338,0.2285731907,809,783,2,21,811,804
3437,2.448155517,0.5299779834,1317,1280,6,53,1323,1333
3438,2.427437328,1.213424312,1652,1642,6,60,1658,1702
3439,4.688343457,1.300936861,688,609,2,32,690,641
3440,1.245722326,1.586504064,1248,1195,4,44,1252,1239
3441,1.586108046,0.7389397634,1820,1631,9,62,1829,1693
3442,2.801489847,2.986915982,1005,960,2,47,1007,1007
3443,1.134315666,0.77859619,1734,1632,6,51,1740,1683
3444,2.002967878,2.602836937,960,917,3,50,963,967
3445,1.925362208,1.318814737,694,613,3,28,697,641
3446,1.749426382,0.693648451,767,716,1,17,768,733
3447,2.349554738,2.968248099,764,743,3,33,767,776
3448,3.486048394,2.186349641,882,822,6,48,888,870
3449,4.721117426,1.760115632,1782,1715,3,98,1785,1813
3450,4.279259604,0.5830057057,863,882,4,28,867,910
3451,1.795294839,2.633046886,1113,1030,6,53,1119,1083
3452,3.670411532,2.737908995,1205,1133,5,65,1210,1198
3453,1.925746144,0.5022138689,1599,1461,10,39,1609,1500
3454,1.359444113,1.377816079,1791,1699,12,66,1803,1765
3455,3.968684996,1.039987033,1738,1559,6,75,1744,1634
3456,1.324340612,2.812968926,1798,1722,11,62,1809,1784
3457,2.709438579,2.288256073,1488,1320,4,62,1492,1382
3458,3.131012557,0.2385219401,1465,1333,6,48,1471,1381
3459,4.231756992,2.570277332,1517,1346,6,60,1523,1406
3460,4.244258799,1.078258456,1554,1517,8,62,1562,1579
3461,3.658666403,0.8215739385,1646,1446,7,53,1653,1499
3462,1.946785692,1.317016818,699,606,2,27,701,633
3463,1.05696946,0.4910506628,1382,1301,6,39,1388,1340
3464,4.84758374,1.241243355,1382,1277,4,54,1386,1331
3465,2.70275242,0.5235891215,1157,994,3,33,1160,1027
3466,1.717817622,2.559468958,865,870,4,39,869,909
3467,1.64795661,1.124132847,1610,1552,5,58,1615,1610
3468,2.982300689,0.0112918565,1143,1057,4,20,1147,1077
3469,2.617819035,0.3795171594,1439,1421,2,49,1441,1470
3470,1.783164043,2.936290554,944,864,3,42,947,906
3471,1.370903509,2.591752678,1225,1173,8,52,1233,1225
3472,4.888748194,2.85249717,692,628,4,32,696,660
3473,4.574653652,1.434965495,1512,1393,11,65,1523,1458
3474,4.335456271,2.111479895,1505,1314,2,70,1507,1384
3475,2.581312323,2.659263635,925,859,3,48,928,907
3476,3.434265607,1.364075968,1842,1664,7,73,1849,1737
3477,3.81263357,1.242749991,1574,1462,7,68,1581,1530
3478,3.605227025,2.471499604,784,745,2,27,786,772
3479,2.20802163,0.1875078931,699,668,2,11,701,679
3480,4.454198217,1.185464735,782,725,5,33,787,758
3481,4.296608347,1.995576924,1001,959,4,43,1005,1002
3482,4.901068329,1.270015918,1260,1116,2,58,1262,1174
3483,1.674396753,1.063494916,1434,1325,8,62,1442,1387
3484,1.231869407,1.866951236,1137,1033,9,47,1146,1080
3485,3.473351815,2.745136615,915,842,1,44,916,886
3486,3.427495077,1.532438134,1405,1235,5,57,1410,1292
3487,4.145398389,2.11410545,697,656,7,33,704,689
3488,1.194142119,0.08338499153,1730,1610,9,45,1739,1655
3489,2.592664229,2.378077076,1796,1707,11,76,1807,1783
3490,1.681245812,1.434033273,1725,1558,13,60,1738,1618
3491,2.077678597,1.798409078,1190,1009,6,42,1196,1051
3492,1.130176883,0.2768940477,1427,1260,6,31,1433,1291
3493,2.266514768,1.053420717,936,867,4,37,940,904
3494,3.988156382,0.6838250528,1367,1253,5,67,1372,1320
3495,4.663411219,0.196768616,1025,977,4,37,1029,1014
3496,4.823167841,2.343385479,970,811,3,49,973,860
3497,3.300648069,2.263533316,1765,1614,4,91,1769,1705
3498,3.343179415,0.04173461536,1856,1764,4,42,1860,1806
3499,2.642296771,1.795463891,1154,1064,3,46,1157,1110
3500,1.080464764,1.419466973,941,838,4,27,945,865
3501,3.037867816,1.579738421,1554,1510,5,88,1559,1598
3502,4.972879411,1.225900588,1423,1219,4,52,1427,1271
3503,4.670595314,1.339648305,1715,1574,5,69,1720,1643
3504,4.822577792,1.481379452,1377,1297,6,55,1383,1352
3505,2.71126375,2.539036856,1220,1166,6,62,1226,1228
3506,3.88729354,0.6213496599,1832,1639,7,58,1839,1697
3507,3.166192209,2.158734948,1308,1293,4,64,1312,1357
3508,1.839574754,0.9348034822,1696,1609,6,58,1702,1667
3509,1.63287841,1.680305094,1025,929,4,32,1029,961
3510,1.687566021,1.38370451,1375,1259,5,56,1380,1315
3511,4.648423729,0.7826512139,1131,1024,2,51,1133,1075
3512,4.94762301,1.052370282,923,836,1,41,924,877
3513,4.823728209,2.584227124,1102,1076,3,69,1105,1145
3514,2.545850193,0.7635132953,993,966,2,40,995,1006
3515,2.336658756,2.435405074,1148,999,7,51,1155,1050
3516,2.171844392,2.24451161,1259,1140,2,52,1261,1192
3517,4.393980129,1.073048016,1202,1156,4,52,1206,1208
3518,4.943418344,0.6294054761,1667,1634,6,57,1673,1691
3519,4.605891858,2.667308622,1490,1380,5,81,1495,1461
3520,1.339193606,1.268244496,1304,1176,6,32,1310,1208
3521,1.351140255,0.8600400487,875,837,5,38,880,875
3522,1.480210066,1.015569995,1508,1336,9,52,1517,1388
3523,1.289551014,2.582330764,771,741,3,38,774,779
3524,2.828226865,0.0957756256,1544,1550,5,37,1549,1587
3525,3.667070346,2.528268724,1714,1496,6,90,1720,1586
3526,1.099038359,2.744582926,1132,1059,4,48,1136,1107
3527,4.712230841,2.58287778,796,707,6,43,802,750
3528,4.036410115,0.4267947697,965,852,0,29,965,881
3529,2.886178594,1.905315563,664,606,3,31,667,637
3530,4.110664758,2.433759776,1693,1514,8,76,1701,1590
3531,4.890593933,2.324926733,1211,1190,4,64,1215,1254
3532,3.34832861,2.567024104,1316,1136,4,56,1320,1192
3533,2.200969338,0.8082431145,1173,1036,6,27,1179,1063
3534,4.994637151,2.636860857,1631,1562,5,111,1636,1673
3535,1.605581933,1.917690054,1712,1551,8,49,1720,1600
3536,3.424257988,2.188158514,1576,1493,7,71,1583,1564
3537,2.985310255,1.313153441,1712,1534,5,78,1717,1612
3538,1.002565783,1.729870459,832,743,3,28,835,771
3539,3.446544076,2.437939182,853,703,1,46,854,749
3540,1.4908122,0.547400764,1540,1454,9,33,1549,1487
3541,1.029773405,2.414844338,790,694,4,34,794,728
3542,1.433970343,2.338258221,1374,1230,7,51,1381,1281
3543,1.028747395,0.7010759053,1809,1730,8,52,1817,1782
3544,4.279690815,0.8298477322,1430,1413,7,71,1437,1484
3545,4.776432671,1.931782195,1218,1191,5,63,1223,1254
3546,1.328625723,0.3816521544,1667,1684,6,47,1673,1731
3547,3.848648918,2.626084981,1390,1252,5,57,1395,1309
3548,1.569809744,2.074376296,1222,1211,4,51,1226,1262
3549,2.022420108,2.125717249,1841,1667,8,78,1849,1745
3550,3.650989806,2.952525518,1364,1232,4,89,1368,1321
3551,1.199527676,2.167828242,1153,1030,3,41,1156,1071
3552,4.439264926,0.6009408152,1544,1457,4,62,1548,1519
3553,2.390447525,0.6298638781,1691,1576,6,54,1697,1630
3554,2.320604235,2.925546061,1282,1121,8,67,1290,1188
3555,4.061530878,1.597679453,1292,1115,7,68,1299,1183
3556,4.993131535,1.987516491,1824,1680,10,98,1834,1778
3557,3.017737348,0.04714986201,1238,1164,4,27,1242,1191
3558,3.114292323,1.430643008,858,772,3,36,861,808
3559,4.26804746,1.832552404,1777,1640,7,85,1784,1725
3560,3.000661675,0.5311471589,684,619,1,24,685,643
3561,4.575446827,0.4828879702,1014,955,5,37,1019,992
3562,2.498378691,1.495057366,1287,1170,5,48,1292,1218
3563,1.256660517,0.062991133,1385,1336,11,36,1396,1372
3564,3.528238768,1.628122935,1297,1077,2,66,1299,1143
3565,3.205271014,1.978378798,1382,1274,4,54,1386,1328
3566,1.601123895,2.730935363,1780,1648,15,65,1795,1713
3567,2.232012492,1.727364514,669,592,3,25,672,617
3568,2.81837303,1.810587896,1111,1092,9,47,1120,1139
3569,1.182127293,0.2458201792,1155,1110,5,26,1160,1136
3570,3.36423453,1.817790326,1376,1280,4,67,1380,1347
3571,4.031489563,2.682990517,921,829,1,46,922,875
3572,4.118897215,0.4106874049,1318,1170,3,42,1321,1212
3573,3.557582543,1.917730284,880,846,5,39,885,885
3574,4.952483146,1.520466075,1042,954,3,45,1045,999
3575,2.399598621,0.9854511515,1118,1093,5,54,1123,1147
3576,3.421387251,0.1774633224,1365,1241,4,39,1369,1280
3577,3.632153985,1.746118689,1614,1474,5,77,1619,1551
3578,4.804693848,2.032617573,896,830,4,53,900,883
3579,1.126704777,0.3582583476,1801,1707,4,39,1805,1746
3580,1.837361381,1.113836155,825,715,5,30,830,745
3581,2.067404672,0.8803447136,681,659,4,26,685,685
3582,2.517841049,0.1411252078,1581,1489,8,54,1589,1543
3583,4.45363194,1.173774977,1529,1478,4,69,1533,1547
3584,3.952696409,1.335620367,1128,1077,5,49,1133,1126
3585,3.866904815,2.57280102,1439,1287,5,63,1444,1350
3586,3.84465104,1.132220679,1011,909,8,40,1019,949
3587,3.008195964,1.110126846,923,885,4,43,927,928
3588,1.658302589,2.973943318,784,719,5,31,789,750
3589,4.965627474,1.522602201,996,917,5,47,1001,964
3590,2.512114662,2.232681937,693,670,2,33,695,703
3591,3.660966993,0.4869583632,1182,1089,5,39,1187,1128
3592,1.589422869,1.85245542,1240,1259,4,38,1244,1297
3593,4.063873204,1.58426926,1751,1707,6,87,1757,1794
3594,3.362997413,1.30886543,887,815,6,35,893,850
3595,2.117176021,2.387156468,724,605,0,26,724,631
3596,3.164203982,2.164957119,1349,1219,5,69,1354,1288
3597,4.807589038,0.720980033,1051,1087,3,57,1054,1144
3598,2.075428379,2.957522374,1479,1344,7,64,1486,1408
3599,2.783586299,0.5675014062,1006,922,10,43,1016,965
3600,4.654240462,1.707083767,1456,1389,2,80,1458,1469
3601,2.307983208,0.8378912815,1027,973,5,38,1032,1011
3602,3.804070822,2.241626764,813,727,4,29,817,756
3603,1.716669031,2.325167819,1252,1105,6,43,1258,1148
3604,3.843411256,2.324272889,1643,1465,1,84,1644,1549
3605,1.305811445,0.5305030162,669,663,6,17,675,680
3606,1.267524219,0.003403378598,1477,1437,8,26,1485,1463
3607,4.633069696,2.663414481,1587,1461,7,82,1594,1543
3608,2.984485861,0.04644233057,1910,1723,9,35,1919,1758
3609,1.757937696,1.410371808,946,856,2,32,948,888
3610,3.013907042,0.1721448295,1852,1751,4,56,1856,1807
3611,4.884541122,2.611590451,1271,1142,8,76,1279,1218
3612,2.827254488,0.7208238603,698,589,2,22,700,611
3613,3.971054889,0.5166030883,996,928,4,24,1000,952
3614,3.87661196,0.8641104504,1616,1450,5,70,1621,1520
3615,4.402380861,0.7185453611,782,730,2,33,784,763
3616,4.240459149,0.04529885727,1133,1059,7,29,1140,1088
3617,3.843159496,2.20604363,1452,1382,5,68,1457,1450
3618,4.182716339,2.110576059,682,625,5,32,687,657
3619,2.055854551,0.6450382317,1333,1183,6,40,1339,1223
3620,3.564267881,2.199891475,1542,1391,4,76,1546,1467
3621,4.993346528,2.512256036,1539,1334,5,93,1544,1427
3622,2.011268852,0.7985177704,790,726,6,35,796,761
3623,2.797163125,2.428700628,1564,1485,3,72,1567,1557
3624,3.432624257,1.161222383,1831,1701,8,79,1839,1780
3625,2.539000295,0.500455123,765,769,2,22,767,791
3626,3.867030702,0.1417991193,824,747,2,28,826,775
3627,2.512408446,1.057463964,1807,1678,6,61,1813,1739
3628,3.577184058,0.9742894991,1091,936,1,29,1092,965
3629,1.883011224,1.955525312,652,633,1,26,653,659
3630,2.3296177,1.880746758,1362,1282,7,59,1369,1341
3631,4.307849295,0.1636791975,1618,1383,3,59,1621,1442
3632,1.580849952,0.3648531655,1078,1036,2,40,1080,1076
3633,3.876073498,2.116634034,687,640,2,39,689,679
3634,3.115144489,2.195918352,1012,954,4,43,1016,997
3635,4.008234718,2.133073026,846,723,4,35,850,758
3636,3.121023611,1.333098456,835,726,9,33,844,759
3637,4.340787335,2.985765571,1134,1038,5,64,1139,1102
3638,4.291917456,2.21485384,1193,1149,6,54,1199,1203
3639,4.613843532,0.8981195291,665,589,0,26,665,615
3640,3.916748433,0.6852974178,1779,1709,6,62,1785,1771
3641,1.185174886,0.6032807632,1384,1318,9,44,1393,1362
3642,3.563615849,1.139624601,1034,988,4,49,1038,1037
3643,2.954963599,0.5588311078,1245,1145,10,46,1255,1191
3644,3.563788008,0.9243745274,1739,1585,8,63,1747,1648
3645,4.78683321,1.679563583,1719,1613,11,90,1730,1703
3646,1.663039328,2.377462092,1050,972,3,36,1053,1008
3647,3.064141626,0.5527003066,1732,1564,8,59,1740,1623
3648,3.288324325,1.311745803,1518,1358,5,59,1523,1417
3649,1.898618616,0.902443647,889,871,3,21,892,892
3650,4.891222377,0.03320222426,1537,1483,7,49,1544,1532
3651,4.50801567,2.974878346,1617,1480,5,104,1622,1584
3652,4.702344262,1.899132203,1178,1004,2,65,1180,1069
3653,2.576104755,0.8117053163,834,751,6,23,840,774
3654,3.784819304,1.492458505,1402,1328,8,53,1410,1381
3655,4.470477514,1.733369355,752,743,5,29,757,772
3656,1.292882194,0.3686914485,1119,1090,4,29,1123,1119
3657,2.978872977,2.05065969,1822,1642,6,84,1828,1726
3658,3.00551598,2.545064638,1811,1626,9,87,1820,1713
3659,4.950345308,2.757716502,1503,1396,7,92,1510,1488
3660,1.658146208,0.03198506588,1556,1502,12,27,1568,1529
3661,2.171594991,1.298607384,1738,1672,14,74,1752,1746
3662,2.072196354,1.997516282,1354,1253,5,62,1359,1315
3663,3.46687447,1.816361342,1181,1076,6,41,1187,1117
3664,4.854854046,1.808025275,1646,1521,7,80,1653,1601
3665,2.588754769,1.855417313,672,627,2,32,674,659
3666,2.768761272,0.08929019971,1547,1400,6,54,1553,1454
3667,2.899825414,1.224522116,807,745,4,28,811,773
3668,4.279711522,0.8652781736,1415,1368,7,76,1422,1444
3669,2.622005262,2.208496634,1638,1462,5,71,1643,1533
3670,4.098688638,0.5738166334,1609,1437,6,67,1615,1504
3671,1.614702063,2.537622909,1371,1207,10,51,1381,1258
3672,3.093063158,0.02550988684,775,770,3,22,778,792
3673,3.446377971,1.574231103,1575,1490,5,86,1580,1576
3674,4.686499791,0.1626692156,695,657,2,16,697,673
3675,3.107188923,2.214588292,1257,1090,5,45,1262,1135
3676,2.897553899,0.06814450076,1301,1228,2,34,1303,1262
3677,2.979409023,0.9437243423,1156,1111,5,44,1161,1155
3678,1.993487147,0.1343879878,1434,1337,6,30,1440,1367
3679,4.059488827,0.3492276009,645,632,3,24,648,656
3680,1.674257122,0.1827858199,1083,1075,6,31,1089,1106
3681,2.728861055,0.7048458434,1826,1650,10,67,1836,1717
3682,2.40177189,0.09343108616,1803,1775,8,54,1811,1829
3683,1.873224473,1.196194561,1687,1590,9,68,1696,1658
3684,1.05056275,2.487785762,1223,1177,8,52,1231,1229
3685,2.721971819,2.042660893,1164,1038,4,43,1168,1081
3686,3.496836899,2.733191764,984,960,6,50,990,1010
3687,4.064789417,0.73604431,1244,1147,6,53,1250,1200
3688,1.76132556,1.851112107,1610,1543,7,68,1617,1611
3689,4.199438618,2.400289504,1774,1557,4,80,1778,1637
3690,2.294608764,0.3661059959,1154,1104,8,28,1162,1132
3691,1.012075935,1.789482439,1622,1414,4,58,1626,1472
3692,4.035283385,2.458160873,674,653,5,38,679,691
3693,1.2300269,1.564895627,1760,1747,14,62,1774,1809
3694,3.134117537,0.7268715912,1346,1255,5,44,1351,1299
3695,1.206923726,2.641203845,1706,1553,10,49,1716,1602
3696,3.23606493,1.433358218,1244,1214,4,55,1248,1269
3697,3.152999124,0.00170239567,1113,1127,2,33,1115,1160
3698,1.311992905,2.031095249,1687,1525,12,77,1699,1602
3699,1.305750214,0.2776761483,1159,1011,6,33,1165,1044
3700,3.395720639,2.442462356,1711,1569,8,74,1719,1643
3701,4.627722201,1.96246416,1543,1428,8,70,1551,1498
3702,2.72288911,1.29261413,1119,1033,3,51,1122,1084
3703,3.797797823,1.070653211,746,749,9,29,755,778
3704,1.314064655,2.432355132,1036,915,2,34,1038,949
3705,2.902344269,1.289201455,1384,1252,3,51,1387,1303
3706,4.481029382,2.439750358,1492,1306,4,65,1496,1371
3707,2.082416973,1.009210725,919,836,7,21,926,857
3708,3.59380692,2.090332355,1476,1342,6,64,1482,1406
3709,4.412631921,1.25035638,1480,1439,3,75,1483,1514
3710,1.424364951,0.7657960469,1025,947,4,32,1029,979
3711,4.434605087,2.952681093,1765,1587,7,87,1772,1674
3712,3.095306251,2.602573861,1301,1158,3,53,1304,1211
3713,3.257549443,1.547094216,1048,946,7,52,1055,998
3714,1.784999685,2.562601122,831,751,6,37,837,788
3715,4.607816324,1.366351567,1460,1303,7,57,1467,1360
3716,1.083273515,2.909833767,1466,1334,6,58,1472,1392
3717,2.229931378,1.7787353,1239,1184,4,48,1243,1232
3718,4.029899079,2.916819936,828,838,0,48,828,886
3719,3.446154926,0.03434598543,1719,1655,12,48,1731,1703
3720,3.211823293,2.444111638,1104,1041,2,51,1106,1092
3721,1.417998506,1.952016718,1121,1088,5,41,1126,1129
3722,4.183032563,1.802668113,664,609,3,39,667,648
3723,2.826478576,1.740493894,918,811,2,32,920,843
3724,4.112623676,1.334963605,707,635,1,31,708,666
3725,2.00255952,1.218755755,994,926,0,36,994,962
3726,1.872945439,1.459204064,1626,1626,9,74,1635,1700
3727,3.760641857,0.9289106105,1382,1274,6,45,1388,1319
3728,2.219242535,1.666908029,1289,1144,4,58,1293,1202
3729,4.498959597,0.6822688204,1409,1286,4,53,1413,1339
3730,2.711377525,1.708963685,800,753,2,32,802,785
3731,1.268214496,2.649313619,1014,888,4,39,1018,927
3732,1.239169196,1.536864742,1132,1051,9,46,1141,1097
3733,4.729302435,1.985641781,1347,1183,8,65,1355,1248
3734,1.54668293,0.9834981369,1185,1162,3,40,1188,1202
3735,1.71008615,0.8192539424,1519,1374,4,46,1523,1420
3736,1.170485094,0.2201291251,1259,1157,8,32,1267,1189
3737,1.393870693,1.830190225,1192,1136,3,47,1195,1183
3738,3.036125547,0.4495447112,804,719,3,32,807,751
3739,1.998637553,0.3324513513,1869,1722,8,59,1877,1781
3740,4.658786939,0.8336873996,1470,1333,4,57,1474,1390
3741,4.698328184,0.7188871755,966,914,3,40,969,954
3742,1.456962373,0.9983641395,679,623,0,23,679,646
3743,4.717128271,2.356926036,1466,1281,7,73,1473,1354
3744,1.940746641,1.94870186,1599,1434,7,79,1606,1513
3745,2.012018788,1.100728908,803,741,4,31,807,772
3746,4.881371355,1.583838847,1486,1311,5,66,1491,1377
3747,4.292423446,2.77682019,687,623,2,41,689,664
3748,1.051838459,0.03666581871,1825,1779,10,40,1835,1819
3749,4.521019897,2.964207329,1679,1544,7,109,1686,1653
3750,4.747936353,1.608829297,1478,1382,8,67,1486,1449
3751,1.555253679,2.904456726,1599,1399,12,65,1611,1464
3752,2.844459572,1.231501941,687,598,3,31,690,629
3753,1.517146479,1.144068125,1760,1576,6,51,1766,1627
3754,1.862029851,1.341671833,1023,900,8,29,1031,929
3755,2.515491665,1.538955913,1732,1672,3,80,1735,1752
3756,1.897858253,1.256134221,1576,1430,6,60,1582,1490
3757,1.657403531,0.8321281726,826,731,6,21,832,752
3758,4.896513412,2.094751646,1833,1675,6,93,1839,1768
3759,3.477387268,2.525813289,1273,1157,6,71,1279,1228
3760,1.489113934,0.9917959488,803,743,2,24,805,767
3761,2.742552363,2.746562478,1078,916,5,42,1083,958
3762,2.289119421,2.874668447,1845,1645,4,93,1849,1738
3763,2.999009961,1.893800601,708,618,4,39,712,657
3764,1.433175546,1.336429196,1763,1682,11,77,1774,1759
3765,2.701082728,0.7261654065,1157,1108,3,44,1160,1152
3766,1.579662596,1.456646646,918,855,3,29,921,884
3767,1.247595609,1.238153098,870,731,1,26,871,757
3768,4.110752038,0.6137487575,1138,991,4,36,1142,1027
3769,1.234842355,0.3334345491,667,631,3,20,670,651
3770,4.393273844,2.302552892,1848,1633,8,91,1856,1724
3771,1.126261733,1.083358261,1405,1311,6,40,1411,1351
3772,1.468156709,1.65707662,1106,1062,11,30,1117,1092
3773,3.655910124,2.244205525,1688,1550,8,77,1696,1627
3774,1.977769823,0.7479529818,1466,1405,8,49,1474,1454
3775,2.941025039,1.327671359,1329,1289,4,52,1333,1341
3776,2.73231663,1.228570932,1125,1069,3,42,1128,1111
3777,3.174967619,0.8603803618,1076,945,4,44,1080,989
3778,3.412156668,1.870594549,1415,1359,6,66,1421,1425
3779,1.643369718,0.4018210604,725,631,2,17,727,648
3780,1.613269501,1.719667762,790,758,2,35,792,793
3781,1.774320696,0.6976592291,980,996,4,32,984,1028
3782,2.213622156,2.152571581,1469,1329,13,56,1482,1385
3783,4.332915615,0.4432593699,1657,1529,15,81,1672,1610
3784,1.106017986,2.109640288,873,859,5,29,878,888
3785,2.928950244,0.4341775821,1753,1653,7,53,1760,1706
3786,4.120293517,2.663076591,674,629,2,27,676,656
3787,3.627926763,0.9812227867,937,850,3,36,940,886
3788,1.346411856,2.360054374,1863,1649,7,73,1870,1722
3789,2.573501674,1.246070284,937,808,5,31,942,839
3790,1.571262382,1.307695597,1516,1358,14,59,1530,1417
3791,3.400425116,2.445010042,1719,1471,8,82,1727,1553
3792,3.062532647,0.5237543382,1250,1145,2,42,1252,1187
3793,2.304152951,1.898138993,1469,1434,6,69,1475,1503
3794,3.615187555,2.10783284,1034,972,8,60,1042,1032
3795,4.064722128,2.09393727,1762,1640,6,85,1768,1725
3796,4.657553963,0.03137477747,1174,1075,2,33,1176,1108
3797,4.802119491,1.676551527,908,858,5,47,913,905
3798,1.02970109,2.885002346,929,858,6,43,935,901
3799,2.190480026,0.4945404477,1689,1561,11,56,1700,1617
3800,2.926248115,0.5487266749,689,640,2,19,691,659
3801,3.76990129,2.391197298,783,730,1,41,784,771
3802,1.848254765,0.2107217885,1649,1482,7,41,1656,1523
3803,3.201794563,0.5605854835,1035,957,7,46,1042,1003
3804,2.829251987,0.9449593484,1224,1235,5,36,1229,1271
3805,4.632553089,2.907803675,1367,1222,9,66,1376,1288
3806,4.730259661,1.846211047,795,709,3,44,798,753
3807,4.035994178,2.893478475,1673,1590,7,81,1680,1671
3808,4.898956425,2.746594456,1524,1387,3,76,1527,1463
3809,2.3338234,0.4813359895,1828,1725,14,61,1842,1786
3810,2.326172921,0.6616597355,1693,1626,4,74,1697,1700
3811,1.526696371,0.6168640863,848,739,5,26,853,765
3812,2.870152608,2.157429014,1260,1158,8,58,1268,1216
3813,4.034815691,2.823352562,1784,1663,6,90,1790,1753
3814,2.96502314,2.447901378,1338,1294,4,69,1342,1363
3815,3.252077885,0.2717823867,947,855,4,21,951,876
3816,4.501087041,0.7932490942,1145,1061,5,36,1150,1097
3817,4.725737031,0.6376935769,990,988,3,27,993,1015
3818,4.707448492,1.997148136,1027,980,7,56,1034,1036
3819,1.478867196,2.415662855,767,671,3,25,770,696
3820,3.895897346,1.201371438,1696,1567,4,76,1700,1643
3821,4.663388288,2.375898927,1230,1154,6,65,1236,1219
3822,2.721150417,1.062364816,1347,1254,7,41,1354,1295
3823,2.954634421,0.6282674299,1007,897,7,27,1014,924
3824,3.339242385,0.5290609556,1686,1595,5,64,1691,1659
3825,2.725604799,0.8497241218,999,947,2,34,1001,981
3826,1.507447589,2.895728131,1792,1650,6,83,1798,1733
3827,4.319180972,1.870451121,860,711,3,43,863,754
3828,3.875791361,1.71162445,1564,1452,9,83,1573,1535
3829,4.711047655,1.993291953,1189,1170,4,63,1193,1233
3830,1.613620823,1.927949054,666,666,2,26,668,692
3831,1.018310697,2.219694617,1152,1101,5,43,1157,1144
3832,3.642879331,2.332195534,1769,1635,6,95,1775,1730
3833,3.799187367,0.8977844449,1429,1331,7,54,1436,1385
3834,4.91253356,1.961358512,1270,1112,5,57,1275,1169
3835,1.429802211,2.757694739,1768,1535,6,79,1774,1614
3836,4.081967897,0.437348236,1610,1443,7,63,1617,1506
3837,1.767857333,0.6576321295,1895,1694,6,59,1901,1753
3838,4.259818448,0.9579737233,995,912,4,49,999,961
3839,4.287421889,0.5637747737,1400,1269,5,35,1405,1304
3840,3.506457951,0.3731176596,1663,1618,5,65,1668,1683
3841,4.717139033,2.280405783,1298,1277,5,67,1303,1344
3842,1.868413057,0.9831421187,1470,1381,3,47,1473,1428
3843,3.134356201,2.254486675,895,839,2,51,897,890
3844,2.327479516,1.476047915,1864,1643,9,64,1873,1707
3845,4.047489238,0.3007081882,1817,1708,4,56,1821,1764
3846,1.251545683,0.5870401121,1224,1207,7,29,1231,1236
3847,3.023016976,1.304517507,692,654,4,26,696,680
3848,1.000024526,1.039409546,664,655,4,20,668,675
3849,4.052403508,2.549063538,1536,1457,4,93,1540,1550
3850,4.67473418,0.9986800417,1882,1635,11,80,1893,1715
3851,3.822119877,0.04671234121,763,738,5,22,768,760
3852,4.716442679,0.2523014341,1411,1426,6,56,1417,1482
3853,1.62402322,1.40520634,1090,1012,3,41,1093,1053
3854,2.882868222,0.4688870063,1311,1130,2,43,1313,1173
3855,4.177967712,2.248155438,1828,1665,3,101,1831,1766
3856,1.483680297,2.115801067,902,873,4,40,906,913
3857,4.110336138,0.8176244193,1673,1543,8,78,1681,1621
3858,4.958929184,0.5251441916,1128,1036,7,50,1135,1086
3859,2.27962241,0.1899722608,1637,1558,4,49,1641,1607
3860,3.635198465,2.629992992,1035,914,6,65,1041,979
3861,4.790763588,0.3162778626,697,692,5,32,702,724
3862,4.478564334,1.284449849,1468,1388,5,61,1473,1449
3863,4.554111793,2.59031027,919,826,4,40,923,866
3864,3.924179876,1.963599312,1137,1043,5,44,1142,1087
3865,2.645159767,2.379466572,937,823,4,34,941,857
3866,4.255337806,0.2296560601,1841,1697,9,74,1850,1771
3867,2.131169586,0.1091817389,834,755,6,20,840,775
3868,1.253027101,0.710042229,657,585,2,18,659,603
3869,2.368217142,1.748026799,674,605,4,22,678,627
3870,3.521719305,1.579227181,686,647,1,36,687,683
3871,4.988823869,2.967996771,1221,1175,5,76,1226,1251
3872,2.863740774,2.483560412,963,816,0,46,963,862
3873,1.164586351,2.800488073,1416,1180,10,57,1426,1237
3874,2.97292562,1.293462997,1054,944,6,45,1060,989
3875,1.137138039,2.356285893,1019,895,3,43,1022,938
3876,2.144208629,0.5132568847,666,657,5,19,671,676
3877,4.342263712,2.049429924,1268,1240,2,69,1270,1309
3878,4.026178025,0.7021897921,1019,941,2,33,1021,974
3879,2.030451744,0.3061506724,680,644,3,20,683,664
3880,2.137389028,2.800108261,1119,1025,4,42,1123,1067
3881,3.297484938,1.261362521,788,735,8,33,796,768
3882,3.451310396,2.38669166,1868,1648,9,73,1877,1721
3883,1.423035189,1.754251051,1365,1244,6,49,1371,1293
3884,4.678757155,2.863390285,1083,1025,10,63,1093,1088
3885,2.599097082,1.169280693,1009,919,3,43,1012,962
3886,2.175379971,1.1890678,1007,894,2,38,1009,932
3887,4.109348512,0.3321964229,1812,1729,9,68,1821,1797
3888,2.840787606,0.2509268455,1488,1343,7,40,1495,1383
3889,1.223132941,2.441032242,1055,969,4,29,1059,998
3890,2.690356469,0.714104606,702,613,0,24,702,637
3891,4.731752762,1.808970187,1285,1163,8,62,1293,1225
3892,3.849974342,0.5323472629,781,747,4,21,785,768
3893,1.072041549,2.141689871,1411,1279,7,48,1418,1327
3894,2.21034349,1.1857506,686,627,4,27,690,654
3895,1.244489259,1.787413583,1684,1579,6,64,1690,1643
3896,1.721708603,1.944986565,1464,1396,7,53,1471,1449
3897,2.951332029,0.4401542365,1373,1264,8,41,1381,1305
3898,3.174118824,0.4680070769,1706,1576,11,60,1717,1636
3899,1.534399905,2.566730465,1650,1504,5,61,1655,1565
3900,3.194944639,2.568087517,1460,1287,6,63,1466,1350
3901,3.430765227,2.674846121,1021,952,4,52,1025,1004
3902,2.711012967,1.781554538,675,678,6,35,681,713
3903,1.234860723,0.5083976714,1465,1304,7,24,1472,1328
3904,1.235467021,1.983819638,819,713,3,29,822,742
3905,2.794025782,1.253781378,818,692,5,26,823,718
3906,2.598717239,0.6047523702,698,646,8,17,706,663
3907,1.858371702,1.627889518,1112,1087,5,35,1117,1122
3908,3.520926311,0.8060152744,1149,1037,5,45,1154,1082
3909,3.224030656,2.895280392,1013,983,3,59,1016,1042
3910,2.454446873,0.1623007159,1460,1401,9,32,1469,1433
3911,1.520165919,2.646789525,1826,1693,11,79,1837,1772
3912,1.721260672,2.073902437,1484,1356,5,66,1489,1422
3913,3.547890826,0.5941992744,1530,1469,10,61,1540,1530
3914,2.656361807,1.04205486,1825,1693,8,72,1833,1765
3915,1.13469765,2.023447796,1028,952,3,44,1031,996
3916,3.876176627,1.415468022,703,629,1,35,704,664
3917,3.136539331,1.266265182,1836,1649,9,94,1845,1743
3918,3.136354374,1.682806068,1397,1282,11,57,1408,1339
3919,2.609228217,1.714039624,1817,1757,9,79,1826,1836
3920,4.680294492,1.347221258,1853,1679,4,75,1857,1754
3921,2.081768487,2.430466747,665,640,2,35,667,675
3922,2.997293945,0.6739921269,658,648,6,26,664,674
3923,3.344335334,2.11694563,1063,890,3,45,1066,935
3924,2.157807132,2.339934688,1626,1519,8,60,1634,1579
3925,3.34987233,0.4281545209,1599,1551,6,51,1605,1602
3926,3.494606965,0.3801354093,788,742,1,33,789,775
3927,3.564858685,0.8232303222,1900,1705,8,72,1908,1777
3928,4.518477538,1.923051512,694,648,3,32,697,680
3929,3.156600351,0.696922512,1134,1087,4,38,1138,1125
3930,4.411876591,2.165133831,1115,1020,3,52,1118,1072
3931,3.852721644,2.124450726,676,616,3,39,679,655
3932,2.101863601,1.30767194,1672,1623,4,56,1676,1679
3933,4.697839306,0.5722253301,1820,1679,8,61,1828,1740
3934,2.689838904,2.892024516,1016,925,3,47,1019,972
3935,1.568728865,1.31873876,1150,1043,3,45,1153,1088
3936,4.986362079,0.9635238147,950,850,4,34,954,884
3937,4.03783237,2.724506272,1703,1497,7,111,1710,1608
3938,1.344961187,1.349054108,675,634,2,27,677,661
3939,1.677834667,1.743367808,1277,1119,11,44,1288,1163
3940,3.047195717,0.4700262617,1484,1371,7,44,1491,1415
3941,2.860577916,2.872928544,1146,1067,4,61,1150,1128
3942,4.139037966,1.134538094,1136,1043,5,46,1141,1089
3943,3.185401584,0.8639019052,1427,1160,7,45,1434,1205
3944,1.963131513,1.604226983,797,748,6,41,803,789
3945,2.914729772,1.905391477,1755,1544,5,72,1760,1616
3946,1.85161014,2.268588124,1247,1186,3,67,1250,1253
3947,2.92032141,2.304846014,1512,1345,6,73,1518,1418
3948,4.14855492,2.231764558,1215,1183,7,55,1222,1238
3949,3.677962368,0.3020793665,928,843,2,41,930,884
3950,1.243159752,1.367808749,876,827,4,34,880,861
3951,2.629076474,2.428284495,1655,1489,4,77,1659,1566
3952,4.640419325,0.1874315657,911,821,2,28,913,849
3953,2.52031629,0.882415232,669,611,1,24,670,635
3954,3.474957116,0.4940404273,1508,1495,4,57,1512,1552
3955,1.894644049,0.7256853549,1637,1465,9,59,1646,1524
3956,2.944987893,0.08400508365,1684,1630,9,53,1693,1683
3957,3.445027508,2.931221101,1005,941,1,53,1006,994
3958,1.660510942,0.8206766324,1580,1504,7,42,1587,1546
3959,1.261559524,1.254933981,1393,1273,11,46,1404,1319
3960,3.576609444,1.575371675,1853,1681,11,72,1864,1753
3961,4.983145714,2.130080286,694,587,3,33,697,620
3962,3.806025293,2.666882713,1550,1364,5,80,1555,1444
3963,3.187662582,1.356663342,1052,900,5,46,1057,946
3964,2.392786791,2.92967642,1771,1608,7,86,1778,1694
3965,1.993792816,1.398145171,1036,923,3,39,1039,962
3966,1.303828474,0.02268963065,1479,1367,6,35,1485,1402
3967,4.712875811,2.128932826,1869,1719,4,78,1873,1797
3968,1.597829627,2.047231119,1698,1560,10,57,1708,1617
3969,1.545397924,1.591669635,1804,1687,8,62,1812,1749
3970,4.393573041,2.511643087,1055,891,4,60,1059,951
3971,3.059991094,1.963101813,1242,1126,6,62,1248,1188
3972,4.987244781,1.123133424,1256,1182,8,57,1264,1239
3973,4.217967225,2.083004069,1184,1193,1,60,1185,1253
3974,1.174779091,1.683317326,1483,1384,6,54,1489,1438
3975,1.465229101,2.387596768,1265,1208,7,47,1272,1255
3976,3.220685306,0.5043297992,644,630,2,25,646,655
3977,1.93644753,2.500396634,1273,1119,7,55,1280,1174
3978,2.765471316,0.7048974954,1709,1619,11,68,1720,1687
3979,1.701919704,2.177557489,1541,1380,5,63,1546,1443
3980,3.989805231,1.825911481,1053,964,6,49,1059,1013
3981,1.799686113,2.019589812,1127,1012,4,58,1131,1070
3982,1.275606806,2.14529368,1826,1752,11,65,1837,1817
3983,2.819649921,1.727001918,1596,1427,14,87,1610,1514
3984,3.362406485,2.596890272,1385,1208,4,88,1389,1296
3985,2.721348019,2.419421152,762,739,3,46,765,785
3986,1.729520242,2.943284173,1780,1661,5,66,1785,1727
3987,3.710447937,2.069990203,1134,1077,4,44,1138,1121
3988,1.11754071,0.4370097079,1696,1612,15,38,1711,1650
3989,4.718452541,1.999429659,787,740,3,31,790,771
3990,2.956123892,0.869647785,1392,1242,5,57,1397,1299
3991,2.364730304,0.4321394515,759,752,3,25,762,777
3992,1.001811929,2.26716744,1455,1376,16,38,1471,1414
3993,1.322519458,0.7669885096,1597,1401,9,45,1606,1446
3994,2.808437545,1.048283143,1589,1433,8,71,1597,1504
3995,4.086442287,2.268413184,1013,949,5,58,1018,1007
3996,2.05381783,0.9382744826,1845,1770,9,64,1854,1834
3997,2.875659406,0.9610485225,1683,1584,7,61,1690,1645
3998,4.523968458,0.9172608933,681,655,6,28,687,683
3999,2.347797534,1.490051158,974,825,1,39,975,864
4000,1.992877929,1.457611937,1852,1637,9,86,1861,1723
4001,2.622940873,0.7427502762,1158,1088,11,38,1169,1126
4002,3.864283472,1.304015806,1255,1198,3,64,1258,1262
4003,4.586268814,1.079576447,839,741,3,31,842,772
4004,3.999843833,0.1289750236,1814,1646,8,48,1822,1694
4005,2.076770899,2.462454687,807,722,2,36,809,758
4006,3.909519868,1.128046031,658,622,5,18,663,640
4007,4.36451863,0.3361295312,1127,1060,5,38,1132,1098
4008,3.45364525,1.983790286,1316,1159,7,55,1323,1214
4009,1.115745184,0.9641426271,1774,1690,9,69,1783,1759
4010,3.119855976,0.1874029851,1588,1494,5,50,1593,1544
4011,2.822254129,0.7615097941,1837,1663,5,67,1842,1730
4012,2.133678272,2.281005492,1348,1264,6,58,1354,1322
4013,1.287757895,1.664994203,1397,1292,8,46,1405,1338
4014,3.672964772,0.4925058869,687,672,7,14,694,686
4015,3.403894302,0.01089297011,1546,1372,3,41,1549,1413
4016,1.480548036,2.187380204,889,885,6,29,895,914
4017,1.404127066,1.820116669,1136,1033,5,40,1141,1073
4018,1.986841617,1.55254365,1820,1629,12,56,1832,1685
4019,3.698159231,1.614694258,1160,996,9,55,1169,1051
4020,4.278922377,0.2068731722,1910,1696,10,69,1920,1765
4021,1.567164016,2.101588934,1372,1336,8,48,1380,1384
4022,2.984324113,2.08842931,1337,1259,4,70,1341,1329
4023,4.798951452,1.66999386,1842,1618,7,81,1849,1699
4024,3.277013062,0.9957341595,909,836,4,35,913,871
4025,2.215820086,1.237409535,1640,1610,13,53,1653,1663
4026,4.310526298,0.7200744955,1006,985,3,33,1009,1018
4027,3.138993101,2.418426263,1767,1522,9,72,1776,1594
4028,3.397670176,1.131518308,1680,1530,6,62,1686,1592
4029,1.220038125,0.8981624787,1279,1168,9,48,1288,1216
4030,3.754803826,2.260017929,1052,951,9,58,1061,1009
4031,2.506872381,1.033587625,800,723,7,26,807,749
4032,2.341558253,0.649883153,773,715,7,26,780,741
4033,3.085779308,2.152051809,867,897,6,44,873,941
4034,4.624903617,1.348055183,1034,943,7,43,1041,986
4035,2.421199847,1.547068501,1757,1541,7,63,1764,1604
4036,4.082572893,1.511490205,1235,1125,3,58,1238,1183
4037,3.368591574,1.938667635,673,624,2,36,675,660
4038,1.845121999,0.3390164489,1595,1492,8,46,1603,1538
4039,1.401392461,2.668838192,1658,1566,9,63,1667,1629
4040,1.741019656,2.951588008,1592,1421,7,88,1599,1509
4041,1.466989403,1.633034884,865,849,5,32,870,881
4042,3.136099462,2.235951425,1740,1538,7,86,1747,1624
4043,4.911584728,1.674137108,928,832,2,51,930,883
4044,3.408282448,1.685440231,1668,1578,6,81,1674,1659
4045,1.033882042,2.459720008,1411,1360,14,72,1425,1432
4046,2.723349489,0.4087231842,836,740,0,18,836,758
4047,2.202538979,1.746782303,700,658,4,17,704,675
4048,4.039023108,1.376439018,1823,1673,8,64,1831,1737
4049,4.622721365,2.539396815,1227,1145,4,69,1231,1214
4050,1.398619136,2.432426337,1622,1475,7,74,1629,1549
4051,4.71341335,2.377932518,1492,1319,6,89,1498,1408
4052,2.787583051,2.939906313,1834,1616,7,82,1841,1698
4053,1.163496531,1.119492515,770,709,3,35,773,744
4054,3.254243126,2.13344227,791,728,1,47,792,775
4055,3.955425689,1.360032614,1524,1402,6,65,1530,1467
4056,2.044288296,0.2354825849,673,619,4,14,677,633
4057,1.354513738,0.6840908055,1852,1704,12,48,1864,1752
4058,3.15688667,0.6433375127,833,706,6,28,839,734
4059,3.298918455,0.412022151,1381,1303,4,40,1385,1343
4060,2.235675692,1.32226836,1376,1267,5,58,1381,1325
4061,3.567130698,2.461559467,684,588,4,36,688,624
4062,2.980852031,0.8209602322,933,909,3,35,936,944
4063,2.810438668,0.5764555039,1442,1419,4,44,1446,1463
4064,1.609328534,0.2426034468,668,618,2,23,670,641
4065,2.730788014,2.536084392,1579,1439,7,68,1586,1507
4066,3.977150663,1.032874659,788,696,4,33,792,729
4067,3.996566984,0.0853495605,1301,1114,5,38,1306,1152
4068,3.714926431,2.066953576,924,831,5,44,929,875
4069,3.009176192,0.9818156342,990,943,2,36,992,979
4070,1.171128479,2.645852581,1419,1366,9,49,1428,1415
4071,2.912491274,0.6619124442,1251,1123,3,51,1254,1174
4072,4.05264643,0.6201650461,1617,1442,8,75,1625,1517
4073,3.120997638,0.7117594503,1433,1329,2,59,1435,1388
4074,1.533864159,0.5652033044,1250,1163,8,37,1258,1200
4075,2.098468463,0.7560064251,834,773,6,26,840,799
4076,4.596192258,1.018746834,1450,1415,7,57,1457,1472
4077,1.330614174,0.2275392018,1100,1083,5,33,1105,1116
4078,4.847689656,2.012997807,1750,1568,9,86,1759,1654
4079,2.119120405,1.608808866,887,800,3,39,890,839
4080,3.434071253,0.2766394346,1493,1394,9,50,1502,1444
4081,4.69815345,0.2345056629,1349,1270,6,42,1355,1312
4082,1.267938388,0.2725498173,1058,995,8,24,1066,1019
4083,2.26139034,0.5389798657,1039,977,4,34,1043,1011
4084,4.838836814,1.77981019,1401,1267,7,66,1408,1333
4085,1.297247026,2.881203009,707,714,5,25,712,739
4086,3.061123632,0.7741360223,675,657,1,28,676,685
4087,4.737574817,0.1497187812,1807,1698,8,59,1815,1757
4088,3.737639513,0.007092818186,1673,1545,13,49,1686,1594
4089,2.778335368,2.159526598,1028,939,9,57,1037,996
4090,1.637572935,0.7931556753,1752,1696,15,61,1767,1757
4091,2.151098548,1.017904823,1343,1230,6,50,1349,1280
4092,3.065928242,2.54063105,720,593,5,34,725,627
4093,4.189104047,0.4022131233,989,1020,2,35,991,1055
4094,3.692824001,0.6674239627,914,860,8,31,922,891
4095,2.801391667,0.4903792189,1355,1260,8,42,1363,1302
4096,3.756520086,2.606916457,1722,1573,9,99,1731,1672
4097,3.799212356,2.418540093,1353,1230,9,70,1362,1300
4098,3.272447341,2.944077634,669,620,3,30,672,650
4099,3.215235116,0.2067570796,1264,1175,4,46,1268,1221
4100,2.803071395,2.384961502,868,872,8,51,876,923
4101,2.163372898,1.283421537,1064,934,9,36,1073,970
4102,4.100202916,2.120310587,1104,997,7,46,1111,1043
4103,1.722027508,1.677430347,699,639,4,23,703,662
4104,2.520088158,2.029640175,1580,1381,6,69,1586,1450
4105,4.672292464,2.687913349,810,678,3,58,813,736
4106,3.367309942,1.35944726,1164,1038,3,49,1167,1087
4107,2.601295827,1.927335627,1620,1401,6,66,1626,1467
4108,1.598487845,1.770745658,898,868,6,30,904,898
4109,3.681923005,0.1372864741,1141,1107,5,31,1146,1138
4110,1.805371476,1.911603848,1337,1264,6,52,1343,1316
4111,2.778923413,1.603722404,1738,1590,13,66,1751,1656
4112,2.729777745,1.982051326,1382,1271,4,55,1386,1326
4113,3.656544717,0.3436916042,1334,1253,6,44,1340,1297
4114,4.491351569,2.921411014,1003,948,2,67,1005,1015
4115,2.495256091,1.005928374,871,862,6,36,877,898
4116,3.528206609,2.386726701,1816,1648,5,87,1821,1735
4117,2.157809124,0.1486163311,1017,929,2,26,1019,955
4118,1.478642488,1.806645757,1802,1683,5,71,1807,1754
4119,3.119427221,0.1614873482,1861,1763,7,59,1868,1822
4120,2.450293717,0.9447091686,661,606,1,25,662,631
4121,1.83682598,2.567867638,1188,1019,4,65,1192,1084
4122,4.499167552,0.0968212902,1160,1040,8,39,1168,1079
4123,4.583487607,2.459499883,928,863,1,50,929,913
4124,1.766573518,0.202079486,729,637,6,20,735,657
4125,2.807632823,1.715308722,727,640,0,24,727,664
4126,1.523640933,0.8676745598,1214,1207,5,25,1219,1232
4127,2.323145098,0.6724592905,1133,998,4,34,1137,1032
4128,1.685805817,0.6991162548,919,821,2,39,921,860
4129,4.90902084,1.185092284,1713,1599,5,77,1718,1676
4130,3.615833606,2.979261555,1473,1338,7,74,1480,1412
4131,1.973444796,0.5953517376,1629,1474,4,37,1633,1511
4132,1.164661319,2.883911187,1369,1281,8,44,1377,1325
4133,4.702801932,1.94554407,1058,928,5,65,1063,993
4134,2.794021522,2.987661702,1592,1455,5,83,1597,1538
4135,3.449954053,1.466934905,1264,1093,7,49,1271,1142
4136,2.94247145,0.6021244818,1620,1478,9,69,1629,1547
4137,1.482244646,1.284559226,1264,1134,4,51,1268,1185
4138,4.927038409,1.578060768,1835,1709,9,98,1844,1807
4139,3.809591269,2.978170075,1719,1584,9,79,1728,1663
4140,3.669185622,1.213252013,1621,1401,8,71,1629,1472
4141,2.164690077,2.688261508,1195,1182,7,53,1202,1235
4142,4.552902016,1.234236624,1497,1343,7,73,1504,1416
4143,1.810076708,0.7660138889,1362,1309,4,44,1366,1353
4144,1.099288274,1.681183637,1571,1442,8,44,1579,1486
4145,4.327482123,2.808328056,774,690,2,48,776,738
4146,3.560935581,2.110269707,703,636,2,35,705,671
4147,4.715091089,1.947498877,1884,1676,7,91,1891,1767
4148,4.0396394,1.031771414,699,622,3,22,702,644
4149,2.813999546,1.972673917,904,850,5,50,909,900
4150,1.413679494,0.05608272155,1060,932,7,26,1067,958
4151,3.729817719,1.343514967,1558,1449,5,67,1563,1516
4152,1.324418944,2.998509032,1763,1603,6,71,1769,1674
4153,2.507793021,0.9802451556,1497,1327,6,48,1503,1375
4154,4.29834995,2.813944864,1742,1594,4,92,1746,1686
4155,4.727137818,1.799382129,1812,1650,5,93,1817,1743
4156,1.669849937,1.883195224,1269,1156,5,54,1274,1210
4157,1.874815245,2.339935334,804,730,2,23,806,753
4158,4.877764482,0.1163150028,802,767,4,21,806,788
4159,1.137997997,0.4878334351,1726,1594,7,45,1733,1639
4160,1.184185331,2.558817607,657,628,2,35,659,663
4161,2.083221741,2.674594709,1813,1716,7,77,1820,1793
4162,4.52769081,1.197932754,949,884,3,37,952,921
4163,4.485980437,1.140224234,1111,1033,9,59,1120,1092
4164,1.332892727,2.961478269,1621,1503,4,72,1625,1575
4165,4.866691617,0.6044612538,1238,1130,3,46,1241,1176
4166,3.757595214,1.795548082,1227,1115,4,61,1231,1176
4167,4.894724033,0.7526927861,1246,1135,5,44,1251,1179
4168,4.894286111,2.148278122,1012,937,4,46,1016,983
4169,1.367111169,0.9448443461,797,725,2,30,799,755
4170,2.012807606,1.70830893,1564,1524,5,76,1569,1600
4171,1.587042842,2.752317425,858,872,7,36,865,908
4172,1.294088477,2.409288919,1783,1538,13,72,1796,1610
4173,2.192870273,0.5885154203,1492,1313,5,54,1497,1367
4174,1.229196935,2.135170508,1061,1004,6,36,1067,1040
4175,3.509807514,1.135125001,918,832,4,35,922,867
4176,4.181328095,0.7567500632,795,715,0,27,795,742
4177,4.520436284,0.5381640239,701,585,7,30,708,615
4178,3.013489802,0.4558820092,1537,1379,6,55,1543,1434
4179,4.916867575,0.2173494355,993,928,3,34,996,962
4180,1.632007525,2.490071424,1248,1143,5,56,1253,1199
4181,1.496281339,1.400718351,1818,1710,15,64,1833,1774
4182,2.56519244,0.4297100686,902,838,5,33,907,871
4183,1.475351136,0.9225441047,1499,1386,11,40,1510,1426
4184,4.057916998,2.443706925,1269,1137,3,73,1272,1210
4185,3.626418608,0.1352609214,1258,1128,3,29,1261,1157
4186,3.37027263,0.263016535,1417,1238,4,48,1421,1286
4187,2.678488173,1.108289717,1572,1502,9,52,1581,1554
4188,4.031092778,1.702644386,1036,935,3,52,1039,987
4189,3.917555862,1.815528907,653,585,3,31,656,616
4190,1.703202232,1.294833636,1870,1694,7,61,1877,1755
4191,3.242034309,1.089942673,1290,1168,1,40,1291,1208
4192,2.828411649,2.678601122,1713,1546,7,67,1720,1613
4193,1.319481775,0.73421798,1705,1546,8,53,1713,1599
4194,3.151468913,0.7819254377,891,864,4,34,895,898
4195,3.926153547,1.992634393,1454,1307,4,78,1458,1385
4196,3.44753325,1.573968839,886,873,2,43,888,916
4197,2.817787427,0.5375915836,1320,1245,4,49,1324,1294
4198,4.517432046,1.899621964,1019,933,9,53,1028,986
4199,1.551020808,2.806351455,806,740,5,33,811,773
4200,4.676543849,0.5259633478,779,735,2,24,781,759
4201,4.115582815,1.576319454,928,806,2,46,930,852
4202,4.017479836,2.244201586,806,767,2,39,808,806
4203,4.639727222,0.4681859748,910,847,3,38,913,885
4204,2.145653492,2.819142639,1266,1181,9,58,1275,1239
4205,4.793578231,2.908542583,743,712,3,41,746,753
4206,4.621919631,2.847641644,1649,1512,10,86,1659,1598
4207,3.667595486,0.572990995,936,881,5,28,941,909
4208,4.786368601,2.882254668,1599,1425,2,97,1601,1522
4209,2.25547177,2.135582091,810,711,5,28,815,739
4210,4.349486571,0.01900744946,757,727,3,17,760,744
4211,4.668520734,0.2155534028,1266,1158,6,35,1272,1193
4212,2.679013908,1.192870594,1704,1592,6,77,1710,1669
4213,4.371197215,2.934648931,1275,1129,1,74,1276,1203
4214,2.727982928,2.697857858,1335,1198,4,63,1339,1261
4215,2.235382052,0.645904666,807,691,6,25,813,716
4216,3.81934116,0.7647649789,1643,1464,7,59,1650,1523
4217,2.106786539,0.955734878,795,709,3,34,798,743
4218,2.208134039,0.8089272765,1034,940,9,39,1043,979
4219,4.018464578,1.692553365,1559,1461,6,73,1565,1534
4220,2.983542094,2.382094629,1251,1136,5,70,1256,1206
4221,4.770029199,0.8906986612,1687,1564,5,62,1692,1626
4222,2.326620636,0.7094821859,1499,1311,7,45,1506,1356
4223,3.049110499,0.9084601542,1142,1067,6,49,1148,1116
4224,1.536212942,2.619312505,905,806,3,33,908,839
4225,3.581285648,2.358451637,1430,1269,7,91,1437,1360
4226,4.834208889,1.176652774,1415,1217,8,69,1423,1286
4227,1.988614161,0.2670603958,1147,1037,11,23,1158,1060
4228,4.932814666,1.586033084,1811,1715,10,74,1821,1789
4229,3.322742515,1.27579093,1182,1098,6,34,1188,1132
4230,3.472879951,2.773703051,949,795,2,45,951,840
4231,2.645175683,1.837077241,1382,1254,4,67,1386,1321
4232,2.077921492,1.101897468,1223,1090,10,39,1233,1129
4233,2.967363267,2.012456543,1793,1759,8,71,1801,1830
4234,3.710935695,2.588016085,1453,1370,7,77,1460,1447
4235,2.030242934,1.090467157,1580,1646,9,56,1589,1702
4236,3.666187403,2.533252666,1561,1327,7,71,1568,1398
4237,1.648177325,2.838237155,1224,1117,7,47,1231,1164
4238,4.120411725,2.672119971,1878,1741,7,98,1885,1839
4239,2.111210956,0.4318097657,897,877,7,23,904,900
4240,2.985710779,2.786205445,916,820,3,43,919,863
4241,2.84621026,0.03448880983,1485,1477,8,36,1493,1513
4242,1.037930223,0.8306053771,1356,1230,10,38,1366,1268
4243,2.582676513,1.798609741,1128,1085,7,47,1135,1132
4244,4.826392267,0.07983029141,1015,930,8,37,1023,967
4245,1.58297912,2.644411105,1824,1648,9,78,1833,1726
4246,4.437744563,2.6863203,1287,1104,4,75,1291,1179
4247,3.45713427,2.349981704,1578,1497,7,66,1585,1563
4248,1.227639102,1.812060154,1202,1153,9,49,1211,1202
4249,1.416644513,2.641367003,648,625,3,27,651,652
4250,3.652793364,1.829674508,1079,912,6,49,1085,961
4251,4.22307403,2.665826745,1669,1470,5,82,1674,1552
4252,4.107935835,2.901400476,703,590,1,36,704,626
4253,2.546943749,2.719504025,1826,1608,6,68,1832,1676
4254,1.078685662,1.892117036,1475,1379,10,43,1485,1422
4255,3.440137919,2.608569422,1838,1618,8,81,1846,1699
4256,3.988852455,2.379041129,1372,1211,4,67,1376,1278
4257,1.732823593,0.1450294851,1722,1580,10,39,1732,1619
4258,4.096298033,2.844538809,996,925,6,48,1002,973
4259,1.293924938,2.670493624,795,740,1,38,796,778
4260,2.035079227,2.630954219,1481,1301,11,58,1492,1359
4261,2.510491083,2.678421411,714,590,2,35,716,625
4262,2.95988381,1.372519262,1248,1152,4,49,1252,1201
4263,4.428861095,2.657060504,1659,1576,5,94,1664,1670
4264,1.824371381,1.85479767,966,918,4,45,970,963
4265,2.716910428,0.1506438183,1523,1372,6,44,1529,1416
4266,4.213635759,1.819905288,988,938,8,41,996,979
4267,1.1824243,0.4498130132,1213,1179,4,26,1217,1205
4268,1.29725252,1.416008284,1688,1547,8,65,1696,1612
4269,4.022072377,1.078654461,1243,1155,7,38,1250,1193
4270,4.378117885,0.200551429,1657,1520,3,49,1660,1569
4271,1.764423093,2.484443158,1449,1384,8,61,1457,1445
4272,4.176091631,1.193361072,1730,1613,8,61,1738,1674
4273,2.212842865,1.314886913,787,725,2,38,789,763
4274,3.089158134,2.95544756,1447,1299,10,68,1457,1367
4275,4.346718871,0.4387487325,634,658,3,17,637,675
4276,2.514447194,0.5884625373,700,586,5,30,705,616
4277,1.620998699,0.5294501611,1793,1760,6,69,1799,1829
4278,1.468397982,2.990842953,985,938,5,40,990,978
4279,4.064239131,1.210034606,891,859,6,34,897,893
4280,4.033920737,1.434327464,1475,1377,0,68,1475,1445
4281,2.993287442,2.542249947,795,674,3,36,798,710
4282,3.683469036,1.903284792,794,759,1,33,795,792
4283,4.216914563,1.015142229,1247,1159,6,70,1253,1229
4284,3.462030691,0.713878046,1576,1453,8,52,1584,1505
4285,3.805714458,0.4721499678,1672,1533,10,60,1682,1593
4286,3.84999173,2.808239878,1463,1332,5,86,1468,1418
4287,4.398133901,0.7198827322,783,749,6,21,789,770
4288,4.389460491,1.74722419,1842,1586,4,89,1846,1675
4289,4.812896122,1.654175037,1807,1686,7,86,1814,1772
4290,2.855272665,0.8639379038,1682,1579,12,70,1694,1649
4291,3.060971863,2.133866747,1714,1543,11,83,1725,1626
4292,2.644839923,2.131017652,1186,1025,6,58,1192,1083
4293,1.634893557,1.773927851,1559,1520,7,70,1566,1590
4294,1.317814407,2.21944379,835,751,3,31,838,782
4295,4.517076377,2.275727046,1857,1702,5,96,1862,1798
4296,1.699778199,2.476731667,1184,1200,2,50,1186,1250
4297,4.126303813,0.6941010035,661,610,1,29,662,639
4298,3.397240704,1.263297963,1175,1059,4,47,1179,1106
4299,4.032212493,1.612952621,1763,1615,8,73,1771,1688
4300,3.229118606,1.261600055,726,646,1,24,727,670
4301,4.511421842,0.9584501472,1150,1030,1,39,1151,1069
4302,4.651052749,1.161363701,1454,1322,5,69,1459,1391
4303,3.996467332,1.36976782,1550,1464,4,55,1554,1519
4304,1.607960829,1.633619063,1232,1168,5,46,1237,1214
4305,1.127927924,0.953972506,680,620,4,22,684,642
4306,3.408374502,2.735646541,1263,1157,1,71,1264,1228
4307,2.824798941,0.2353589828,1812,1691,9,61,1821,1752
4308,2.284303755,1.678142294,1759,1593,7,74,1766,1667
4309,2.929103814,2.006956021,665,632,4,33,669,665
4310,3.119875177,1.326935827,1495,1307,3,66,1498,1373
4311,3.776548847,0.632665305,645,657,4,32,649,689
4312,2.44667077,0.5789156255,1703,1550,10,48,1713,1598
4313,3.604955001,0.4044548201,1331,1285,6,44,1337,1329
4314,3.25839989,1.657403671,1484,1339,8,61,1492,1400
4315,1.002092487,0.5571669531,1013,1035,5,30,1018,1065
4316,2.657298029,1.485411085,731,627,2,22,733,649
4317,2.229502403,0.266379651,1539,1361,8,54,1547,1415
4318,4.040095636,1.715229977,972,816,4,36,976,852
4319,3.377366123,1.584590883,1554,1462,9,69,1563,1531
4320,3.776638596,2.364961767,1511,1323,3,79,1514,1402
4321,2.261413147,1.372027225,1048,957,4,31,1052,988
4322,1.455251488,0.07124315038,1798,1763,8,47,1806,1810
4323,3.635793546,2.314931128,1367,1237,6,52,1373,1289
4324,1.689056743,1.05361868,1813,1599,7,61,1820,1660
4325,3.391550487,0.6514698049,903,869,4,37,907,906
4326,2.925503681,2.123962375,1317,1269,4,56,1321,1325
4327,4.7955474,2.71124005,861,811,6,51,867,862
4328,3.473622363,0.8710777237,1458,1425,11,58,1469,1483
4329,1.414995727,1.421822008,1764,1606,13,57,1777,1663
4330,1.636536015,0.4449970789,925,870,5,24,930,894
4331,3.14525301,2.098552151,1845,1674,4,91,1849,1765
4332,4.898521196,1.885842661,674,587,5,30,679,617
4333,2.18211002,1.705100296,929,832,3,49,932,881
4334,3.693827238,0.7141391378,1796,1556,8,59,1804,1615
4335,1.885250275,0.7353647499,809,776,6,25,815,801
4336,1.952301943,2.635213585,1029,934,6,43,1035,977
4337,4.344530378,0.5475627171,1761,1663,5,70,1766,1733
4338,3.431674418,0.9274418209,1157,1017,6,33,1163,1050
4339,3.208454242,1.610756178,912,850,6,42,918,892
4340,4.194601282,0.8574351757,843,750,2,31,845,781
4341,3.025499484,1.140552544,1865,1708,4,79,1869,1787
4342,4.324263943,1.45654549,1128,1035,11,43,1139,1078
4343,1.475359653,2.896421301,1130,1100,3,54,1133,1154
4344,3.886506165,1.749403195,1177,1042,6,59,1183,1101
4345,2.210246034,1.136891118,714,612,5,34,719,646
4346,4.432792022,0.5906623033,933,865,3,35,936,900
4347,3.476283216,2.913939094,1027,908,1,60,1028,968
4348,3.240899203,0.4030514974,678,667,3,20,681,687
4349,2.358198846,1.418299728,1040,969,10,41,1050,1010
4350,4.886732115,0.8789989859,1578,1536,6,61,1584,1597
4351,3.482595898,2.716649811,1764,1741,7,99,1771,1840
4352,4.441881945,1.565907161,979,947,2,52,981,999
4353,4.426528977,1.086004627,1543,1405,5,58,1548,1463
4354,2.883779724,1.634638645,1390,1254,3,53,1393,1307
4355,1.983432951,2.90244058,910,873,0,46,910,919
4356,1.896281096,2.341781034,1186,1060,3,51,1189,1111
4357,3.500130007,0.1272306259,1705,1607,8,52,1713,1659
4358,4.20557867,0.1870570349,1040,929,2,33,1042,962
4359,4.755829882,0.83873142,1037,899,2,41,1039,940
4360,1.767309341,2.576148753,1418,1211,7,60,1425,1271
4361,2.993125437,1.88191981,1730,1664,5,83,1735,1747
4362,2.061674226,0.4014405983,969,794,6,28,975,822
4363,1.843880078,2.90657136,910,845,3,34,913,879
4364,2.523558574,2.032610394,1628,1425,5,70,1633,1495
4365,3.836535804,2.780774773,1797,1665,6,77,1803,1742
4366,3.779790428,0.9782425195,904,845,4,52,908,897
4367,1.319830315,1.816516187,1049,905,3,42,1052,947
4368,4.26485779,2.940181167,1187,1025,4,59,1191,1084
4369,2.706973867,0.9049290578,1227,1147,4,42,1231,1189
4370,3.285863688,1.413754395,1789,1747,8,75,1797,1822
4371,1.925059212,1.85809969,756,641,5,25,761,666
4372,4.16251636,0.8785771112,924,844,0,31,924,875
4373,3.549217492,2.109374163,1425,1377,6,63,1431,1440
4374,3.432636261,2.821092446,755,782,3,31,758,813
4375,1.782791216,0.03151590898,1017,987,3,23,1020,1010
4376,1.68255499,2.470689309,788,763,4,33,792,796
4377,1.676214014,0.9624811082,1240,1173,9,40,1249,1213
4378,3.216914009,0.7718430341,1543,1441,10,53,1553,1494
4379,2.132657131,2.299734585,1643,1487,3,67,1646,1554
4380,4.437469167,0.9931748655,649,621,1,25,650,646
4381,3.652972773,0.1911027433,1723,1651,8,42,1731,1693
4382,1.772321043,0.2676442744,966,985,5,24,971,1009
4383,2.590137249,0.3872880981,724,638,1,15,725,653
4384,2.721981097,1.20773736,1044,983,7,32,1051,1015
4385,1.368955816,2.19105459,1143,1057,3,53,1146,1110
4386,3.779831877,0.7456587939,645,630,2,21,647,651
4387,3.825072763,2.279274967,1172,996,3,53,1175,1049
4388,2.961175174,2.742293378,1148,1063,4,60,1152,1123
4389,1.735936198,0.004888551116,1138,1077,8,30,1146,1107
4390,1.282845815,1.846266594,947,860,6,27,953,887
4391,2.536744424,2.686504004,722,595,3,35,725,630
4392,2.64429886,1.37696631,881,836,3,38,884,874
4393,1.250336933,2.855659671,926,835,3,33,929,868
4394,4.234392125,0.589474587,1139,1019,3,34,1142,1053
4395,1.206710355,1.225753442,1320,1222,9,47,1329,1269
4396,1.36019872,1.782012373,787,705,2,25,789,730
4397,3.625109715,1.677558665,1282,1141,7,47,1289,1188
4398,1.497835284,0.9917340094,1839,1721,13,66,1852,1787
4399,4.600356472,1.841860446,950,847,8,47,958,894
4400,3.51998233,0.6137965165,1260,1187,4,37,1264,1224
4401,2.874158891,0.6235783906,1727,1629,5,60,1732,1689
4402,1.83866473,2.135776208,1401,1282,11,56,1412,1338
4403,3.755482758,0.1412225785,1198,1197,2,43,1200,1240
4404,2.557958826,2.927496481,903,826,5,30,908,856
4405,4.441666266,1.334447647,1281,1218,8,54,1289,1272
4406,3.131642623,0.4975773966,1826,1726,8,68,1834,1794
4407,3.331716755,0.2545039418,683,612,2,19,685,631
4408,1.153027575,2.686407583,1184,1116,5,38,1189,1154
4409,4.603281634,1.671087931,694,601,2,34,696,635
4410,1.45077025,1.30917186,946,838,3,29,949,867
4411,4.305910911,0.8332414805,1441,1344,12,60,1453,1404
4412,1.349191601,0.4128540511,1051,995,3,24,1054,1019
4413,2.883877027,2.547664756,926,797,3,44,929,841
4414,4.17158117,1.65111617,1009,934,4,45,1013,979
4415,3.444790476,2.54048875,1390,1219,5,75,1395,1294
4416,2.061404352,0.7716859145,876,840,3,25,879,865
4417,1.117518073,0.21599072,700,675,3,13,703,688
4418,1.498879115,0.5758499081,1586,1451,12,43,1598,1494
4419,1.643761309,2.981652559,1504,1423,13,60,1517,1483
4420,4.778675359,0.3259350908,774,751,3,37,777,788
4421,1.912143337,1.523967082,893,816,2,33,895,849
4422,3.754168623,0.7074830238,993,956,4,39,997,995
4423,4.323497902,1.507291938,1741,1543,12,63,1753,1606
4424,3.615183559,2.077064548,1803,1640,6,96,1809,1736
4425,2.578472655,2.321027352,791,683,5,37,796,720
4426,1.389782552,2.536885325,1588,1409,6,57,1594,1466
4427,1.305799767,1.590150544,1633,1556,9,58,1642,1614
4428,2.586063798,2.497122867,1286,1220,5,78,1291,1298
4429,1.778205543,2.688932549,1585,1502,6,84,1591,1586
4430,3.73917396,0.2311029996,1189,1048,7,45,1196,1093
4431,4.404497332,2.670403124,1535,1463,5,85,1540,1548
4432,1.202056207,0.4108491593,776,769,4,29,780,798
4433,4.730071985,1.386121399,1205,1149,6,49,1211,1198
4434,3.089532537,1.720156435,1166,1041,4,54,1170,1095
4435,4.941370295,0.03889262026,1044,966,5,22,1049,988
4436,4.092113537,2.566640732,1589,1500,5,91,1594,1591
4437,3.029945393,2.810564302,1636,1491,7,87,1643,1578
4438,1.415338706,2.949148682,981,954,1,44,982,998
4439,2.7833775,2.228772193,796,692,2,35,798,727
4440,1.67123658,1.046932616,1469,1395,8,50,1477,1445
4441,1.088659539,2.172302507,1742,1528,9,51,1751,1579
4442,2.831799596,0.7970799539,1175,968,4,44,1179,1012
4443,4.882781894,2.118463048,1790,1628,5,111,1795,1739
4444,1.128913912,2.389951263,1496,1356,10,57,1506,1413
4445,1.41888438,2.331713929,1130,1008,5,45,1135,1053
4446,3.706324442,2.508197002,1326,1246,4,70,1330,1316
4447,2.951885276,0.2580049134,952,850,8,31,960,881
4448,4.610188291,0.9933221753,1013,942,3,32,1016,974
4449,2.979198634,0.6962438039,1716,1551,11,45,1727,1596
4450,1.185711173,0.5688679464,850,905,3,18,853,923
4451,3.52977547,1.560305588,1480,1382,3,69,1483,1451
4452,3.853208835,1.908203957,832,785,2,40,834,825
4453,3.005470097,2.328955158,1814,1730,9,92,1823,1822
4454,1.732814605,1.561848254,808,731,4,24,812,755
4455,3.798329491,2.079547647,684,626,4,30,688,656
4456,4.120436259,1.045356776,1015,976,2,42,1017,1018
4457,2.46626758,1.343695881,1448,1329,10,67,1458,1396
4458,2.077008605,1.621599669,882,810,4,38,886,848
4459,1.32983907,0.9557801431,1004,982,5,19,1009,1001
4460,3.008320932,2.523206577,1136,1040,6,57,1142,1097
4461,2.897267014,0.7689970242,981,977,7,34,988,1011
4462,4.813693329,2.44151419,895,861,5,45,900,906
4463,4.064814462,2.910338841,1654,1460,4,93,1658,1553
4464,1.085677957,1.915483157,1475,1393,9,57,1484,1450
4465,1.47073574,2.909563719,792,759,4,34,796,793
4466,4.142026264,2.483853689,774,729,0,45,774,774
4467,4.291577845,1.537058922,1749,1566,6,77,1755,1643
4468,3.112766329,2.607186978,1279,1107,5,55,1284,1162
4469,2.123157715,0.7369698868,1635,1466,12,53,1647,1519
4470,1.265712703,2.606591312,1844,1639,3,68,1847,1707
4471,1.4789149,2.431328435,1308,1130,11,57,1319,1187
4472,4.905045231,2.965488279,1241,1155,3,74,1244,1229
4473,1.878038583,1.188433112,1128,1048,6,35,1134,1083
4474,1.83936365,2.284751483,1657,1578,9,70,1666,1648
4475,1.67218983,2.683781598,1737,1522,6,71,1743,1593
4476,3.686651183,1.666742989,1746,1679,9,91,1755,1770
4477,3.863965277,1.305412807,674,652,2,25,676,677
4478,2.216892707,1.127650614,1733,1567,13,63,1746,1630
4479,4.179232111,2.782116941,809,728,1,30,810,758
4480,4.128018235,2.74683828,1003,910,3,70,1006,980
4481,2.118500262,2.382345556,861,823,8,33,869,856
4482,1.46199922,2.027545037,1777,1586,8,57,1785,1643
4483,2.712208901,1.380888001,1859,1700,12,68,1871,1768
4484,3.401175445,1.718105842,1386,1245,7,60,1393,1305
4485,3.011472579,0.6020997292,1041,966,4,31,1045,997
4486,4.044292156,0.416012184,1261,1169,3,46,1264,1215
4487,1.593707889,2.05126871,1772,1557,5,59,1777,1616
4488,3.854342072,2.311916652,1820,1641,6,90,1826,1731
4489,4.115371981,2.3820796,1002,971,7,54,1009,1025
4490,3.8943974,2.097661989,1777,1591,8,83,1785,1674
4491,4.787832399,2.232149807,1445,1292,5,74,1450,1366
4492,3.127121445,2.540962322,1249,1137,3,71,1252,1208
4493,4.055904586,1.929006372,1585,1435,3,80,1588,1515
4494,4.59507885,2.944054078,713,590,1,37,714,627
4495,4.805324849,1.723643529,1028,960,4,50,1032,1010
4496,4.11994594,0.1356282381,1282,1236,6,43,1288,1279
4497,3.937138482,1.447635535,803,718,4,38,807,756
4498,2.335338083,2.022551699,1250,1179,5,46,1255,1225
4499,1.038957876,0.8873811911,1271,1210,10,29,1281,1239
4500,4.490324151,2.835876134,707,630,0,33,707,663
4501,3.747229186,1.96288814,1597,1465,1,79,1598,1544
4502,3.007980168,0.3054440287,948,864,6,28,954,892
4503,1.058194651,2.438995452,1647,1466,10,71,1657,1537
4504,2.981623099,0.3376349412,661,654,4,34,665,688
4505,2.400897704,0.3930973892,897,846,3,31,900,877
4506,4.065040874,0.2060658296,1716,1509,9,62,1725,1571
4507,1.46957673,0.8604917394,1249,1163,2,37,1251,1200
4508,4.388145524,0.618279379,1269,1101,11,37,1280,1138
4509,4.580899963,2.594500876,890,772,7,61,897,833
4510,1.437884922,2.867926498,1512,1337,11,71,1523,1408
4511,3.350137547,2.464520129,1112,1072,4,60,1116,1132
4512,2.954299603,2.330148368,909,805,5,43,914,848
4513,2.467548093,1.476040049,1323,1237,11,47,1334,1284
4514,3.711859723,1.296673268,1667,1546,6,97,1673,1643
4515,1.825929886,1.049847558,1111,1088,6,37,1117,1125
4516,4.320406913,2.788774199,902,805,2,48,904,853
4517,4.13842231,1.932888283,796,741,1,40,797,781
4518,3.303438057,1.876163318,1607,1464,7,87,1614,1551
4519,4.69552221,0.5733420796,1141,1051,3,44,1144,1095
4520,2.98654683,1.596057048,1499,1335,6,55,1505,1390
4521,3.222969745,2.672693959,820,722,7,46,827,768
4522,2.148359117,0.7814804188,1790,1641,10,55,1800,1696
4523,2.770064735,1.00034951,1511,1468,6,58,1517,1526
4524,2.262276928,2.948234099,1493,1332,7,74,1500,1406
4525,4.476551693,0.8762011892,1320,1287,1,55,1321,1342
4526,3.095029289,2.104266029,1157,1009,3,52,1160,1061
4527,1.761708265,0.3463038437,1451,1391,8,42,1459,1433
4528,4.957216742,1.983379494,1011,933,6,52,1017,985
4529,3.441648279,0.1894136852,1903,1624,8,54,1911,1678
4530,1.158346187,2.198891592,801,753,1,22,802,775
4531,3.494815965,2.728771505,1181,978,3,61,1184,1039
4532,3.276325,0.2142456558,1225,1151,4,36,1229,1187
4533,3.44670081,2.982719573,1597,1485,6,77,1603,1562
4534,4.357796115,0.651636249,1052,967,3,35,1055,1002
4535,3.441356059,1.740715212,677,575,3,33,680,608
4536,2.363435701,1.320966747,1271,1136,8,44,1279,1180
4537,1.606392711,1.625405186,1099,1042,6,32,1105,1074
4538,1.667560154,0.352738067,903,846,6,25,909,871
4539,1.34766427,1.083589923,1488,1432,4,53,1492,1485
4540,3.203912594,2.770837236,1036,924,6,50,1042,974
4541,4.94029393,2.11932686,1451,1340,5,74,1456,1414
4542,4.84808103,1.609242903,1166,1066,5,61,1171,1127
4543,3.228412509,1.721269342,1364,1252,7,55,1371,1307
4544,4.779823755,2.941776929,1724,1545,8,103,1732,1648
4545,1.807535146,1.247116156,1775,1547,7,68,1782,1615
4546,1.68334875,1.274711281,1793,1634,13,69,1806,1703
4547,4.689669455,2.747048484,1080,970,6,58,1086,1028
4548,1.240331512,1.414388301,1028,1026,6,36,1034,1062
4549,4.34784578,2.734621569,1625,1420,3,103,1628,1523
4550,1.015965142,1.149398918,846,740,4,24,850,764
4551,3.504931093,2.553943796,1621,1403,4,96,1625,1499
4552,3.489303579,2.346716498,1566,1412,10,86,1576,1498
4553,1.244242742,2.127355861,1486,1520,11,75,1497,1595
4554,1.07985392,2.520059229,1755,1569,15,78,1770,1647
4555,1.534438183,0.3552629824,802,752,6,19,808,771
4556,2.909117845,0.3384612469,1726,1577,9,66,1735,1643
4557,1.778023077,0.4969615341,811,762,1,27,812,789
4558,1.926924781,0.2522859471,1371,1300,4,27,1375,1327
4559,2.337568508,0.3123787239,1048,965,5,25,1053,990
4560,3.928877143,1.200503727,1620,1472,8,67,1628,1539
4561,1.66693615,2.926360117,1796,1631,13,76,1809,1707
4562,2.461355094,0.1892469362,772,741,3,20,775,761
4563,3.258580112,0.9663076031,1490,1343,4,65,1494,1408
4564,3.012094061,0.03058528983,1017,1003,4,23,1021,1026
4565,2.856333705,1.775991207,939,869,5,35,944,904
4566,2.556399778,0.07075766262,1496,1374,5,40,1501,1414
4567,1.859103586,2.727890701,1692,1587,7,54,1699,1641
4568,2.905856927,1.106066104,809,744,7,27,816,771
4569,4.450601795,2.083450112,1248,1075,6,55,1254,1130
4570,3.448044898,1.220107254,1032,933,6,51,1038,984
4571,1.431873067,1.4335295,1725,1558,6,46,1731,1604
4572,4.726143994,2.126209578,1078,902,5,52,1083,954
4573,4.470464482,0.1731041626,1282,1070,2,51,1284,1121
4574,4.756124611,1.053701117,1467,1375,7,67,1474,1442
4575,2.897252541,0.4872493294,1169,1021,4,43,1173,1064
4576,2.978514271,2.104502046,1592,1408,9,68,1601,1476
4577,1.347782881,0.1951335854,1729,1613,13,47,1742,1660
4578,2.513233848,0.4275260814,1503,1333,7,44,1510,1377
4579,2.076563262,2.841978704,1623,1462,10,70,1633,1532
4580,2.312654237,1.644938898,929,882,7,25,936,907
4581,4.560384299,0.06193571027,1165,1051,8,36,1173,1087
4582,3.582386616,0.1499055212,958,830,7,30,965,860
4583,3.542317448,2.329295972,1046,885,3,51,1049,936
4584,2.242467236,0.7756347099,1246,1145,3,47,1249,1192
4585,3.525069063,0.01704866631,1828,1793,15,53,1843,1846
4586,3.143592375,0.09672980823,813,749,5,19,818,768
4587,4.421992406,1.122907507,798,737,6,28,804,765
4588,1.213231055,1.592794636,1381,1212,8,45,1389,1257
4589,2.310712601,2.584474901,993,989,9,61,1002,1050
4590,1.594058114,2.23964195,1210,1179,8,50,1218,1229
4591,2.823623914,0.2929061931,667,624,3,28,670,652
4592,1.35411247,0.4792865334,1224,1129,5,32,1229,1161
4593,4.971275424,2.24775742,1797,1626,7,96,1804,1722
4594,2.043459422,0.07594824748,1050,931,7,31,1057,962
4595,2.983635865,2.233752052,1858,1682,6,86,1864,1768
4596,1.722793211,0.7574577277,1624,1426,5,49,1629,1475
4597,4.819698263,1.697944393,1178,1066,7,56,1185,1122
4598,4.513080694,0.1786888329,790,691,1,22,791,713
4599,4.642691534,2.470155033,1102,1035,2,69,1104,1104
4600,2.423848246,0.2685629443,1195,1054,3,47,1198,1101
4601,3.672018536,1.797553603,1195,1162,5,54,1200,1216
4602,3.849267894,2.378717254,1583,1485,7,84,1590,1569
4603,2.217139566,1.36610965,1548,1482,8,64,1556,1546
4604,1.200095694,0.9061648212,1246,1139,11,38,1257,1177
4605,2.972233075,2.066087056,1141,1019,2,37,1143,1056
4606,1.218828534,2.697651352,1002,898,7,34,1009,932
4607,1.508766509,0.2252244635,1258,1214,6,34,1264,1248
4608,1.661719348,1.372175138,1248,1170,7,53,1255,1223
4609,3.213764268,0.5118823183,1529,1397,8,48,1537,1445
4610,2.63901015,2.622262828,639,615,3,33,642,648
4611,1.353260132,1.156999262,1734,1549,14,60,1748,1609
4612,3.10867201,2.34293036,901,847,3,50,904,897
4613,2.946262008,2.009992883,1686,1592,9,82,1695,1674
4614,2.020367449,0.1497588717,1135,1051,6,30,1141,1081
4615,2.810092387,2.03372858,661,583,5,30,666,613
4616,3.471898517,0.9311137978,1694,1616,10,50,1704,1666
4617,2.052793965,0.3092281758,716,651,4,20,720,671
4618,1.148601467,1.760584192,1843,1653,10,84,1853,1737
4619,1.988155024,2.504551632,905,816,3,38,908,854
4620,4.634447137,2.25463709,1240,1160,7,59,1247,1219
4621,3.19897524,0.5128112741,1543,1513,8,62,1551,1575
4622,2.137546151,2.042674578,1499,1394,4,59,1503,1453
4623,3.376838631,1.113593863,1009,971,9,39,1018,1010
4624,1.285636845,2.847720823,1604,1474,8,63,1612,1537
4625,3.029880344,1.564640214,949,912,6,34,955,946
4626,1.434588122,2.597418576,829,674,3,28,832,702
4627,3.048520764,0.01760394617,1489,1311,6,43,1495,1354
4628,2.098957072,2.308563638,1127,1059,4,50,1131,1109
4629,1.660555651,1.561132013,1851,1693,6,63,1857,1756
4630,1.094351274,1.326518516,1736,1668,7,45,1743,1713
4631,3.098722023,1.949287174,914,776,5,34,919,810
4632,3.569342522,1.10378162,1737,1592,7,62,1744,1654
4633,3.286360225,0.9165868025,1020,976,3,43,1023,1019
4634,1.393202003,1.659779279,786,672,3,31,789,703
4635,1.452910336,0.6809930659,711,618,4,24,715,642
4636,3.079400851,2.908863688,1826,1697,3,82,1829,1779
4637,3.397271377,1.12496292,1059,979,5,38,1064,1017
4638,3.228430854,1.446345585,1391,1283,2,53,1393,1336
4639,4.832402817,1.419719213,1331,1276,3,57,1334,1333
4640,2.921461932,2.224512306,926,844,3,44,929,888
4641,3.749141526,0.6011033382,1053,953,6,44,1059,997
4642,1.776302448,1.934790654,1389,1253,7,47,1396,1300
4643,3.526238201,1.643575463,1207,1033,8,35,1215,1068
4644,4.693189839,0.9597918759,1709,1543,7,78,1716,1621
4645,3.585809678,0.6156416799,903,861,2,41,905,902
4646,4.823754855,1.413186383,1555,1398,12,69,1567,1467
4647,3.739964919,0.4728353742,1661,1608,6,56,1667,1664
4648,4.111091696,1.838914468,1365,1289,9,61,1374,1350
4649,2.160374554,0.3446762434,1062,929,8,41,1070,970
4650,2.023726924,2.824609756,1688,1599,6,87,1694,1686
4651,2.366593152,2.834065625,1676,1610,12,87,1688,1697
4652,2.484552743,2.658337566,672,641,1,28,673,669
4653,3.381868666,2.235168573,782,756,3,41,785,797
4654,3.219542463,0.8841819584,792,737,1,37,793,774
4655,3.541643236,1.965813453,1554,1482,6,78,1560,1560
4656,2.045752957,2.441174512,1375,1267,9,58,1384,1325
4657,2.013569202,1.559644224,1714,1519,8,65,1722,1584
4658,1.183598404,2.392055967,1334,1122,7,47,1341,1169
4659,4.135783234,2.478592685,1376,1312,5,77,1381,1389
4660,3.530790716,0.5481833201,1085,966,0,37,1085,1003
4661,3.2636214,1.550089821,1058,985,5,51,1063,1036
4662,4.767345398,1.396909313,1565,1424,6,88,1571,1512
4663,2.410626365,2.957203839,791,715,4,39,795,754
4664,4.756095299,0.4899415844,1189,1147,8,55,1197,1202
4665,1.486204326,1.12632535,699,604,1,31,700,635
4666,2.058682577,1.848543016,1019,977,4,35,1023,1012
4667,1.79324957,1.106730573,1048,978,3,29,1051,1007
4668,2.182964703,2.087507048,1546,1363,8,72,1554,1435
4669,2.000888766,1.828894244,1674,1608,10,63,1684,1671
4670,1.68200158,2.337712032,663,672,4,20,667,692
4671,4.156282608,1.781989382,689,648,2,21,691,669
4672,1.690577733,2.287158624,1159,1044,0,60,1159,1104
4673,1.408106139,1.620020433,931,923,5,48,936,971
4674,1.081815039,2.328647197,1303,1146,5,49,1308,1195
4675,3.206153738,0.5021014636,812,725,4,23,816,748
4676,3.256558492,2.699646615,806,703,2,43,808,746
4677,4.857025598,1.691888126,1490,1384,3,74,1493,1458
4678,3.059426183,2.358527927,898,807,3,49,901,856
4679,2.759165635,2.996326623,821,739,2,44,823,783
4680,1.782533376,2.583131093,682,613,5,31,687,644
4681,1.502569322,2.421082116,660,652,3,25,663,677
4682,3.068332597,1.784534506,675,637,2,32,677,669
4683,4.276655636,1.116350639,930,780,0,35,930,815
4684,4.94694923,0.6065167146,1788,1701,8,74,1796,1775
4685,4.718736336,2.033400378,1865,1617,7,103,1872,1720
4686,1.922795314,0.8717747545,1609,1490,2,49,1611,1539
4687,3.239009728,2.454382397,1866,1682,6,79,1872,1761
4688,3.280469713,1.335938508,786,713,2,38,788,751
4689,1.574671738,0.1070268375,684,634,4,19,688,653
4690,4.644138131,0.5518426941,1890,1735,10,62,1900,1797
4691,2.647195447,2.790476193,1864,1631,5,93,1869,1724
4692,1.290630357,2.66643793,1269,1151,7,56,1276,1207
4693,1.235232533,2.362570025,1850,1715,8,75,1858,1790
4694,3.29631761,2.905000891,1797,1743,9,98,1806,1841
4695,2.517421332,1.627239819,1233,1180,6,46,1239,1226
4696,2.708682377,2.201507772,1038,1007,1,47,1039,1054
4697,2.17353468,1.626869936,914,872,6,36,920,908
4698,3.71922784,0.3657010044,891,846,4,29,895,875
4699,2.793973829,2.654930252,1352,1242,7,65,1359,1307
4700,2.207836841,1.83615079,1472,1357,6,60,1478,1417
4701,1.927142247,1.471617427,1602,1457,9,70,1611,1527
4702,1.772758478,1.926464188,910,855,5,36,915,891
4703,2.774421589,2.717111384,653,569,3,32,656,601
4704,1.97948881,0.3039119161,1482,1331,6,47,1488,1378
4705,2.756544076,1.175546281,1865,1657,6,66,1871,1723
4706,2.546909328,0.6479186673,1382,1236,6,39,1388,1275
4707,2.079137994,2.619009678,657,615,2,28,659,643
4708,2.30560392,2.185773285,1344,1248,12,61,1356,1309
4709,1.632554658,1.483573861,1066,991,4,34,1070,1025
4710,1.817300536,0.394468757,1351,1285,6,39,1357,1324
4711,4.90094205,2.329949971,1816,1614,3,91,1819,1705
4712,4.112377734,1.287497923,1695,1555,10,68,1705,1623
4713,1.266896185,2.670769891,1822,1708,7,69,1829,1777
4714,4.662490915,1.4002854,927,842,1,41,928,883
4715,4.004002961,2.798564651,1589,1420,6,82,1595,1502
4716,4.12302035,0.2139783492,1809,1723,6,53,1815,1776
4717,2.414818523,0.08850682146,923,885,2,16,925,901
4718,2.638876885,2.396635588,1384,1235,3,43,1387,1278
4719,1.614974457,1.96356232,1302,1279,6,48,1308,1327
4720,3.327338381,0.03323167094,806,769,2,21,808,790
4721,1.032885533,2.058068503,1470,1387,4,45,1474,1432
4722,4.025384709,1.423093146,1469,1404,6,59,1475,1463
4723,1.144415395,1.029837518,819,762,7,16,826,778
4724,2.245913922,0.7503243664,1377,1335,10,45,1387,1380
4725,2.081415179,1.080160629,994,872,2,28,996,900
4726,4.107988719,0.5959097253,1083,1034,6,50,1089,1084
4727,1.865424123,0.1834440804,1233,1199,9,31,1242,1230
4728,3.53724341,2.243819172,1233,1129,4,53,1237,1182
4729,1.558963481,1.123235469,1539,1429,10,51,1549,1480
4730,2.514961119,0.2458235886,1019,968,0,31,1019,999
4731,4.697424874,1.346789077,710,648,2,35,712,683
4732,2.872950867,0.2551003342,1740,1627,12,50,1752,1677
4733,4.644393766,1.280506331,672,624,2,35,674,659
4734,3.699716572,0.9370514724,910,851,4,30,914,881
4735,1.102514346,2.383394926,906,838,5,39,911,877
4736,2.320111748,0.2401644625,1865,1670,6,59,1871,1729
4737,2.972871407,2.780758499,1013,925,2,50,1015,975
4738,3.630185247,0.8503059637,828,724,7,35,835,759
4739,1.957958543,0.9129697871,1709,1516,5,55,1714,1571
4740,4.966131352,0.9131132023,1142,1026,2,49,1144,1075
4741,4.278427194,1.636097425,897,827,6,42,903,869
4742,3.688544196,1.738910831,1047,956,5,43,1052,999
4743,3.710800411,1.711695994,1719,1584,12,99,1731,1683
4744,3.214588724,2.500008866,1722,1673,13,104,1735,1777
4745,1.696348081,1.406815125,1846,1650,8,60,1854,1710
4746,1.099719358,0.8423538492,901,892,5,23,906,915
4747,3.818156629,0.4988384979,1719,1577,3,58,1722,1635
4748,3.666505364,2.286324482,1481,1372,4,68,1485,1440
4749,1.068109741,0.9511594189,1356,1261,7,41,1363,1302
4750,2.65744671,1.14054641,1386,1244,7,40,1393,1284
4751,3.100467448,2.010744975,1360,1213,9,45,1369,1258
4752,2.183059164,2.338758624,674,602,2,33,676,635
4753,3.474035933,2.058505606,1417,1226,5,59,1422,1285
4754,2.635377865,2.548668989,1454,1320,8,69,1462,1389
4755,2.379610947,2.653624495,1479,1368,8,84,1487,1452
4756,1.665579012,0.03488953379,1268,1157,7,28,1275,1185
4757,3.643563281,0.08026876744,1120,1049,4,30,1124,1079
4758,1.963370114,2.428923373,1011,938,0,36,1011,974
4759,4.418224422,0.3786903975,1210,1140,5,55,1215,1195
4760,4.153373497,0.757452524,1813,1559,7,73,1820,1632
4761,2.16510582,2.661144994,1641,1496,3,74,1644,1570
4762,2.902246527,0.9693546894,759,696,3,31,762,727
4763,4.65624579,0.06918670145,1024,994,3,23,1027,1017
4764,4.482045587,0.4982004499,1495,1314,6,52,1501,1366
4765,3.723323328,2.668251744,845,733,2,44,847,777
4766,4.295198779,0.2873072013,1841,1695,6,67,1847,1762
4767,3.59305984,2.265084423,1217,1160,7,63,1224,1223
4768,3.739470717,0.841733165,1611,1494,6,65,1617,1559
4769,1.040301233,2.407345356,1296,1173,6,40,1302,1213
4770,4.924126593,0.9924026,845,744,2,34,847,778
4771,2.801720797,0.8412208378,1588,1459,4,59,1592,1518
4772,2.704183828,0.8063371457,937,848,2,25,939,873
4773,1.069955921,1.548519378,1285,1183,4,45,1289,1228
4774,1.586630749,2.438087903,868,815,7,39,875,854
4775,3.844212432,2.732357456,784,687,0,35,784,722
4776,4.637739906,1.2725504,1002,965,3,41,1005,1006
4777,1.031417893,1.666020436,1027,906,7,25,1034,931
4778,2.199118534,0.1153940924,1867,1707,6,53,1873,1760
4779,1.64082151,0.4451087008,1377,1300,6,33,1383,1333
4780,2.256257673,0.01876750728,1653,1457,8,40,1661,1497
4781,4.615879049,1.119393994,772,716,4,36,776,752
4782,2.603458874,2.051607897,1705,1603,8,74,1713,1677
4783,2.761078674,0.069062201,1278,1163,7,32,1285,1195
4784,4.99336143,1.596374425,1865,1702,8,102,1873,1804
4785,2.714007542,0.5965604343,883,832,3,32,886,864
4786,4.947108243,2.403278817,1425,1308,8,87,1433,1395
4787,3.441433227,0.3122971824,902,874,1,33,903,907
4788,4.928350403,1.451341182,1190,1053,4,67,1194,1120
4789,4.623949203,0.3501984091,1490,1404,6,58,1496,1462
4790,3.339903959,0.750303671,742,665,4,18,746,683
4791,1.066120575,0.4374970161,765,732,8,13,773,745
4792,3.195152968,1.59052276,1657,1594,9,78,1666,1672
4793,4.600747506,1.681098791,1232,1179,3,49,1235,1228
4794,3.969301575,2.308806912,1819,1639,9,86,1828,1725
4795,4.775442224,2.398579748,1699,1565,6,94,1705,1659
4796,4.749599588,0.02385454977,944,849,4,19,948,868
4797,3.350009152,0.465446524,1363,1255,4,51,1367,1306
4798,2.066474482,1.392412725,778,739,6,30,784,769
4799,2.313932846,2.263628887,1230,1190,10,57,1240,1247
4800,4.7002483,1.478038865,1433,1359,5,66,1438,1425
4801,4.793602308,2.587769845,1111,1073,8,65,1119,1138
4802,3.659203879,0.2353143321,715,691,3,26,718,717
4803,4.397531666,0.4238784073,796,789,3,32,799,821
4804,3.629782976,1.187448217,1521,1425,5,56,1526,1481
4805,3.090326456,1.614244918,1203,1035,5,48,1208,1083
4806,1.560565451,0.611884419,625,631,2,23,627,654
4807,4.253453299,0.897102254,668,604,5,30,673,634
4808,3.847829264,0.786702858,1749,1554,9,68,1758,1622
4809,4.584797496,0.9760126047,1840,1702,10,79,1850,1781
4810,4.390907745,1.447901222,1453,1365,5,60,1458,1425
4811,2.37340941,1.492796001,1592,1470,8,52,1600,1522
4812,1.371723391,1.190433471,876,885,6,38,882,923
4813,3.540464015,1.413452761,1035,963,6,49,1041,1012
4814,3.461172016,2.65946467,680,589,0,37,680,626
4815,3.36777745,0.8946953625,772,740,4,37,776,777
4816,2.256916045,0.9541285878,781,686,1,29,782,715
4817,4.313929196,1.196930255,788,711,2,47,790,758
4818,4.853724704,1.711365754,1416,1212,9,77,1425,1289
4819,4.292277932,2.239339459,1664,1563,6,90,1670,1653
4820,2.655601116,2.156917138,1340,1260,5,64,1345,1324
4821,3.743121383,0.653885722,1765,1674,4,56,1769,1730
4822,2.967336451,0.8479096852,1011,957,8,41,1019,998
4823,4.229815011,1.584709606,1387,1242,4,75,1391,1317
4824,4.584603506,1.906931618,1492,1369,4,58,1496,1427
4825,1.894989426,2.486058526,1098,1026,7,35,1105,1061
4826,1.652027658,2.747701898,1045,928,2,41,1047,969
4827,1.864834261,1.106008737,1285,1212,9,57,1294,1269
4828,2.105789119,0.7798868597,1417,1379,9,56,1426,1435
4829,2.067059868,0.9021521603,783,709,7,15,790,724
4830,2.597714609,1.632819701,1804,1725,7,74,1811,1799
4831,4.883783207,1.144310756,1122,1003,6,55,1128,1058
4832,4.735565052,1.120630738,1035,918,4,47,1039,965
4833,2.925209117,0.1876492562,1365,1225,3,54,1368,1279
4834,3.281296955,1.455833386,1464,1388,4,62,1468,1450
4835,1.923310829,2.139775218,1706,1572,10,71,1716,1643
4836,4.166586696,1.652290705,1677,1596,5,96,1682,1692
4837,1.663697687,0.9523291774,1240,1145,6,42,1246,1187
4838,2.798823979,0.5353874021,1353,1279,6,51,1359,1330
4839,3.201156077,2.126918794,675,613,2,38,677,651
4840,1.23762364,2.385689035,1248,1152,7,43,1255,1195
4841,1.307155236,2.162521153,1258,1138,6,58,1264,1196
4842,3.146682646,1.70427576,1188,1058,3,50,1191,1108
4843,2.317156907,1.578304471,1842,1665,6,67,1848,1732
4844,3.209612293,0.6154704998,1741,1691,9,60,1750,1751
4845,1.613783634,2.670600628,1294,1142,5,52,1299,1194
4846,1.105184555,0.5141194959,1345,1256,9,36,1354,1292
4847,2.296406585,0.01684719182,785,720,8,17,793,737
4848,1.826235132,1.766269726,780,723,2,34,782,757
4849,1.616225044,1.188784554,903,858,8,24,911,882
4850,2.101472885,2.734702972,1720,1498,9,82,1729,1580
4851,2.697460979,1.822615012,704,596,3,32,707,628
4852,1.407594116,1.13651421,1837,1728,11,48,1848,1776
4853,4.943773927,1.428246742,844,751,3,33,847,784
4854,4.133810555,0.288783003,1327,1279,4,46,1331,1325
4855,3.712771065,1.707938,802,685,1,48,803,733
4856,1.997993423,2.245066721,1056,1056,6,50,1062,1106
4857,2.474120829,0.1552039753,771,795,3,20,774,815
4858,1.678739291,2.928069653,1303,1244,9,66,1312,1310
4859,2.130945172,1.416747309,1365,1251,7,50,1372,1301
4860,1.256125334,0.3329230015,1323,1263,5,36,1328,1299
4861,1.194115316,1.893240532,1491,1377,8,50,1499,1427
4862,1.406442399,0.2995010748,637,649,0,18,637,667
4863,4.610226957,2.546747319,1733,1585,10,74,1743,1659
4864,1.562979459,0.9665143312,1826,1642,5,66,1831,1708
4865,1.36450897,2.214111855,822,749,3,39,825,788
4866,3.352260353,2.079211174,1338,1278,3,69,1341,1347
4867,4.588318501,1.573670671,1140,1043,3,61,1143,1104
4868,4.53687316,2.187076518,1354,1294,6,72,1360,1366
4869,4.146244091,0.02755076384,847,771,3,17,850,788
4870,4.836798107,2.121072462,1531,1346,3,87,1534,1433
4871,2.036270302,1.720437441,932,856,7,37,939,893
4872,4.116985641,1.078735085,862,863,7,26,869,889
4873,3.741931022,1.406289094,1135,1066,4,52,1139,1118
4874,2.314679016,2.015585004,773,741,3,32,776,773
4875,3.985746443,2.084923901,685,653,2,33,687,686
4876,1.27110068,2.23812956,1571,1485,11,56,1582,1541
4877,1.557947531,0.6219167077,1288,1201,6,31,1294,1232
4878,2.283167377,2.203362088,1461,1344,6,56,1467,1400
4879,2.09373362,2.215431242,1748,1580,10,83,1758,1663
4880,3.458222565,0.9118638907,843,771,4,30,847,801
4881,4.197656681,2.014640771,700,634,4,38,704,672
4882,4.982929601,2.553492682,1234,1137,6,65,1240,1202
4883,1.768296582,1.788810602,811,722,4,24,815,746
4884,1.69243432,1.822892604,1001,1008,3,33,1004,1041
4885,2.311653967,1.044694868,688,621,1,29,689,650
4886,2.386833634,0.2710031586,1018,955,8,24,1026,979
4887,1.54582143,2.015090916,1534,1350,10,50,1544,1400
4888,4.674519483,0.4016759401,1037,894,4,21,1041,915
4889,2.756705463,0.4618345473,1591,1431,5,52,1596,1483
4890,3.326820059,2.514764897,1703,1543,5,76,1708,1619
4891,1.160647073,0.03145627677,1511,1424,5,32,1516,1456
4892,4.289805774,0.1683943993,1098,1066,6,34,1104,1100
4893,3.901209086,2.369714264,1037,914,7,52,1044,966
4894,4.219491053,0.3504878509,1509,1413,9,56,1518,1469
4895,1.550322694,1.332328102,1622,1438,10,77,1632,1515
4896,4.357400369,1.593411991,1764,1646,5,86,1769,1732
4897,3.105324497,0.9460858458,1029,922,1,39,1030,961
4898,3.318188643,1.135764579,951,827,3,43,954,870
4899,2.585226191,0.4067156654,1855,1597,9,63,1864,1660
4900,2.573667258,0.5220017332,911,794,4,35,915,829
4901,3.653161956,1.096296152,1766,1544,10,64,1776,1608
4902,2.568444055,2.041057244,959,946,9,38,968,984
4903,2.174989331,1.189713162,641,604,4,22,645,626
4904,3.723567464,1.459065807,1723,1642,8,74,1731,1716
4905,2.977455739,1.242968741,1529,1490,6,63,1535,1553
4906,4.128986026,1.502872414,789,702,2,37,791,739
4907,2.210578238,1.349602352,1400,1300,2,36,1402,1336
4908,1.398217119,1.062362224,1297,1153,6,27,1303,1180
4909,3.966901147,2.170645161,1824,1672,10,96,1834,1768
4910,1.337543751,2.647016488,1686,1596,14,58,1700,1654
4911,3.4975838,1.107761434,1507,1373,3,61,1510,1434
4912,2.179864777,0.7090230084,1162,1025,5,30,1167,1055
4913,4.730280119,0.7013096305,1170,1037,7,34,1177,1071
4914,3.650413728,0.9160163628,791,735,2,36,793,771
4915,1.080233738,1.61778382,691,608,3,18,694,626
4916,1.584789319,0.6177016742,931,857,5,35,936,892
4917,2.032541727,1.982653447,1365,1211,10,60,1375,1271
4918,3.739901101,0.6692087369,1608,1456,6,61,1614,1517
4919,2.185445778,0.9657674904,1212,1120,3,39,1215,1159
4920,1.093259603,1.056364744,723,639,6,20,729,659
4921,3.425125495,1.243901166,1669,1620,11,68,1680,1688
4922,3.18603007,2.082251932,1442,1253,3,41,1445,1294
4923,1.848663503,2.244054217,1268,1175,7,46,1275,1221
4924,3.285556988,1.777459462,684,646,2,33,686,679
4925,3.940900342,2.327995715,1578,1383,6,79,1584,1462
4926,4.143912827,2.308753856,764,750,0,39,764,789
4927,2.214272227,0.5900190984,789,707,8,24,797,731
4928,2.33564632,0.002852358999,913,828,4,20,917,848
4929,2.798944682,0.9107657759,1047,958,6,30,1053,988
4930,2.515987669,1.414654818,701,667,1,18,702,685
4931,1.562727175,1.854264052,1715,1592,13,63,1728,1655
4932,4.910737512,1.636536759,1829,1665,12,79,1841,1744
4933,2.874768633,0.6641543948,811,754,6,28,817,782
4934,2.027149389,0.7781865137,905,904,1,20,906,924
4935,1.919085825,2.103427007,1358,1245,10,64,1368,1309
4936,2.169032976,0.9825458615,891,820,3,34,894,854
4937,4.603956534,1.114464937,1154,1071,5,55,1159,1126
4938,3.381990844,2.677834432,1399,1193,4,66,1403,1259
4939,3.111222158,2.159072697,1252,1174,8,50,1260,1224
4940,1.568849487,1.34437902,773,779,3,25,776,804
4941,3.040887316,1.154888902,994,970,7,40,1001,1010
4942,3.770355175,0.2946607417,1262,1149,5,40,1267,1189
4943,3.367963099,2.848473853,712,604,4,29,716,633
4944,2.501501686,1.013997913,1394,1242,8,49,1402,1291
4945,1.18011191,1.578241475,1731,1598,9,55,1740,1653
4946,3.115606147,2.161182554,1835,1666,7,71,1842,1737
4947,1.340224759,0.5844441094,1039,901,4,26,1043,927
4948,3.101165106,2.422499553,1346,1207,8,60,1354,1267
4949,2.236811333,1.88591331,687,608,3,32,690,640
4950,2.637939086,1.254747484,1318,1302,9,62,1327,1364
4951,3.483695846,1.581336582,1725,1580,8,92,1733,1672
4952,4.421379981,1.786406903,1559,1468,2,64,1561,1532
4953,2.031885788,2.562643584,1496,1500,6,82,1502,1582
4954,2.178057591,0.9058040229,1780,1656,17,72,1797,1728
4955,2.447128993,1.069538243,680,637,4,20,684,657
4956,4.445928138,2.88698965,1015,914,4,42,1019,956
4957,3.122315116,1.555812896,931,861,6,42,937,903
4958,4.887357084,2.339542439,1221,1160,5,60,1226,1220
4959,3.824654752,0.4120789068,887,851,4,40,891,891
4960,2.120314425,2.513031441,1135,980,5,49,1140,1029
4961,3.924632125,1.411445608,1665,1614,4,74,1669,1688
4962,2.385260864,1.403207803,1621,1502,3,67,1624,1569
4963,4.875204797,2.833910143,1830,1650,12,96,1842,1746
4964,2.064063329,0.6510175771,1327,1141,9,26,1336,1167
4965,4.101370334,2.623923552,1385,1260,7,75,1392,1335
4966,3.365935701,0.1781122046,981,957,6,38,987,995
4967,3.342087039,0.44244535,854,716,6,32,860,748
4968,4.283594072,2.951528883,803,727,3,46,806,773
4969,4.97199527,1.239503926,1159,1012,2,53,1161,1065
4970,4.795357342,0.3609241462,825,717,1,32,826,749
4971,2.957826116,1.432699885,1207,1217,6,52,1213,1269
4972,2.079912357,2.554936491,1019,892,2,34,1021,926
4973,2.872584039,2.624211474,1833,1639,12,89,1845,1728
4974,4.022559877,1.969183593,1386,1264,2,82,1388,1346
4975,4.494224245,2.036130671,1604,1443,6,73,1610,1516
4976,2.957700773,2.195662226,1238,1086,8,47,1246,1133
4977,1.861929847,0.6296750367,1417,1288,6,59,1423,1347
4978,1.294781047,2.236240984,1037,932,8,30,1045,962
4979,1.428205794,2.173865539,1110,923,7,34,1117,957
4980,2.273720962,2.829771856,1334,1120,9,64,1343,1184
4981,1.287348962,2.866949063,828,840,10,42,838,882
4982,4.259758405,0.3836056054,1484,1383,6,52,1490,1435
4983,4.834150188,2.234747819,1657,1526,9,84,1666,1610
4984,3.749300975,0.07260617731,1192,1057,7,30,1199,1087
4985,1.974843173,2.130521592,999,942,4,39,1003,981
4986,4.197288236,0.6449632033,1641,1546,8,67,1649,1613
4987,3.343853308,2.226948695,817,701,6,40,823,741
4988,2.361469541,1.031972325,1732,1572,10,65,1742,1637
4989,2.155753376,1.53672775,1429,1275,5,56,1434,1331
4990,1.352911414,1.81977098,1108,1101,5,50,1113,1151
4991,4.493133411,0.3557912558,918,846,2,27,920,873
4992,2.875252944,2.25323054,773,753,3,41,776,794
4993,1.434450541,1.024876391,694,617,4,26,698,643
4994,4.883742862,0.4863762163,670,653,4,21,674,674
4995,4.333700503,2.494454557,792,755,3,31,795,786
4996,3.092760872,0.9592778222,1255,1242,8,49,1263,1291
4997,2.596685311,1.420682681,808,698,2,31,810,729
4998,2.774227669,1.761335969,810,707,4,23,814,730
4999,2.274595462,0.8645438197,1019,926,6,37,1025,963
5000,4.701124089,2.962438931,1809,1616,4,97,1813,1713
5001,3.278881856,0.8607675598,779,762,1,29,780,791
5002,2.64214605,2.468841653,835,807,7,49,842,856
5003,2.958347811,0.467165914,770,721,2,17,772,738
5004,2.769828091,0.06627431399,1754,1708,9,52,1763,1760
5005,2.200510694,0.5066438383,1004,931,3,35,1007,966
5006,3.408857506,0.7386996176,1645,1567,7,80,1652,1647
5007,1.23440503,2.337429114,1146,1109,8,52,1154,1161
5008,2.410905154,2.746710784,670,598,2,36,672,634
5009,1.249717999,0.6643320028,1479,1375,4,53,1483,1428
5010,4.324660174,1.512889273,684,631,5,35,689,666
5011,3.330450539,1.187446099,1838,1718,11,78,1849,1796
5012,1.976787036,1.956828525,695,641,2,28,697,669
5013,4.598429144,1.651338115,1687,1547,5,87,1692,1634
5014,4.430052613,2.854750942,1161,1086,4,42,1165,1128
5015,1.002694064,0.1507020827,1255,1228,7,27,1262,1255
5016,1.336851389,1.088633181,1274,1186,11,33,1285,1219
5017,1.516450173,1.645789615,1315,1143,5,27,1320,1170
5018,2.330515718,1.985849491,1340,1269,9,59,1349,1328
5019,2.000424424,2.862594278,1552,1459,8,73,1560,1532
5020,3.314693803,0.3604201481,1128,1098,3,35,1131,1133
5021,2.212726071,1.382188277,896,797,4,29,900,826
5022,3.569464322,2.009762045,1043,917,6,45,1049,962
5023,4.98788876,0.9215923287,1437,1383,7,69,1444,1452
5024,3.849471118,0.187934657,972,877,4,23,976,900
5025,3.08550833,0.2693153385,1889,1691,12,56,1901,1747
5026,3.219643425,0.284369765,841,742,2,28,843,770
5027,2.318038413,0.1238797756,1727,1564,3,41,1730,1605
5028,3.263233887,0.1113934699,942,863,5,28,947,891
5029,2.701444944,0.04348505347,756,683,5,23,761,706
5030,1.304344046,0.501256464,1219,1189,5,22,1224,1211
5031,4.944647664,2.588323987,767,728,0,48,767,776
5032,2.62598692,2.749305712,858,844,5,38,863,882
5033,2.596909426,0.1975711542,1259,1182,8,31,1267,1213
5034,1.082429388,1.212596336,1810,1668,11,64,1821,1732
5035,4.132231952,1.000610196,1172,1062,4,48,1176,1110
5036,4.955903064,1.130368435,929,832,1,36,930,868
5037,2.453606782,1.20058265,1378,1235,4,54,1382,1289
5038,1.735478042,1.81892809,1611,1470,6,53,1617,1523
5039,2.399473166,0.9878551628,681,629,2,21,683,650
5040,1.164996532,1.648844308,724,632,4,17,728,649
5041,1.656827388,1.778467458,1038,999,9,43,1047,1042
5042,3.431411669,1.070284461,891,892,2,44,893,936
5043,3.880175844,0.2804377175,1412,1310,3,48,1415,1358
5044,1.124063733,1.6280467,1831,1685,15,56,1846,1741
5045,4.427733054,0.7736087611,1548,1417,6,66,1554,1483
5046,3.262737418,1.102622002,1809,1675,8,76,1817,1751
5047,1.552951805,1.250055511,1051,917,4,35,1055,952
5048,3.556379905,2.331709253,997,924,5,47,1002,971
5049,3.899745834,1.557996352,1293,1132,7,43,1300,1175
5050,4.634942836,1.035027158,813,777,3,36,816,813
5051,4.91055105,1.04721421,1159,999,4,49,1163,1048
5052,1.553987989,0.4242749548,1503,1335,6,27,1509,1362
5053,1.712460258,0.5529226088,1156,1080,5,37,1161,1117
5054,3.291990681,0.420489349,1772,1668,7,57,1779,1725
5055,1.155945167,2.587669422,1105,1079,8,40,1113,1119
5056,1.691682735,1.115354552,961,873,5,30,966,903
5057,3.627127808,1.769742276,1335,1319,6,66,1341,1385
5058,2.380861354,2.203359045,1486,1368,6,73,1492,1441
5059,4.682728386,1.358366691,1386,1179,6,67,1392,1246
5060,3.787768659,1.393656098,1129,1049,5,55,1134,1104
5061,3.080992261,1.800934728,1209,1027,4,44,1213,1071
5062,1.953457539,0.7787873783,1250,1178,7,39,1257,1217
5063,3.950421101,0.4500331907,1471,1305,6,64,1477,1369
5064,4.661000744,0.6955888664,1623,1498,5,55,1628,1553
5065,3.133000527,0.6768203401,792,739,3,34,795,773
5066,2.792450701,0.326072091,784,746,4,30,788,776
5067,3.38674022,1.726090883,819,728,2,44,821,772
5068,2.631081266,0.9730583708,1534,1383,6,44,1540,1427
5069,3.768847609,0.7878259359,1248,1119,4,42,1252,1161
5070,4.593532696,0.8214626804,1740,1554,6,73,1746,1627
5071,2.386710037,0.2357240308,1578,1490,5,38,1583,1528
5072,3.806295204,0.8847017666,1684,1503,6,59,1690,1562
5073,1.047229988,1.076709828,890,855,4,25,894,880
5074,3.813741035,1.976268914,1611,1452,5,77,1616,1529
5075,2.080270926,2.468291415,919,855,5,46,924,901
5076,1.855445941,1.767212094,1269,1194,6,55,1275,1249
5077,4.627258251,1.779910477,1824,1633,6,90,1830,1723
5078,1.316736082,0.2363272186,1435,1383,12,42,1447,1425
5079,2.406444677,2.265146156,999,918,3,48,1002,966
5080,1.103618151,1.549691249,1735,1661,9,70,1744,1731
5081,3.334473401,0.891574984,909,870,5,22,914,892
5082,4.398039254,0.2399868411,1105,1031,2,46,1107,1077
5083,3.549368373,1.646605806,1774,1588,7,69,1781,1657
5084,3.573633031,0.9673319596,1173,1048,1,43,1174,1091
5085,4.218719079,1.039558469,1238,1103,6,47,1244,1150
5086,3.369568807,1.436106918,899,888,3,34,902,922
5087,1.678173155,2.731200115,1664,1564,12,71,1676,1635
5088,1.026810988,2.017569651,1143,1063,0,47,1143,1110
5089,1.98636922,0.07091028394,693,656,2,11,695,667
5090,2.341935577,2.171945184,1178,1058,5,62,1183,1120
5091,2.8963355,2.109100698,1735,1604,8,74,1743,1678
5092,2.491127092,0.7406155358,797,765,5,20,802,785
5093,1.984480602,1.000192614,1494,1417,10,53,1504,1470
5094,1.265304428,1.127792525,1253,1212,6,42,1259,1254
5095,2.222257349,2.630079215,1388,1259,7,58,1395,1317
5096,1.335214645,0.2717013597,1881,1703,9,52,1890,1755
5097,1.070467931,1.897722611,807,744,7,25,814,769
5098,1.059405931,0.3968591529,812,750,5,20,817,770
5099,1.184854676,2.463208999,1520,1375,7,58,1527,1433
5100,2.305912469,1.476090461,1030,974,4,43,1034,1017
5101,3.779232223,0.3547806918,1478,1380,7,46,1485,1426
5102,4.539970371,0.4373699434,1583,1494,9,55,1592,1549
5103,2.542949721,2.286749713,1170,1010,5,64,1175,1074
5104,1.539861841,1.763487206,1747,1554,8,74,1755,1628
5105,4.116503027,1.483114456,718,655,4,29,722,684
5106,2.390001177,2.590290806,1039,893,6,51,1045,944
5107,4.423245591,0.9245326333,1064,901,4,40,1068,941
5108,3.248631684,2.566784597,1447,1394,5,74,1452,1468
5109,4.748835568,1.11091637,1847,1649,8,97,1855,1746
5110,2.35261927,2.472235632,795,730,4,35,799,765
5111,3.179951774,1.129445581,1365,1272,9,46,1374,1318
5112,3.543726846,2.069761399,1490,1334,6,72,1496,1406
5113,3.101376784,2.283664938,935,838,4,50,939,888
5114,1.103150937,0.660821042,941,811,11,28,952,839
5115,1.01772564,2.483312951,1669,1578,18,58,1687,1636
5116,3.089236698,2.506462261,1752,1610,9,101,1761,1711
5117,1.502124104,1.233143596,1536,1378,5,59,1541,1437
5118,3.637470486,2.85358031,794,713,3,59,797,772
5119,3.679348974,0.3525007968,1571,1390,6,54,1577,1444
5120,3.404036891,0.119190835,915,852,1,34,916,886
5121,2.666190505,2.95553585,1296,1151,1,76,1297,1227
5122,2.105368232,2.590439774,1837,1733,10,64,1847,1797
5123,4.443275208,2.931813868,821,744,1,36,822,780
5124,2.009474932,2.786435,1691,1557,13,84,1704,1641
5125,4.14793896,0.1867817796,1567,1456,7,54,1574,1510
5126,1.73375564,0.9644904974,1487,1383,9,62,1496,1445
5127,1.428792229,1.820272216,1540,1344,7,52,1547,1396
5128,1.704403166,2.919689106,1093,956,4,54,1097,1010
5129,1.420983493,1.672458783,970,875,5,25,975,900
5130,3.614094367,1.888249025,1088,962,4,33,1092,995
5131,1.427921554,0.6224106743,1307,1169,2,38,1309,1207
5132,1.812592002,0.284330105,1516,1386,7,44,1523,1430
5133,4.721751655,2.399168592,1113,1072,5,48,1118,1120
5134,4.369863695,2.388737917,651,625,5,37,656,662
5135,3.180195926,0.9704523114,1799,1677,10,68,1809,1745
5136,1.246517841,2.115669409,1592,1461,14,57,1606,1518
5137,4.525716431,0.2002333596,1678,1577,1,63,1679,1640
5138,3.304952382,1.698156977,922,844,5,40,927,884
5139,4.450266728,0.6453831609,657,641,4,32,661,673
5140,4.600212395,2.886654933,1129,1041,5,76,1134,1117
5141,1.356733589,1.691119862,685,660,0,24,685,684
5142,4.559654103,1.412290324,1704,1552,7,69,1711,1621
5143,3.327866152,2.997441921,1429,1374,5,64,1434,1438
5144,4.648761533,1.708498315,1736,1564,8,81,1744,1645
5145,1.37244964,1.235753037,901,829,10,32,911,861
5146,2.680364055,2.784304241,810,733,3,34,813,767
5147,3.376266731,0.7448321889,1860,1723,10,74,1870,1797
5148,1.312588908,0.08011032728,1102,1142,8,22,1110,1164
5149,3.024804505,1.620153115,1566,1461,8,63,1574,1524
5150,4.761304167,1.283659386,1689,1573,5,71,1694,1644
5151,4.881025511,0.7415752124,1541,1453,2,59,1543,1512
5152,4.492807761,2.226910327,836,725,4,43,840,768
5153,3.267486836,1.674908912,1159,1066,4,53,1163,1119
5154,1.975898913,2.437370333,821,773,5,44,826,817
5155,4.142382265,2.139921434,1591,1464,9,87,1600,1551
5156,3.274217474,0.5135927851,1119,1034,4,45,1123,1079
5157,4.171100421,2.513536269,906,807,3,39,909,846
5158,4.33185929,1.559426989,697,603,1,38,698,641
5159,3.021205205,0.5817271467,1398,1223,6,51,1404,1274
5160,3.54172346,1.381200639,1615,1429,5,69,1620,1498
5161,4.152855199,1.391204594,1016,933,5,37,1021,970
5162,1.571155698,0.6466906088,1541,1388,5,56,1546,1444
5163,3.730483731,0.12686356,995,883,5,30,1000,913
5164,3.398688067,2.823674957,686,632,2,37,688,669
5165,3.120032735,2.472125026,1350,1260,4,73,1354,1333
5166,3.453663215,0.4281377985,789,776,4,35,793,811
5167,3.340210187,1.156901065,803,717,0,34,803,751
5168,4.833053026,2.379496569,1016,946,6,56,1022,1002
5169,4.807458302,0.4122295502,1628,1434,6,71,1634,1505
5170,2.98258352,1.392577917,910,826,4,42,914,868
5171,3.037481598,2.450182106,929,879,5,34,934,913
5172,2.33314967,0.6205007772,1281,1188,5,42,1286,1230
5173,1.328516036,1.187322559,1706,1593,6,59,1712,1652
5174,1.146712367,2.401575915,1804,1635,9,71,1813,1706
5175,1.795651655,1.897604921,1211,1042,6,47,1217,1089
5176,3.636515753,2.43443672,1496,1330,4,76,1500,1406
5177,1.18978959,1.876302558,901,855,2,39,903,894
5178,1.009387974,0.2614928383,1194,1168,9,32,1203,1200
5179,3.197613861,0.08544210222,1125,1059,3,32,1128,1091
5180,2.893887501,1.285893082,1565,1495,2,63,1567,1558
5181,3.050802179,0.9228837612,1795,1657,10,79,1805,1736
5182,1.045427154,0.3047621909,1663,1657,11,45,1674,1702
5183,4.616942956,0.9274832818,800,742,2,36,802,778
5184,4.192976452,0.6937747111,745,709,3,34,748,743
5185,3.198374985,2.624743308,801,718,1,34,802,752
5186,1.269207695,2.972915088,941,831,4,34,945,865
5187,3.847323509,1.087064619,1144,1037,5,52,1149,1089
5188,3.786408559,0.05757488502,1040,920,3,41,1043,961
5189,4.961713899,2.449940783,1487,1388,6,83,1493,1471
5190,2.384477341,1.313944852,939,857,9,28,948,885
5191,2.485367666,1.639296298,773,760,8,38,781,798
5192,2.886706326,1.759737928,1446,1362,9,67,1455,1429
5193,4.151146365,1.909968023,1626,1588,5,86,1631,1674
5194,2.705547086,1.480648152,670,660,5,27,675,687
5195,2.625585494,2.178220439,698,612,2,23,700,635
5196,1.231368217,1.698602388,1307,1147,8,45,1315,1192
5197,2.91498965,2.75086684,869,810,1,55,870,865
5198,3.23980054,2.127272106,1747,1666,9,74,1756,1740
5199,3.740608483,1.124431997,1175,1028,5,60,1180,1088
5200,2.066431456,0.2076199562,1343,1309,7,35,1350,1344
5201,1.991333159,2.964880892,1492,1369,5,80,1497,1449
5202,1.016470465,1.099381036,1689,1566,12,52,1701,1618
5203,1.769797347,0.06761015905,671,670,4,21,675,691
5204,3.581651049,0.2178787697,1689,1570,9,67,1698,1637
5205,3.427330804,2.919628661,1427,1197,5,59,1432,1256
5206,1.794362829,2.328632948,1161,1072,4,41,1165,1113
5207,4.299815224,1.869765333,1233,1082,4,55,1237,1137
5208,1.728615957,2.705848321,830,765,1,28,831,793
5209,1.655142267,1.110606589,672,686,1,18,673,704
5210,2.730491628,1.088161859,1367,1270,2,52,1369,1322
5211,4.885281002,2.651374859,907,824,4,37,911,861
5212,1.405603222,0.3485389126,885,803,5,24,890,827
5213,1.893684346,0.2214185995,757,647,3,19,760,666
5214,4.432161847,0.6688585333,1453,1296,6,64,1459,1360
5215,4.398501327,0.6892218825,1839,1729,10,70,1849,1799
5216,2.341898391,2.151794164,816,753,1,45,817,798
5217,4.710807937,0.1605368573,1378,1274,3,39,1381,1313
5218,1.290017699,2.11013174,1259,1126,11,51,1270,1177
5219,2.46380406,1.279018387,1029,988,2,37,1031,1025
5220,4.092378482,1.606532834,1263,1165,5,57,1268,1222
5221,2.788393041,0.2320307562,1240,1119,7,32,1247,1151
5222,1.392254039,1.968462697,1373,1259,5,45,1378,1304
5223,1.181658665,1.449636842,1752,1660,8,72,1760,1732
5224,2.532651838,0.09772463288,684,645,4,27,688,672
5225,1.377638369,0.1390343809,1185,1062,2,30,1187,1092
5226,3.203355032,1.803327876,1225,1155,5,58,1230,1213
5227,2.054395521,1.613176233,1608,1491,4,59,1612,1550
5228,2.990677646,1.901290598,769,713,4,27,773,740
5229,4.697335757,0.1465671115,979,928,4,36,983,964
5230,2.043979382,2.25279818,1255,1190,9,65,1264,1255
5231,2.453753889,0.9604966696,947,788,8,23,955,811
5232,4.609217877,0.09074476627,1016,940,9,34,1025,974
5233,4.483717073,0.4354693395,890,902,1,31,891,933
5234,1.127053889,1.565825292,1600,1521,6,56,1606,1577
5235,3.879682876,1.716964395,1760,1613,5,82,1765,1695
5236,2.869129477,2.489837953,1832,1663,8,88,1840,1751
5237,2.689574372,1.118489566,1799,1670,9,75,1808,1745
5238,4.767234674,1.669810686,1847,1725,7,76,1854,1801
5239,2.148112926,0.2830124231,1370,1304,2,36,1372,1340
5240,4.070911856,1.763617809,1576,1496,4,75,1580,1571
5241,4.008737094,2.916810225,1873,1636,6,87,1879,1723
5242,1.892949541,0.7325293884,917,798,5,31,922,829
5243,2.311451941,1.646785483,1814,1703,10,58,1824,1761
5244,4.286662914,0.04970098144,835,774,5,25,840,799
5245,1.560072182,1.674576907,1051,1006,5,52,1056,1058
5246,2.800437095,2.818185894,1382,1270,5,61,1387,1331
5247,2.446094742,0.008790055849,1413,1270,6,18,1419,1288
5248,3.171586257,2.402428606,1710,1488,5,84,1715,1572
5249,1.490687441,1.338347068,1654,1469,7,71,1661,1540
5250,2.32682985,2.131245923,1562,1486,5,62,1567,1548
5251,2.711869823,1.576472405,1472,1338,5,61,1477,1399
5252,3.54373424,0.124433313,911,852,8,36,919,888
5253,1.96192272,2.791959908,1456,1367,6,56,1462,1423
5254,3.996540412,0.8014324898,1468,1408,10,60,1478,1468
5255,1.483967952,0.8544713633,1652,1524,7,60,1659,1584
5256,1.466472735,1.618419762,1767,1583,12,66,1779,1649
5257,4.165864399,2.049920464,758,778,0,49,758,827
5258,2.570834143,0.8806576845,1077,970,3,31,1080,1001
5259,4.576912421,0.3884579984,841,752,0,30,841,782
5260,1.009268199,0.1307323289,1269,1175,8,29,1277,1204
5261,4.010087266,1.325396961,1717,1599,10,69,1727,1668
5262,4.012367486,0.1749968099,1202,1157,5,43,1207,1200
5263,2.413627682,1.376164119,1707,1575,4,68,1711,1643
5264,4.224265565,1.070509774,1814,1657,13,80,1827,1737
5265,4.690531773,0.245307868,1654,1500,6,57,1660,1557
5266,4.151164112,0.8402886045,1091,1057,0,44,1091,1101
5267,2.85587252,0.09645003497,1818,1660,8,43,1826,1703
5268,4.964144123,0.6233394373,924,819,4,27,928,846
5269,1.030816051,1.333462793,1042,951,5,33,1047,984
5270,3.707914092,1.630415866,1172,993,2,44,1174,1037
5271,4.233143462,0.4122919828,1587,1513,4,45,1591,1558
5272,2.743723031,1.148432532,951,865,5,32,956,897
5273,2.265899275,0.367350511,1515,1406,3,52,1518,1458
5274,3.575135811,1.020988914,1779,1678,10,67,1789,1745
5275,4.865759506,2.121708334,1401,1281,7,56,1408,1337
5276,4.942340422,0.9910903068,894,802,6,46,900,848
5277,3.977095931,1.344680753,706,642,5,24,711,666
5278,3.724540063,0.7225257849,793,758,3,35,796,793
5279,1.993719396,1.87487224,1687,1568,5,75,1692,1643
5280,4.399653849,2.9464208,1259,1204,3,75,1262,1279
5281,3.459417224,2.844124821,701,603,3,30,704,633
5282,3.822802503,2.649989275,1398,1264,7,69,1405,1333
5283,4.327117109,1.193272735,1301,1218,4,47,1305,1265
5284,1.492373363,0.7795319039,1508,1403,11,46,1519,1449
5285,4.497972328,2.954721288,1847,1710,6,108,1853,1818
5286,2.832395383,2.297857026,1559,1471,5,67,1564,1538
5287,4.943027015,2.389503703,1714,1506,10,92,1724,1598
5288,2.36419266,2.021603692,1382,1156,4,57,1386,1213
5289,2.162123763,2.412787906,1382,1275,11,62,1393,1337
5290,1.34756576,2.613039249,1799,1753,5,63,1804,1816
5291,1.576092162,0.5498626091,1332,1279,7,36,1339,1315
5292,1.733758291,2.096491122,1398,1241,7,55,1405,1296
5293,1.074293936,0.3891519843,1398,1292,4,29,1402,1321
5294,1.53579032,1.754866737,711,640,2,26,713,666
5295,1.657281609,1.684102922,1057,917,5,44,1062,961
5296,2.367743218,2.832429866,1563,1446,6,80,1569,1526
5297,4.055630714,1.951728383,658,589,1,25,659,614
5298,2.437389,0.320948826,929,894,2,24,931,918
5299,1.873988196,1.145756489,1562,1440,8,55,1570,1495
5300,2.019754138,2.018748463,762,705,2,24,764,729
5301,3.860545834,2.719760543,1303,1116,5,60,1308,1176
5302,3.908723758,0.8968638522,1864,1644,9,62,1873,1706
5303,2.816408834,1.641856468,806,725,4,41,810,766
5304,2.927226552,2.178161201,793,676,2,39,795,715
5305,1.947394563,1.848319839,1842,1710,13,70,1855,1780
5306,3.744585553,2.765712008,1027,980,3,64,1030,1044
5307,4.400041436,2.916966586,1018,947,4,54,1022,1001
5308,1.618687849,1.193578208,1125,1063,5,45,1130,1108
5309,4.898100896,0.8863228042,1505,1457,5,75,1510,1532
5310,1.649827084,0.636531933,842,910,2,26,844,936
5311,3.34347717,2.470886272,1360,1244,10,76,1370,1320
5312,2.220888908,2.394846261,1273,1148,5,54,1278,1202
5313,3.431135282,0.9350532312,1023,917,7,41,1030,958
5314,1.736763219,1.447916895,1311,1177,6,38,1317,1215
5315,2.641023359,1.515164553,1721,1641,10,80,1731,1721
5316,4.070588919,2.379267269,1011,908,2,55,1013,963
5317,1.973608754,2.6690685,682,597,5,28,687,625
5318,2.143078572,2.651619585,1484,1299,4,72,1488,1371
5319,3.219866499,0.381481779,967,976,5,40,972,1016
5320,3.990039442,1.883536316,673,608,1,41,674,649
5321,1.102778011,2.365629151,1014,971,6,27,1020,998
5322,4.106055665,0.4721907356,1140,1049,4,36,1144,1085
5323,1.29459814,1.683341619,1622,1516,10,62,1632,1578
5324,1.541639748,1.77368318,1330,1247,3,49,1333,1296
5325,4.666981556,0.8785601131,1593,1491,9,62,1602,1553
5326,2.447815111,2.755427564,920,812,5,35,925,847
5327,3.585229347,1.717235457,1567,1410,9,81,1576,1491
5328,3.774020405,0.2453191903,1844,1731,8,59,1852,1790
5329,1.415637649,1.880268162,777,723,3,19,780,742
5330,3.454648895,2.262929689,904,839,3,32,907,871
5331,2.015848918,2.729316927,1549,1296,4,63,1553,1359
5332,4.755712657,1.334295144,814,734,3,31,817,765
5333,4.881820852,0.5166578923,1798,1707,5,77,1803,1784
5334,3.060700595,1.509463013,1511,1426,6,64,1517,1490
5335,1.103361253,2.297630613,1725,1565,5,47,1730,1612
5336,3.182177682,0.7712982548,691,681,3,32,694,713
5337,3.088415084,1.405761653,904,819,0,45,904,864
5338,4.396668874,1.382650277,1464,1355,3,59,1467,1414
5339,1.828963269,2.489787638,812,714,3,40,815,754
5340,3.06028836,0.6495954959,1624,1586,10,63,1634,1649
5341,4.809286224,2.831366276,1299,1109,4,75,1303,1184
5342,2.164236381,2.862681981,1398,1206,10,68,1408,1274
5343,2.432835563,2.231402399,1889,1649,9,87,1898,1736
5344,1.207553291,0.282651137,1693,1594,8,55,1701,1649
5345,2.9377129,0.3451722679,933,848,4,29,937,877
5346,1.434600023,2.770184611,1397,1304,6,57,1403,1361
5347,1.070573729,1.861917038,1359,1178,7,47,1366,1225
5348,3.844332451,2.605225385,1253,1120,3,66,1256,1186
5349,4.894495351,2.549159187,1191,1005,2,63,1193,1068
5350,2.547384625,1.329395321,1705,1570,3,61,1708,1631
5351,2.910398772,1.292299845,1231,1162,2,50,1233,1212
5352,1.58225984,2.73025251,880,842,7,33,887,875
5353,2.218366846,2.803564479,1155,1015,4,52,1159,1067
5354,2.565183302,2.798344183,1701,1522,11,82,1712,1604
5355,1.315320241,1.619517788,1814,1736,12,54,1826,1790
5356,1.240727225,0.2895558059,1397,1306,4,39,1401,1345
5357,3.877711164,2.776769191,1646,1543,3,86,1649,1629
5358,1.455348908,2.639765608,832,726,3,34,835,760
5359,3.040230592,1.114094242,1304,1206,6,63,1310,1269
5360,1.764847422,2.306250119,712,631,7,30,719,661
5361,4.325924762,0.8372152966,1392,1223,1,52,1393,1275
5362,2.0359503,1.879485005,1395,1249,10,59,1405,1308
5363,2.262377392,2.340151866,1384,1247,5,67,1389,1314
5364,4.899023547,0.5519492263,1206,1108,7,52,1213,1160
5365,4.355219223,2.289976194,1387,1261,6,60,1393,1321
5366,1.978981486,0.5236209492,1684,1557,3,41,1687,1598
5367,2.122506258,2.345760279,1136,1067,8,49,1144,1116
5368,4.767351271,0.01799142424,801,716,4,26,805,742
5369,1.301809188,0.587750476,1816,1712,8,56,1824,1768
5370,1.329875992,2.402910073,1815,1647,7,56,1822,1703
5371,1.387437124,1.053993511,1548,1349,4,40,1552,1389
5372,3.009337961,1.629164052,666,649,5,33,671,682
5373,4.689604954,2.652360138,1774,1681,7,101,1781,1782
5374,2.666982445,0.722245929,1347,1275,1,42,1348,1317
5375,1.093820627,2.898117759,1310,1292,7,47,1317,1339
5376,4.730952174,2.908955814,803,664,5,39,808,703
5377,3.566161879,2.987256419,1776,1668,8,87,1784,1755
5378,4.056116377,0.1253441072,941,888,4,31,945,919
5379,4.425033327,2.434784538,1220,1137,1,64,1221,1201
5380,1.821848699,2.085864607,1621,1542,6,68,1627,1610
5381,3.506033747,1.010900931,709,624,3,27,712,651
5382,4.002893386,0.7618594695,1291,1129,8,41,1299,1170
5383,2.360185416,2.083160537,1172,1044,8,45,1180,1089
5384,4.939820252,0.3279365743,1366,1292,4,50,1370,1342
5385,4.036734932,0.7727306794,1462,1376,5,58,1467,1434
5386,4.310088601,2.173449056,1397,1417,5,68,1402,1485
5387,2.924083991,0.8860027479,1336,1238,3,50,1339,1288
5388,4.900642204,1.207898818,1144,1044,3,40,1147,1084
5389,3.069680788,2.85443105,1162,977,2,68,1164,1045
5390,3.073760885,2.596877875,1821,1644,5,97,1826,1741
5391,2.285194038,2.481180153,1211,1220,2,45,1213,1265
5392,2.1293228,1.156003921,1583,1442,9,58,1592,1500
5393,2.942757171,2.380776562,1608,1475,5,81,1613,1556
5394,1.227462407,2.37606937,1272,1168,6,46,1278,1214
5395,3.658660629,2.09877532,1372,1274,8,69,1380,1343
5396,2.679912128,2.636976078,955,840,7,34,962,874
5397,3.185493624,0.4696002837,1584,1475,7,47,1591,1522
5398,1.616342916,1.639020519,927,839,4,34,931,873
5399,4.634334474,1.435582704,901,850,3,48,904,898
5400,2.028151087,0.445921462,797,700,3,20,800,720
5401,2.273996899,1.929700592,1464,1407,8,55,1472,1462
5402,1.001423369,2.598010774,1588,1477,6,56,1594,1533
5403,4.042867231,2.745737952,886,813,4,43,890,856
5404,4.873841309,1.530339295,1097,1046,2,48,1099,1094
5405,4.490951618,2.791263516,1442,1321,7,72,1449,1393
5406,1.196876847,0.4373425325,1818,1664,10,37,1828,1701
5407,3.808161975,0.381046192,1350,1270,7,57,1357,1327
5408,3.271478557,0.6167782009,779,741,4,21,783,762
5409,3.037586135,0.8621936133,980,913,4,41,984,954
5410,1.030819559,2.567844548,1505,1462,9,52,1514,1514
5411,1.551563401,0.8594360935,1036,926,4,27,1040,953
5412,4.502843581,1.880090847,1266,1148,4,49,1270,1197
5413,4.837780466,0.5282584647,1864,1675,9,54,1873,1729
5414,4.488748475,0.1497270539,1705,1559,8,49,1713,1608
5415,2.020220373,0.8600644503,679,644,3,19,682,663
5416,1.872032706,1.578474654,1269,1223,6,49,1275,1272
5417,3.922032841,2.744934698,1233,1053,6,60,1239,1113
5418,1.070779244,2.444402941,1622,1643,5,70,1627,1713
5419,1.751895485,1.070001159,647,640,2,26,649,666
5420,1.17309547,0.8833064837,682,611,5,23,687,634
5421,1.872677544,2.923132545,887,842,5,37,892,879
5422,1.290212666,2.472762633,1671,1537,8,49,1679,1586
5423,4.735332854,2.927889211,922,815,2,47,924,862
5424,2.434744274,1.787277579,1606,1443,7,61,1613,1504
5425,2.482373006,1.896581245,1260,1051,5,37,1265,1088
5426,1.698903482,0.1540827494,1474,1366,7,37,1481,1403
5427,3.874841328,0.5345237344,1369,1195,5,55,1374,1250
5428,3.303387665,1.118191286,1437,1380,3,62,1440,1442
5429,3.378634916,1.497607589,1680,1545,11,79,1691,1624
5430,3.032185055,2.452210566,1653,1568,6,94,1659,1662
5431,2.879520502,0.8827649496,1598,1464,6,56,1604,1520
5432,1.569678109,0.2351429442,1080,1002,6,15,1086,1017
5433,4.902589485,2.330253133,1164,1068,4,75,1168,1143
5434,2.884723328,2.073871515,761,752,4,46,765,798
5435,4.429621644,2.333371647,642,609,2,39,644,648
5436,4.774146585,0.8177557341,1298,1212,5,52,1303,1264
5437,2.805625753,2.571405612,1848,1631,7,85,1855,1716
5438,4.680136247,1.734814192,1265,1174,5,67,1270,1241
5439,3.229154772,2.583142557,1142,1031,5,61,1147,1092
5440,4.647340031,0.4102562487,853,734,3,29,856,763
5441,3.611923246,0.5192636543,1884,1688,8,57,1892,1745
5442,3.941277018,2.500574735,1048,931,2,52,1050,983
5443,1.642825872,2.162692322,680,626,3,28,683,654
5444,4.474154544,0.8307192928,1128,1049,8,41,1136,1090
5445,2.904133463,1.429517388,1485,1373,4,56,1489,1429
5446,3.112973275,2.071107937,1841,1657,5,62,1846,1719
5447,2.023994603,1.503043891,1404,1372,7,57,1411,1429
5448,2.176883826,0.3623503119,1194,1047,4,37,1198,1084
5449,2.584991178,2.232570838,1352,1256,7,56,1359,1312
5450,4.442826983,1.405732584,1292,1177,7,59,1299,1236
5451,1.695393584,2.673886156,884,830,2,46,886,876
5452,3.09558325,2.596780968,1420,1256,5,73,1425,1329
5453,3.391932545,0.1924734872,1523,1403,7,53,1530,1456
5454,1.292924598,1.617366641,721,615,4,31,725,646
5455,2.908029231,0.1094351242,1414,1274,6,38,1420,1312
5456,2.158676037,0.9246474045,1353,1292,10,51,1363,1343
5457,3.705246253,2.598378355,1170,960,5,54,1175,1014
5458,1.302315109,2.820008359,876,875,7,29,883,904
5459,3.844353371,0.1980878356,1263,1110,2,43,1265,1153
5460,4.915085182,0.7158895031,1219,1107,11,42,1230,1149
5461,3.548492398,1.334206279,798,734,2,28,800,762
5462,3.381182771,1.657327283,1162,1001,4,46,1166,1047
5463,1.304771198,0.8941738812,1365,1284,10,46,1375,1330
5464,3.417366607,0.2981932044,655,630,3,24,658,654
5465,4.907703426,0.1397784196,1609,1510,7,51,1616,1561
5466,1.036836188,1.026247175,1470,1391,7,43,1477,1434
5467,1.232212052,0.407436202,1252,1180,3,29,1255,1209
5468,1.097955047,0.3402572218,678,581,2,7,680,588
5469,1.486368213,2.795659619,1452,1338,7,69,1459,1407
5470,4.6647811,1.423234263,1359,1286,4,61,1363,1347
5471,2.876454721,1.128612369,1217,1147,3,56,1220,1203
5472,1.882976755,0.4562040943,993,835,4,32,997,867
5473,4.223335077,1.819557927,1449,1389,6,79,1455,1468
5474,1.657447257,0.8500816108,1237,1126,6,37,1243,1163
5475,1.236042007,1.429014926,1548,1336,9,54,1557,1390
5476,3.597538845,1.822831629,1000,1001,5,48,1005,1049
5477,4.254551277,1.379610714,1732,1587,5,74,1737,1661
5478,3.554937872,2.838383375,826,711,5,36,831,747
5479,3.503317921,0.6403411739,1133,1006,2,29,1135,1035
5480,2.357861614,2.202256326,1246,1158,10,35,1256,1193
5481,2.010981034,1.312082752,984,1013,9,26,993,1039
5482,2.487843251,0.1047583345,726,729,2,20,728,749
5483,1.542367206,2.101717164,1399,1286,4,48,1403,1334
5484,4.761719339,0.06152287819,1254,1179,5,34,1259,1213
5485,2.94662159,2.06107946,1091,951,6,49,1097,1000
5486,2.824419258,0.1124411396,1574,1536,2,46,1576,1582
5487,1.406390658,2.988814238,698,636,3,26,701,662
5488,3.801292902,1.754479925,1074,936,5,44,1079,980
5489,4.568076054,1.614839655,1547,1502,6,81,1553,1583
5490,4.995073648,2.257390061,837,841,3,49,840,890
5491,1.00273005,0.4980953503,1079,917,5,24,1084,941
5492,2.993967527,2.981622251,1702,1523,6,83,1708,1606
5493,4.488789246,1.778402649,1746,1578,7,76,1753,1654
5494,3.093715485,0.3013310055,884,840,2,32,886,872
5495,3.554955938,0.5827172706,1223,1188,6,41,1229,1229
5496,4.868458251,0.5332969469,686,642,1,15,687,657
5497,2.309690147,1.205718991,1368,1322,7,57,1375,1379
5498,4.051476473,0.9363629406,1316,1282,7,45,1323,1327
5499,3.185151582,1.97322745,1026,924,5,53,1031,977
5500,2.135755803,2.819299543,1396,1206,5,63,1401,1269
5501,1.594487545,2.656165856,1673,1559,6,75,1679,1634
5502,3.52913959,0.1912403611,1705,1610,5,49,1710,1659
5503,1.563233775,1.714618694,1273,1126,8,47,1281,1173
5504,2.917286659,0.9492271675,923,862,3,36,926,898
5505,3.803284829,1.781758445,1494,1295,5,80,1499,1375
5506,3.815261447,1.09292676,1521,1431,6,71,1527,1502
5507,2.098309087,0.3636296565,775,766,4,16,779,782
5508,3.893153867,0.9871238873,1001,982,5,43,1006,1025
5509,4.438275826,0.4140934559,1623,1476,3,63,1626,1539
5510,1.895636445,1.696396556,1446,1402,7,54,1453,1456
5511,4.742311221,1.673929506,1686,1558,5,89,1691,1647
5512,2.776081899,1.957559883,1724,1617,6,68,1730,1685
5513,3.652546011,1.013843916,1043,964,1,42,1044,1006
5514,2.961372921,1.13173743,1050,934,5,40,1055,974
5515,4.92653271,1.889711935,1198,1132,6,69,1204,1201
5516,4.143107216,0.2931479397,1775,1686,11,60,1786,1746
5517,3.556924025,1.503538345,996,971,5,40,1001,1011
5518,2.979796058,0.975430182,1192,1163,6,32,1198,1195
5519,1.82184773,1.495288908,1369,1177,12,52,1381,1229
5520,3.888493081,0.9749385744,1593,1425,7,60,1600,1485
5521,3.547921081,1.54834707,1295,1144,5,54,1300,1198
5522,4.723195708,2.511581045,1580,1396,7,67,1587,1463
5523,2.960187197,0.9387835577,815,757,1,23,816,780
5524,1.352770362,1.174198416,1403,1263,9,54,1412,1317
5525,4.874282601,0.3109044741,868,778,3,31,871,809
5526,4.730079451,2.997643972,1617,1506,5,92,1622,1598
5527,4.031167426,1.7157849,1513,1437,3,74,1516,1511
5528,1.66247979,1.819446083,1073,978,7,42,1080,1020
5529,4.141988369,1.525045651,992,916,5,28,997,944
5530,3.726132476,2.339588525,1723,1518,5,77,1728,1595
5531,2.37812793,0.684955521,807,750,6,26,813,776
5532,2.231780617,0.7406933246,1149,1061,8,47,1157,1108
5533,2.050977049,0.6555983128,1580,1485,6,48,1586,1533
5534,4.393618106,0.5196413318,1405,1273,8,55,1413,1328
5535,4.260938293,2.77459636,1757,1626,4,93,1761,1719
5536,1.515361697,1.882284736,1560,1401,5,51,1565,1452
5537,1.840146451,0.4741579557,1703,1614,9,52,1712,1666
5538,2.457533669,1.409334917,679,605,1,23,680,628
5539,1.246163607,0.4129168731,670,633,1,17,671,650
5540,3.487435882,0.6780770468,1393,1391,6,54,1399,1445
5541,1.247186174,0.5477224184,779,725,3,22,782,747
5542,1.398165748,1.324389056,1582,1451,10,45,1592,1496
5543,3.559763448,0.3413592063,1278,1273,1,46,1279,1319
5544,2.339417528,1.756257769,1604,1479,5,70,1609,1549
5545,1.549038505,2.483855929,1591,1457,8,74,1599,1531
5546,1.020215417,0.7727662996,691,632,3,21,694,653
5547,2.527687241,0.1768226757,1698,1631,6,42,1704,1673
5548,3.460131775,1.242718041,1093,926,5,49,1098,975
5549,3.341450255,2.691526136,1374,1214,6,71,1380,1285
5550,2.112981662,2.675562983,1571,1486,5,82,1576,1568
5551,4.558435248,2.457742011,1013,893,5,46,1018,939
5552,1.634134509,0.6269431837,1589,1448,2,50,1591,1498
5553,2.255865569,2.080891675,976,905,4,47,980,952
5554,1.197296829,2.196251527,1369,1240,5,48,1374,1288
5555,1.332709152,2.293333648,1836,1605,11,71,1847,1676
5556,1.875163457,1.229764386,896,868,3,33,899,901
5557,1.924753288,0.605885299,1494,1396,6,62,1500,1458
5558,4.119518201,1.143791745,1578,1515,5,50,1583,1565
5559,3.785585107,2.75467842,1283,1178,1,65,1284,1243
5560,3.760407354,2.681479024,1483,1354,6,86,1489,1440
5561,2.525991698,1.580563799,1610,1455,9,60,1619,1515
5562,4.668487614,0.5975346682,1633,1475,5,70,1638,1545
5563,4.706531347,2.767599938,1490,1304,7,72,1497,1376
5564,2.652391706,1.48319436,1322,1127,9,45,1331,1172
5565,2.829741859,2.683685728,1834,1653,9,87,1843,1740
5566,3.952468355,0.6182982855,1492,1361,6,68,1498,1429
5567,3.483104435,2.212551271,936,838,4,41,940,879
5568,2.880962488,2.264370833,1819,1640,9,106,1828,1746
5569,4.622814882,1.311354361,909,860,4,50,913,910
5570,1.034258505,2.503194476,808,714,4,28,812,742
5571,2.966008999,1.672153226,1046,918,0,35,1046,953
5572,1.394531422,2.721231961,1845,1670,9,89,1854,1759
5573,3.042584406,1.500732629,1226,1209,6,55,1232,1264
5574,3.011025288,2.669087518,684,624,3,24,687,648
5575,3.763481983,1.274952894,694,610,5,29,699,639
5576,2.983028275,1.300741792,1864,1658,11,62,1875,1720
5577,1.552913572,2.155700948,945,846,9,37,954,883
5578,2.992801303,0.4048630836,765,695,1,27,766,722
5579,4.663559271,2.784279092,1713,1565,3,96,1716,1661
5580,2.225805659,0.1661517291,1478,1359,8,25,1486,1384
5581,3.855915348,2.513323465,1558,1511,10,74,1568,1585
5582,4.558537862,1.159376426,727,609,4,25,731,634
5583,3.818262436,2.497652443,1560,1303,12,65,1572,1368
5584,4.529493865,0.4223128198,1494,1422,7,61,1501,1483
5585,4.309763911,1.783238318,1204,1122,4,65,1208,1187
5586,3.76678669,1.059160836,1738,1568,6,74,1744,1642
5587,4.851283867,2.051791294,1476,1327,6,74,1482,1401
5588,4.479034838,1.618110986,1161,1056,6,62,1167,1118
5589,3.085078327,0.7671859223,1140,1083,3,37,1143,1120
5590,4.208055652,0.5325042255,1154,1033,5,50,1159,1083
5591,3.565921798,2.020720211,1438,1232,6,48,1444,1280
5592,1.680892649,0.1443898514,1143,1019,5,26,1148,1045
5593,2.069961987,1.129995005,682,621,1,21,683,642
5594,3.759442073,1.716986807,1770,1716,7,91,1777,1807
5595,3.230581838,2.073767446,1360,1234,6,64,1366,1298
5596,2.318721587,1.440086606,1731,1651,10,70,1741,1721
5597,3.628176685,1.480778329,1473,1302,6,57,1479,1359
5598,4.001578989,0.8233159425,1076,1056,6,50,1082,1106
5599,2.601695872,1.939178687,1186,1140,5,54,1191,1194
5600,2.894324729,2.48295268,1247,1091,6,50,1253,1141
5601,3.99736992,0.1654099106,1862,1758,6,63,1868,1821
5602,4.306366202,2.871300614,1641,1542,10,101,1651,1643
5603,4.456388551,0.3338057923,1318,1244,6,73,1324,1317
5604,2.432281152,1.741692819,781,694,3,32,784,726
5605,2.347629483,2.154201938,1564,1473,7,56,1571,1529
5606,4.657431155,2.288427026,817,716,3,43,820,759
5607,2.779154424,0.9060298571,1447,1337,5,66,1452,1403
5608,3.175906271,2.984010198,650,647,2,30,652,677
5609,4.768588521,1.639545299,1658,1551,6,81,1664,1632
5610,2.956596647,2.70464414,1147,1046,6,52,1153,1098
5611,3.101830304,1.296287671,691,638,3,32,694,670
5612,3.75137147,1.408610394,907,859,2,37,909,896
5613,1.248956963,1.081268592,1207,1155,12,46,1219,1201
5614,3.064263118,0.6688805312,1827,1647,9,63,1836,1710
5615,2.106751206,0.2908599856,1038,953,8,32,1046,985
5616,4.590744397,1.410905582,916,817,5,42,921,859
5617,3.963587296,1.365726622,1432,1387,4,61,1436,1448
5618,4.493731809,2.879258531,953,859,5,57,958,916
5619,1.065488423,0.3186018959,1278,1209,3,33,1281,1242
5620,1.422287416,1.689069644,728,743,3,29,731,772
5621,4.028433655,2.784628169,1386,1279,6,67,1392,1346
5622,2.98723081,0.4161933166,1813,1736,11,68,1824,1804
5623,4.904115121,2.095633577,1119,1033,2,57,1121,1090
5624,4.139971502,0.06916534115,1607,1515,9,40,1616,1555
5625,4.463668718,2.677512495,930,829,2,53,932,882
5626,4.53546296,1.858284348,1845,1668,6,88,1851,1756
5627,2.656444886,0.1051407945,704,631,3,19,707,650
5628,2.474351397,1.235220414,1389,1258,6,63,1395,1321
5629,1.484344596,2.163751879,813,745,4,33,817,778
5630,2.313019868,2.96709664,1817,1683,6,99,1823,1782
5631,1.770904224,2.714864055,1857,1633,11,97,1868,1730
5632,4.598551802,1.226711956,846,756,2,42,848,798
5633,4.916006744,1.510026096,694,618,2,46,696,664
5634,2.824830982,0.04811873428,1492,1390,4,38,1496,1428
5635,4.590211859,1.660970929,1598,1459,7,72,1605,1531
5636,1.481623131,1.170514834,1167,1152,10,52,1177,1204
5637,4.424793066,0.7585408265,701,651,3,18,704,669
5638,3.259373045,1.378861741,1136,1049,3,45,1139,1094
5639,2.745009297,1.858857283,1158,1070,4,44,1162,1114
5640,1.837186579,0.7739414837,975,963,8,31,983,994
5641,2.833190292,1.84849879,1332,1283,4,62,1336,1345
5642,3.24367348,0.818540806,1106,1095,7,43,1113,1138
5643,3.621383211,2.444280861,949,817,3,35,952,852
5644,3.009436901,0.3535426447,1307,1283,5,36,1312,1319
5645,3.091289439,1.949119255,1125,1045,4,54,1129,1099
5646,3.041712318,1.498310576,1419,1422,6,57,1425,1479
5647,3.004848925,2.17403389,1050,914,4,42,1054,956
5648,1.492958215,1.213175154,1607,1482,9,52,1616,1534
5649,1.057352075,2.288394896,1378,1232,7,46,1385,1278
5650,3.047179292,2.054906437,657,613,3,31,660,644
5651,3.024519451,1.55662083,1054,943,5,42,1059,985
5652,4.972669253,1.227536979,857,765,4,35,861,800
5653,2.238784055,2.179006984,1745,1572,6,68,1751,1640
5654,3.077660599,1.891660738,1268,1139,5,59,1273,1198
5655,3.285735826,2.090519687,1487,1356,15,62,1502,1418
5656,4.555718795,1.444022045,1382,1247,5,60,1387,1307
5657,2.610326954,0.1039048136,661,619,4,21,665,640
5658,2.124788614,2.492381693,1597,1465,8,78,1605,1543
5659,2.526343665,1.957931949,1800,1502,7,75,1807,1577
5660,3.65671036,1.177492219,1230,1255,6,38,1236,1293
5661,4.647662638,1.977966245,1567,1545,6,77,1573,1622
5662,4.262372011,0.3608871774,1769,1626,7,71,1776,1697
5663,2.784448615,2.837467244,1253,1156,9,64,1262,1220
5664,2.903631662,0.1326666472,1445,1395,4,41,1449,1436
5665,1.156252018,0.2842581106,1826,1718,11,52,1837,1770
5666,4.051330318,2.340052121,1357,1248,6,70,1363,1318
5667,4.86606355,0.366646211,1788,1680,7,67,1795,1747
5668,3.13906144,1.80492397,1492,1379,2,73,1494,1452
5669,1.680275615,1.766704747,1020,957,11,41,1031,998
5670,1.74783707,2.796131594,1581,1473,6,77,1587,1550
5671,2.284512964,1.307693319,1313,1293,8,51,1321,1344
5672,4.808537775,0.9331401892,1840,1641,3,77,1843,1718
5673,4.013658475,1.888367957,1223,1196,6,55,1229,1251
5674,2.828437521,1.176434816,1817,1696,10,54,1827,1750
5675,4.773631673,1.527785004,1531,1469,12,94,1543,1563
5676,3.558459552,0.0566374559,1418,1280,11,52,1429,1332
5677,1.773261014,1.775956637,677,661,4,26,681,687
5678,3.932698464,1.916075114,650,636,6,29,656,665
5679,2.206590314,1.672567599,1659,1476,14,66,1673,1542
5680,3.984976344,2.301027608,1823,1682,7,107,1830,1789
5681,1.477985422,1.207325974,1529,1368,9,45,1538,1413
5682,4.99813569,1.406136712,682,588,2,30,684,618
5683,3.898727982,1.972971495,1366,1225,12,75,1378,1300
5684,2.779455945,1.658741684,1366,1300,8,56,1374,1356
5685,4.782950179,0.05756355397,1231,1209,6,40,1237,1249
5686,2.307809933,1.424445821,1350,1289,4,41,1354,1330
5687,4.239341697,0.3613897202,1131,1105,4,40,1135,1145
5688,4.333361281,1.802539554,1141,1060,5,51,1146,1111
5689,2.76895353,2.785393288,1189,1125,5,63,1194,1188
5690,1.289813137,1.331944697,1736,1569,8,45,1744,1614
5691,4.18612589,1.689402219,1242,1170,7,58,1249,1228
5692,3.728156553,0.2647818032,916,846,4,30,920,876
5693,1.857992095,0.2004478029,1135,1101,5,39,1140,1140
5694,2.101595829,1.533201477,1372,1246,3,51,1375,1297
5695,4.679748481,0.5160203151,1472,1410,2,53,1474,1463
5696,1.654806551,0.4060898301,1344,1268,7,29,1351,1297
5697,4.701174362,2.680867212,891,819,2,50,893,869
5698,4.714145764,2.115665159,828,728,4,37,832,765
5699,1.970806012,0.6108210567,895,820,7,31,902,851
5700,3.140116904,1.052720363,926,883,2,43,928,926
5701,3.335627146,2.190744209,1069,939,4,54,1073,993
5702,3.484165918,0.8978997123,1703,1630,5,58,1708,1688
5703,4.203920827,1.299959782,1814,1623,11,92,1825,1715
5704,3.85151501,2.981269104,851,691,3,45,854,736
5705,2.839793336,0.8551228828,1901,1722,8,73,1909,1795
5706,1.794548717,2.185313893,1394,1215,8,55,1402,1270
5707,3.235643249,0.3638438785,793,715,4,28,797,743
5708,3.832363939,1.811301718,1514,1328,9,61,1523,1389
5709,2.792119435,1.914979057,849,703,3,39,852,742
5710,2.756666586,2.343047021,1787,1652,7,93,1794,1745
5711,4.295599194,2.990097876,705,643,2,39,707,682
5712,4.89449766,2.019679139,1732,1616,7,88,1739,1704
5713,3.415407754,0.07508974484,711,618,1,23,712,641
5714,4.564002902,0.1540706587,825,663,3,21,828,684
5715,3.903945506,1.442268738,913,849,3,33,916,882
5716,2.680314208,1.382660725,1616,1472,8,61,1624,1533
5717,2.347542357,1.422476061,673,624,5,26,678,650
5718,4.091997042,2.552787773,1605,1495,10,77,1615,1572
5719,4.07187438,2.684009269,1681,1588,8,88,1689,1676
5720,2.148972395,2.074108732,1680,1618,7,74,1687,1692
5721,4.591184646,2.175995659,686,599,1,43,687,642
5722,4.17889708,2.97045043,905,769,3,51,908,820
5723,2.786470594,0.404229711,1043,954,3,40,1046,994
5724,2.702612345,2.476435709,1692,1619,6,80,1698,1699
5725,2.329323404,0.3855430377,1026,921,0,42,1026,963
5726,1.686440355,0.8261856058,1601,1411,16,55,1617,1466
5727,3.291565674,1.650000508,1580,1452,7,74,1587,1526
5728,2.072511141,2.406692698,914,834,4,36,918,870
5729,3.429848666,1.295037475,787,739,3,27,790,766
5730,2.027325462,1.78712525,1868,1648,7,86,1875,1734
5731,3.556502529,1.348747429,1298,1111,10,52,1308,1163
5732,4.275285473,2.761487236,1712,1539,7,100,1719,1639
5733,4.212558205,2.541754474,1679,1498,3,85,1682,1583
5734,1.916962796,1.102028311,1477,1315,6,49,1483,1364
5735,3.274401783,1.234983214,677,671,3,27,680,698
5736,4.306012819,0.03692118516,761,784,0,25,761,809
5737,3.921063083,0.2816133903,1681,1450,7,52,1688,1502
5738,1.157097171,2.618531386,1502,1373,8,71,1510,1444
5739,3.241418039,2.034395236,877,798,4,52,881,850
5740,4.366198809,0.01862660912,714,645,3,18,717,663
5741,4.873093243,1.299006454,711,655,4,26,715,681
5742,3.184009133,2.79162804,1796,1654,8,93,1804,1747
5743,4.258584795,0.858920568,769,734,6,31,775,765
5744,2.178253768,2.158378753,650,625,1,24,651,649
5745,3.459390939,1.196214174,1271,1198,6,51,1277,1249
5746,1.711967605,0.4596735148,1544,1492,5,41,1549,1533
5747,1.077946296,0.6493350771,1846,1648,13,51,1859,1699
5748,2.189024892,1.152423412,715,614,3,26,718,640
5749,1.486447845,2.433420312,888,791,1,35,889,826
5750,3.205985931,2.124819442,1865,1665,11,87,1876,1752
5751,2.685819435,0.3391817152,1464,1396,5,39,1469,1435
5752,2.058279821,0.845796295,1353,1267,5,59,1358,1326
5753,4.110291918,2.643606648,1838,1737,5,99,1843,1836
5754,3.674717709,2.138756464,1730,1569,9,85,1739,1654
5755,3.050579972,2.275419142,1663,1513,7,69,1670,1582
5756,1.051629921,2.915974119,1448,1370,8,57,1456,1427
5757,4.619985921,2.444129123,1440,1315,6,88,1446,1403
5758,3.746706772,0.7263119914,1571,1453,7,61,1578,1514
5759,3.498732111,2.219312725,1134,1077,3,58,1137,1135
5760,3.707668639,2.990276444,1590,1440,4,88,1594,1528
5761,3.780575614,2.827185066,1843,1623,6,105,1849,1728
5762,2.268407365,2.709024709,1129,1083,7,52,1136,1135
5763,3.17394791,1.625319973,1298,1115,7,56,1305,1171
5764,1.20404395,0.3373152439,1009,967,4,27,1013,994
5765,2.477111548,1.547336025,633,591,3,25,636,616
5766,1.537765594,0.6434904066,1730,1617,5,62,1735,1679
5767,4.307192182,2.667516372,1475,1355,6,87,1481,1442
5768,4.284641551,0.8078691314,805,747,8,29,813,776
5769,2.591285305,1.923904403,666,637,2,30,668,667
5770,2.45604133,2.319854027,1050,948,5,51,1055,999
5771,1.906932798,1.289294357,1120,1013,10,38,1130,1051
5772,1.048989934,2.344089316,706,657,5,31,711,688
5773,2.410940377,2.649627576,1272,1123,3,51,1275,1174
5774,2.680085368,2.261009411,1561,1450,3,86,1564,1536
5775,3.83993908,2.70715908,717,623,3,40,720,663
5776,1.763272259,1.181343885,1714,1562,8,60,1722,1622
5777,2.434800392,1.017733641,1273,1112,8,49,1281,1161
5778,4.388518207,0.5176845866,1756,1658,10,61,1766,1719
5779,1.696970233,2.218581157,1584,1460,6,72,1590,1532
5780,2.731725309,0.9367361402,784,712,4,26,788,738
5781,4.283963203,1.080596534,1238,1161,4,43,1242,1204
5782,2.911373978,1.653912082,1266,1131,3,49,1269,1180
5783,1.77574838,1.643339246,845,766,5,27,850,793
5784,1.036726562,0.8372288109,915,853,7,15,922,868
5785,4.434241642,1.505755236,1838,1661,4,83,1842,1744
5786,2.806992465,0.4953897991,909,795,2,33,911,828
5787,1.073646022,2.72122844,1672,1571,10,72,1682,1643
5788,1.946406385,1.0888183,794,748,2,19,796,767
5789,1.571665509,0.360553764,1704,1610,6,51,1710,1661
5790,2.697262573,2.983018981,1324,1251,5,62,1329,1313
5791,3.393319876,1.534795167,1408,1289,3,69,1411,1358
5792,2.206288373,0.07796644044,1568,1475,12,38,1580,1513
5793,3.637049518,1.851090674,1800,1672,8,77,1808,1749
5794,4.019008636,2.553648825,1347,1270,5,72,1352,1342
5795,1.593128211,0.7810759041,1042,951,7,28,1049,979
5796,4.580455047,0.8559313972,1579,1489,9,61,1588,1550
5797,1.99208998,0.9606727407,1586,1419,8,56,1594,1475
5798,2.43417157,1.60498063,1154,1014,7,46,1161,1060
5799,1.723752345,0.3629906606,1737,1537,9,52,1746,1589
5800,1.294747414,1.23061456,1664,1621,5,48,1669,1669
5801,1.080399849,1.417604829,1617,1592,15,54,1632,1646
5802,1.408749411,2.619346311,1556,1403,7,49,1563,1452
5803,4.848018825,2.669985997,942,810,3,53,945,863
5804,1.734785515,1.699000245,1599,1467,9,58,1608,1525
5805,4.400667886,0.7508900886,1003,967,0,26,1003,993
5806,3.652090262,2.881035416,685,644,0,43,685,687
5807,4.749990515,2.480223646,1037,934,5,72,1042,1006
5808,2.165222847,2.947465934,1318,1262,6,69,1324,1331
5809,4.707158333,2.990392721,652,577,1,31,653,608
5810,2.388835605,1.748628293,1229,1202,7,37,1236,1239
5811,3.581807343,0.4945790992,1547,1518,9,50,1556,1568
5812,2.539820361,0.9017508769,1303,1264,7,46,1310,1310
5813,4.147904552,2.369436285,1472,1334,4,82,1476,1416
5814,2.949946645,1.417758756,1060,947,4,47,1064,994
5815,4.077597901,2.546680284,1002,953,6,59,1008,1012
5816,1.969714212,0.2541913611,1662,1443,4,40,1666,1483
5817,3.036239647,1.204832182,1270,1125,2,53,1272,1178
5818,1.695497504,1.683611336,1594,1496,5,54,1599,1550
5819,1.277990904,1.889640778,1755,1601,13,64,1768,1665
5820,4.764563206,2.856790974,1661,1459,11,81,1672,1540
5821,4.515922607,1.770003815,653,634,3,25,656,659
5822,4.00902488,0.3234392052,1416,1244,6,44,1422,1288
5823,4.160027937,2.934859826,1320,1254,9,69,1329,1323
5824,4.371521259,0.6347523357,1745,1570,10,73,1755,1643
5825,3.245489227,1.364319964,819,729,6,36,825,765
5826,2.216050722,2.925849953,1348,1257,4,65,1352,1322
5827,1.575467917,0.399818807,1184,1071,3,38,1187,1109
5828,4.19478298,1.760319346,1582,1489,4,73,1586,1562
5829,4.062669877,1.144766915,1839,1686,4,86,1843,1772
5830,4.176042912,0.9066552605,1579,1422,6,53,1585,1475
5831,3.564730509,0.244824995,1361,1300,6,50,1367,1350
5832,4.422682641,1.442391625,1795,1705,10,76,1805,1781
5833,2.237553994,1.629429108,1495,1359,10,51,1505,1410
5834,4.979440855,0.9972615209,1275,1107,1,69,1276,1176
5835,2.841848568,0.5659662902,1439,1390,6,48,1445,1438
5836,1.207346925,0.6525286946,1127,1067,6,27,1133,1094
5837,1.670005065,1.031687945,1865,1666,8,63,1873,1729
5838,2.92580186,1.364977566,1804,1649,9,85,1813,1734
5839,4.123503549,1.953495344,661,632,3,43,664,675
5840,3.381948385,1.388332898,1677,1608,10,69,1687,1677
5841,2.810541743,1.389230554,1365,1260,3,50,1368,1310
5842,3.858213794,1.656732882,690,611,3,24,693,635
5843,1.064477454,2.978448387,1276,1159,2,54,1278,1213
5844,4.890441729,1.972441767,1235,1125,3,56,1238,1181
5845,1.838322859,1.988032511,683,625,4,30,687,655
5846,1.843310784,0.9723167469,1848,1763,9,79,1857,1842
5847,4.513967899,0.8739476277,1190,1133,6,41,1196,1174
5848,4.047948867,1.388031393,1700,1556,8,80,1708,1636
5849,2.349262742,1.335893727,1203,1114,7,47,1210,1161
5850,1.230490051,1.572779596,658,636,4,26,662,662
5851,2.177462733,2.277785843,695,615,0,25,695,640
5852,2.278352187,0.598522622,1366,1227,5,48,1371,1275
5853,1.457691863,1.07057552,1610,1508,10,51,1620,1559
5854,1.655282476,2.945502762,767,719,4,36,771,755
5855,4.488262238,0.4140936136,884,831,6,22,890,853
5856,3.695114251,0.4550625574,792,704,1,24,793,728
5857,4.379079125,2.669758383,1744,1576,6,101,1750,1677
5858,2.310625815,0.9026593501,1722,1589,8,79,1730,1668
5859,4.281525458,0.9791846676,1534,1399,10,59,1544,1458
5860,1.085721123,2.168724617,1414,1281,9,28,1423,1309
5861,3.432737771,1.710732763,1660,1391,5,65,1665,1456
5862,3.541568348,2.467980278,1042,926,6,46,1048,972
5863,4.343481542,0.007870715658,681,601,7,17,688,618
5864,2.645453762,0.2741217404,1519,1333,4,51,1523,1384
5865,2.84272395,2.382731224,1576,1463,9,87,1585,1550
5866,1.136027981,2.944729459,661,620,2,24,663,644
5867,4.256627083,2.262362883,671,644,4,40,675,684
5868,2.25681144,2.477658902,733,722,3,42,736,764
5869,4.248367175,0.8391507894,1163,1024,5,57,1168,1081
5870,4.489895607,1.416620933,1616,1441,10,70,1626,1511
5871,3.177904845,0.9581166565,1344,1226,5,49,1349,1275
5872,1.449801969,2.311935093,709,609,2,32,711,641
5873,1.323268864,2.948820507,822,726,1,32,823,758
5874,4.46822735,2.971129819,1517,1347,5,80,1522,1427
5875,4.832815049,0.3539412969,1179,1095,7,40,1186,1135
5876,4.264433642,1.314125858,1385,1274,1,61,1386,1335
5877,1.635110479,0.3577338707,1514,1377,9,37,1523,1414
5878,1.553506602,2.12299407,989,939,5,51,994,990
5879,3.36389018,1.280610416,1640,1475,10,73,1650,1548
5880,3.32037989,0.05007841801,1837,1727,13,47,1850,1774
5881,3.31319454,0.005405760069,1332,1275,6,42,1338,1317
5882,1.492877086,2.069637048,1764,1686,13,75,1777,1761
5883,1.865136154,1.070432404,1374,1304,12,49,1386,1353
5884,3.917315714,2.820386807,940,888,5,44,945,932
5885,3.257783035,2.785897859,1369,1236,7,64,1376,1300
5886,1.184527699,1.409055718,695,644,8,25,703,669
5887,1.536827517,2.177755914,1152,1070,6,41,1158,1111
5888,3.723651098,0.5489634075,758,723,2,26,760,749
5889,3.916370732,1.390603083,1621,1433,7,69,1628,1502
5890,1.148481984,1.236838428,1546,1421,7,59,1553,1480
5891,3.753965572,0.6135678961,1185,1042,10,44,1195,1086
5892,1.624225819,0.7944916754,1096,1114,6,42,1102,1156
5893,2.045211656,2.723856954,1617,1410,10,86,1627,1496
5894,2.158332327,0.2951174307,745,752,3,18,748,770
5895,4.702245302,2.146951545,725,614,2,27,727,641
5896,1.476610877,2.74379968,1788,1730,7,82,1795,1812
5897,3.72721431,1.175307094,891,834,1,41,892,875
5898,2.736917557,0.2564507415,1596,1473,9,45,1605,1518
5899,2.042947927,2.911883764,1258,1108,5,39,1263,1147
5900,4.69503674,1.448751609,1596,1448,5,65,1601,1513
5901,2.384470685,1.113660647,1635,1475,6,76,1641,1551
5902,2.295508025,0.2772781514,1366,1263,7,43,1373,1306
5903,4.613063177,0.5638271471,1714,1639,17,76,1731,1715
5904,2.341644135,0.537845953,1061,959,5,40,1066,999
5905,4.436915238,1.535621837,1733,1617,9,69,1742,1686
5906,1.101227857,2.087751375,905,835,5,35,910,870
5907,2.902405933,0.004995253266,668,644,2,17,670,661
5908,4.771732466,0.5800736289,1272,1156,4,43,1276,1199
5909,3.231387591,2.321292199,1509,1270,10,61,1519,1331
5910,4.754550863,1.700208481,665,601,3,33,668,634
5911,1.133509583,1.321653203,1433,1367,4,39,1437,1406
5912,3.387516498,0.6126089685,1732,1596,6,63,1738,1659
5913,3.0930751,2.699115119,1523,1356,11,79,1534,1435
5914,3.652269983,1.419032008,1823,1664,11,67,1834,1731
5915,2.61858662,1.25444701,1255,1122,3,47,1258,1169
5916,3.68184153,2.375143283,831,706,4,32,835,738
5917,4.603072707,0.8620639739,1533,1366,6,76,1539,1442
5918,1.664933303,2.890095873,1304,1168,3,50,1307,1218
5919,2.83467764,0.863908258,921,828,2,34,923,862
5920,3.670165385,1.915252503,1022,936,3,49,1025,985
5921,3.554806134,1.447585059,668,628,4,22,672,650
5922,1.013207392,1.55951682,914,859,4,36,918,895
5923,1.655567201,2.074675299,1811,1670,10,77,1821,1747
5924,3.431324454,0.185663883,916,896,3,20,919,916
5925,3.251124846,0.4612859644,1724,1594,9,56,1733,1650
5926,4.702491724,0.6619286345,1519,1393,7,55,1526,1448
5927,4.143473669,2.098304789,674,628,0,35,674,663
5928,3.584272099,0.5917798339,1546,1393,5,61,1551,1454
5929,1.205002528,0.2468923401,942,891,3,22,945,913
5930,3.874945672,2.526676481,697,610,3,38,700,648
5931,3.160566684,0.01088645118,1308,1168,3,36,1311,1204
5932,1.734513725,1.038646534,694,666,0,16,694,682
5933,2.296533629,0.1755502437,1112,1034,4,29,1116,1063
5934,1.037580121,1.658332591,1555,1446,7,42,1562,1488
5935,2.609608619,1.606047053,912,834,4,36,916,870
5936,2.256660402,0.6022053677,1556,1493,7,50,1563,1543
5937,1.816875719,1.148624481,815,740,4,36,819,776
5938,1.719023789,2.340594474,903,875,6,31,909,906
5939,1.621012101,2.207659411,1637,1475,11,58,1648,1533
5940,4.622606369,0.9404650384,800,803,4,35,804,838
5941,3.409170653,1.634334857,1455,1367,5,51,1460,1418
5942,1.657373049,0.08087841033,1679,1609,11,41,1690,1650
5943,3.11108787,0.4107753933,1453,1331,8,45,1461,1376
5944,2.30509738,0.2549356907,1786,1719,9,51,1795,1770
5945,3.5386323,1.084257505,1874,1652,4,64,1878,1716
5946,1.402069479,1.663855832,945,799,5,39,950,838
5947,1.955855468,0.7451686094,1032,910,5,29,1037,939
5948,4.113396536,1.839085714,1842,1678,5,85,1847,1763
5949,1.835622998,1.662788793,1808,1752,7,85,1815,1837
5950,3.337381802,0.9285657621,1379,1273,4,51,1383,1324
5951,2.467575493,1.599291399,797,797,6,26,803,823
5952,4.250625424,2.88124379,1138,1042,4,54,1142,1096
5953,2.351700204,1.115895052,680,629,1,20,681,649
5954,1.976447192,1.937976739,681,614,3,31,684,645
5955,4.76868017,2.236332303,1294,1124,5,69,1299,1193
5956,3.726057591,2.165113633,815,729,2,33,817,762
5957,3.074452119,1.526877335,778,738,3,34,781,772
5958,4.411052354,0.05537571479,1677,1611,7,47,1684,1658
5959,4.377733729,1.21245457,1241,1164,6,51,1247,1215
5960,4.093361506,1.443262149,1129,1005,1,47,1130,1052
5961,2.797637136,0.738928492,1558,1480,4,64,1562,1544
5962,2.476127916,1.481256788,1411,1275,11,64,1422,1339
5963,3.245388648,1.310300955,1424,1375,9,73,1433,1448
5964,1.096604712,0.1278041318,1839,1661,8,36,1847,1697
5965,3.173702198,2.060071816,668,626,4,32,672,658
5966,4.513996065,0.5507450439,1735,1507,14,71,1749,1578
5967,1.822881132,0.4411525971,961,852,5,29,966,881
5968,1.708546572,2.924852409,1182,1103,4,39,1186,1142
5969,3.477508496,0.5462093036,1024,947,4,34,1028,981
5970,1.731307772,1.514609438,1519,1362,7,55,1526,1417
5971,3.600165863,2.134147019,681,639,3,35,684,674
5972,4.699158126,0.3529712,1784,1528,6,66,1790,1594
5973,1.819218272,0.2178727175,668,618,5,14,673,632
5974,4.805885,2.489603081,1442,1334,4,79,1446,1413
5975,2.611151558,2.14714783,1028,928,2,46,1030,974
5976,3.20240572,1.264594589,1670,1510,5,70,1675,1580
5977,3.874022853,2.416767555,1011,923,6,59,1017,982
5978,1.366430323,1.757673458,1257,1124,8,40,1265,1164
5979,2.859943497,2.532751419,668,647,1,32,669,679
5980,1.173663402,0.06541645465,1283,1148,6,34,1289,1182
5981,4.169759302,0.3839817852,1277,1177,2,49,1279,1226
5982,3.530290463,1.937051173,917,851,3,40,920,891
5983,3.064516218,1.126611517,805,727,4,36,809,763
5984,3.765790972,2.487557207,1246,1110,5,69,1251,1179
5985,3.41462236,1.755115247,1678,1613,9,83,1687,1696
5986,2.806056425,2.809902675,1174,1082,8,61,1182,1143
5987,3.109084085,1.843892937,1714,1577,5,75,1719,1652
5988,4.613017084,1.660301711,1720,1591,10,68,1730,1659
5989,2.915129318,0.5891892074,710,636,2,26,712,662
5990,3.281945617,2.631442213,1031,963,8,62,1039,1025
5991,3.673576308,0.1593837733,1850,1709,10,53,1860,1762
5992,2.27284061,2.15599056,889,905,2,40,891,945
5993,1.266085847,2.150396299,1523,1397,5,56,1528,1453
5994,2.487936329,0.6707232361,1299,1159,5,49,1304,1208
5995,3.133934685,1.386566334,1461,1392,10,62,1471,1454
5996,3.942398803,0.7200132045,1383,1288,5,53,1388,1341
5997,2.955956568,1.766793425,1354,1283,5,50,1359,1333
5998,3.009454399,2.669813643,1734,1607,6,81,1740,1688
5999,2.777717562,1.933647471,1673,1583,6,76,1679,1659
6000,3.840826229,2.011152093,1517,1342,7,74,1524,1416
6001,4.754637827,1.423498461,1236,1196,2,60,1238,1256
6002,4.553542035,2.191912133,905,787,5,42,910,829
6003,2.57081133,0.8200583377,1327,1216,12,48,1339,1264
6004,2.541599467,1.109353779,795,717,5,31,800,748
6005,2.531681783,2.007172382,1307,1168,10,60,1317,1228
6006,1.091254507,0.2981552204,1218,1205,4,23,1222,1228
6007,1.530535066,2.327882726,800,701,5,23,805,724
6008,1.230669617,2.311158127,1333,1215,10,41,1343,1256
6009,2.344793339,0.4581508425,1232,1136,7,45,1239,1181
6010,4.784139116,2.534849032,1541,1344,4,67,1545,1411
6011,2.895912338,0.9402114727,1243,1119,10,39,1253,1158
6012,2.811980233,1.355652913,1787,1633,8,66,1795,1699
6013,4.467589766,1.567950428,1549,1472,8,74,1557,1546
6014,1.504259089,0.6170185243,1599,1414,6,48,1605,1462
6015,2.187284217,0.260324785,1105,1055,8,39,1113,1094
6016,1.636476801,1.242598367,1252,1170,9,51,1261,1221
6017,2.475365014,0.3825539612,1064,940,8,22,1072,962
6018,2.862441129,0.2649639914,924,825,4,28,928,853
6019,2.227363717,1.520474841,928,858,4,32,932,890
6020,1.764500015,1.928752679,1272,1196,3,54,1275,1250
6021,1.997405787,2.735599616,1697,1531,7,68,1704,1599
6022,1.237807427,2.006343589,1126,1027,4,38,1130,1065
6023,1.401563847,0.3875574572,644,589,2,18,646,607
6024,1.229335644,2.780793002,1924,1717,8,78,1932,1795
6025,3.149188528,0.383070959,1228,1158,1,50,1229,1208
6026,2.316845011,0.8226362779,913,802,1,22,914,824
6027,2.548347703,1.945133923,1454,1264,2,72,1456,1336
6028,2.772979698,0.8636650009,1432,1371,7,54,1439,1425
6029,4.460832107,1.604598703,1586,1454,6,81,1592,1535
6030,1.180169566,0.8591939978,1779,1668,11,63,1790,1731
6031,3.018938473,1.87798558,1890,1651,7,76,1897,1727
6032,2.290493103,0.06229843519,1172,1063,4,29,1176,1092
6033,3.709818989,0.3086581399,1494,1346,2,64,1496,1410
6034,1.366755528,0.05607069622,1147,1071,7,31,1154,1102
6035,1.50713555,0.1365730676,1163,1170,5,35,1168,1205
6036,3.512715985,0.3833597627,823,734,5,18,828,752
6037,2.71166079,0.6646542001,1689,1542,8,61,1697,1603
6038,4.360234546,1.083958098,808,723,3,28,811,751
6039,4.753436577,0.3889500821,904,914,2,31,906,945
6040,2.555228667,2.880275981,1331,1271,6,56,1337,1327
6041,3.953248062,2.289863993,1056,966,4,45,1060,1011
6042,4.866007649,2.173622085,1588,1422,4,71,1592,1493
6043,3.384901981,0.869879,1246,1154,6,43,1252,1197
6044,4.816348816,1.95230124,1069,992,2,49,1071,1041
6045,4.350058983,2.57320911,1502,1292,6,92,1508,1384
6046,3.89104624,0.5789677331,1436,1426,5,61,1441,1487
6047,1.469532779,2.920118734,1028,972,4,43,1032,1015
6048,4.948013081,0.6906084231,1024,977,2,48,1026,1025
6049,1.94201506,1.16535221,1565,1448,7,60,1572,1508
6050,2.123461942,1.546892558,1710,1649,8,63,1718,1712
6051,3.828538029,0.0537852705,1037,968,2,32,1039,1000
6052,1.631285756,2.053112789,1020,971,7,38,1027,1009
6053,2.530123924,0.7086429247,877,801,7,32,884,833
6054,4.739998347,2.523420853,1218,1080,5,72,1223,1152
6055,3.542227197,2.108647866,702,664,1,33,703,697
6056,1.872287169,2.3936147,898,825,2,42,900,867
6057,4.526445385,0.76653666,790,770,2,34,792,804
6058,4.503397909,1.543718645,1125,1053,5,50,1130,1103
6059,1.070990086,1.764421057,1162,1075,6,38,1168,1113
6060,1.129867484,0.4364401837,1057,1081,4,30,1061,1111
6061,3.954963019,2.151811227,812,711,9,42,821,753
6062,1.982360649,1.039885721,1568,1480,9,60,1577,1540
6063,1.968778332,0.1534981836,1656,1568,10,52,1666,1620
6064,2.291541048,0.1309005573,1385,1283,2,34,1387,1317
6065,1.26389581,2.896351917,946,874,10,35,956,909
6066,4.139798446,2.295087908,1253,1150,3,61,1256,1211
6067,1.135818872,1.212981165,914,838,6,21,920,859
6068,3.581927134,0.9771570717,1622,1515,8,74,1630,1589
6069,4.707101232,2.511741192,1513,1451,2,86,1515,1537
6070,2.618349197,2.566698182,694,589,4,26,698,615
6071,3.535256164,0.2959202834,909,805,3,31,912,836
6072,4.542915523,2.552433793,1182,1144,3,69,1185,1213
6073,2.564092145,1.827883798,1490,1428,6,73,1496,1501
6074,3.302450109,2.617795815,1450,1304,4,67,1454,1371
6075,4.698473232,2.702463739,1719,1550,9,99,1728,1649
6076,2.731384584,0.5166447161,1753,1593,12,56,1765,1649
6077,1.199127936,0.774751935,705,632,1,16,706,648
6078,4.556797231,0.6629235882,1014,972,3,37,1017,1009
6079,1.071095335,2.788960019,1703,1461,8,62,1711,1523
6080,3.197650208,0.9030595108,1183,1062,9,45,1192,1107
6081,1.977496954,1.727100396,1781,1590,8,72,1789,1662
6082,2.838833144,0.4411471668,1683,1559,13,60,1696,1619
6083,1.566789046,0.6116017941,945,847,2,23,947,870
6084,3.696529167,1.117477191,1548,1442,5,74,1553,1516
6085,2.059432432,2.496683419,871,864,4,49,875,913
6086,4.611629631,2.39219417,1819,1678,10,85,1829,1763
6087,4.754127233,1.695220902,1053,924,3,54,1056,978
6088,2.143795304,2.556529317,1544,1412,4,75,1548,1487
6089,2.930688683,0.2777889758,862,879,2,40,864,919
6090,3.328140661,2.696029927,1362,1222,8,69,1370,1291
6091,2.079891081,1.263117302,696,646,5,27,701,673
6092,3.310634592,2.152284765,1356,1264,5,69,1361,1333
6093,1.018312472,2.955033542,1511,1320,5,58,1516,1378
6094,2.434781197,0.4999566025,678,668,4,25,682,693
6095,3.97960238,1.169366665,795,713,3,38,798,751
6096,2.475501709,2.059438958,1232,1153,7,58,1239,1211
6097,2.249803306,0.2308454039,1087,973,9,29,1096,1002
6098,3.478033045,0.2185358033,1102,1081,7,38,1109,1119
6099,4.662724218,1.264859327,1094,1066,10,44,1104,1110
6100,1.686169524,1.489350843,1255,1103,6,40,1261,1143
6101,2.564893541,1.425489226,1288,1205,6,57,1294,1262
6102,2.284816351,1.261268919,1237,1129,4,57,1241,1186
6103,2.465902531,2.029895555,1764,1561,4,72,1768,1633
6104,3.259588598,2.207089889,1306,1092,5,49,1311,1141
6105,3.391961753,0.3667500014,1724,1581,8,52,1732,1633
6106,3.320075008,1.932490464,673,596,4,28,677,624
6107,2.913856722,2.488097938,1669,1532,6,59,1675,1591
6108,2.111631325,0.03919116377,780,750,3,21,783,771
6109,1.806362958,1.404679149,1439,1268,8,45,1447,1313
6110,1.897842481,2.226990022,1233,1140,5,51,1238,1191
6111,4.243047174,1.600563999,1613,1451,6,76,1619,1527
6112,1.576198561,0.7175808857,1759,1529,8,65,1767,1594
6113,1.086092384,0.1982940527,1020,943,5,21,1025,964
6114,4.065493729,1.698649469,1316,1196,4,65,1320,1261
6115,1.445542281,2.944711751,1621,1455,8,57,1629,1512
6116,3.221559662,2.404612913,1271,1174,3,62,1274,1236
6117,4.118357551,0.9855904285,1405,1230,5,62,1410,1292
6118,3.031150996,0.5262639289,1584,1524,8,65,1592,1589
6119,3.394776115,1.51559967,921,807,2,36,923,843
6120,3.780493727,1.548167568,1283,1169,8,59,1291,1228
6121,3.988388036,0.9834190997,1527,1499,10,62,1537,1561
6122,2.003239557,2.05124571,1565,1421,11,66,1576,1487
6123,2.104285648,2.827165278,1372,1243,6,62,1378,1305
6124,1.980881508,0.3373731733,624,622,2,21,626,643
6125,3.926556129,1.02316633,740,731,4,29,744,760
6126,1.35257285,0.4576036601,917,810,4,23,921,833
6127,3.584340121,0.19658811,888,761,3,24,891,785
6128,1.594157135,2.822198398,679,635,3,31,682,666
6129,3.573617633,0.4452069646,1650,1626,7,68,1657,1694
6130,1.751695158,2.273372483,1619,1468,6,68,1625,1536
6131,3.843934975,1.628194821,1386,1239,4,49,1390,1288
6132,1.79655275,0.4811461793,1637,1468,3,47,1640,1515
6133,4.693440649,2.493477687,664,653,3,26,667,679
6134,2.417523306,2.362655382,1549,1459,5,67,1554,1526
6135,3.506036674,2.975378841,892,788,6,44,898,832
6136,2.64614413,1.891026801,689,629,4,35,693,664
6137,3.811630246,1.954048252,1674,1538,9,89,1683,1627
6138,4.694577754,2.042186905,1003,953,2,45,1005,998
6139,1.859599421,0.1277522773,1661,1612,5,49,1666,1661
6140,3.542657996,1.183279008,1827,1583,8,78,1835,1661
6141,3.031202363,2.840039915,1050,979,4,52,1054,1031
6142,3.323131773,2.452305308,1098,1015,4,55,1102,1070
6143,1.065919858,0.9918830598,1596,1462,10,47,1606,1509
6144,2.293194145,0.2697559651,874,827,6,15,880,842
6145,2.527281623,0.8644973216,1273,1165,7,52,1280,1217
6146,4.635413188,0.7065785342,1680,1568,6,58,1686,1626
6147,3.162660517,0.7416752349,1608,1411,6,62,1614,1473
6148,2.576856261,0.6684037709,710,704,5,21,715,725
6149,4.285940717,1.607293682,1129,1046,5,61,1134,1107
6150,2.10282717,1.064193575,1339,1228,8,47,1347,1275
6151,2.943316916,1.449719974,1845,1701,7,79,1852,1780
6152,2.461733628,1.798810198,1476,1416,6,64,1482,1480
6153,3.700894121,1.42042167,1272,1142,4,44,1276,1186
6154,1.139052654,0.004923494923,1142,1083,6,18,1148,1101
6155,1.909995796,2.523934106,1098,934,6,49,1104,983
6156,4.290450434,2.580747491,666,643,3,34,669,677
6157,3.302155132,1.884630776,671,604,3,37,674,641
6158,2.547690352,0.8883503428,762,726,4,27,766,753
6159,4.727059881,2.067788265,987,927,1,61,988,988
6160,1.730294786,1.810496108,1170,1022,6,49,1176,1071
6161,1.934592354,1.214078428,1336,1285,12,46,1348,1331
6162,3.648064286,1.363827459,736,749,1,46,737,795
6163,1.598257136,1.49815248,1477,1362,7,69,1484,1431
6164,3.35094527,2.357546604,1754,1539,9,92,1763,1631
6165,3.072128049,2.127979162,1612,1406,4,82,1616,1488
6166,2.410977739,0.8910414375,1822,1712,11,72,1833,1784
6167,3.606665287,0.8829028245,704,620,4,27,708,647
6168,1.488407141,2.245714766,1590,1499,9,62,1599,1561
6169,4.81066592,0.04912296109,1037,969,8,36,1045,1005
6170,2.206179341,2.490023585,1682,1612,11,90,1693,1702
6171,2.250824614,1.923505938,1335,1270,5,60,1340,1330
6172,4.862761292,1.304313804,1529,1389,7,61,1536,1450
6173,2.188558376,2.152534994,1469,1356,4,58,1473,1414
6174,3.518261654,1.810699912,1546,1347,6,67,1552,1414
6175,1.0894708,0.4540804273,1495,1340,8,44,1503,1384
6176,1.352572415,2.874686116,1533,1299,5,62,1538,1361
6177,4.698233464,0.9329409403,1043,966,7,34,1050,1000
6178,4.774453576,2.61738027,883,775,4,57,887,832
6179,1.111274459,0.4500703025,1851,1684,10,60,1861,1744
6180,1.001989811,0.4894529999,1747,1578,13,48,1760,1626
6181,3.029142947,1.823455102,675,671,3,33,678,704
6182,2.398738447,0.2647922998,1159,1088,7,33,1166,1121
6183,4.848915443,1.082739983,1824,1741,7,66,1831,1807
6184,3.133145759,0.5025198905,1214,1124,3,48,1217,1172
6185,1.536187278,1.02124583,656,636,2,15,658,651
6186,1.501033388,1.204266632,1563,1399,6,45,1569,1444
6187,1.641966946,1.130523535,843,732,3,21,846,753
6188,1.620447619,0.6287798176,1563,1486,8,44,1571,1530
6189,1.318483428,1.857118792,1849,1734,10,74,1859,1808
6190,1.50974508,0.06864784063,1088,1110,5,22,1093,1132
6191,4.832885511,1.669889042,1450,1370,5,62,1455,1432
6192,3.289052008,1.352987244,1475,1346,8,51,1483,1397
6193,4.181581006,0.585584272,1778,1749,5,69,1783,1818
6194,3.952610294,1.521420504,1001,949,6,63,1007,1012
6195,2.47669667,0.277445754,910,890,15,25,925,915
6196,2.824356785,2.659029608,1427,1248,4,66,1431,1314
6197,3.907458748,0.268113268,931,842,2,36,933,878
6198,2.931226806,1.134173645,807,720,3,22,810,742
6199,2.569194721,0.8275409781,1242,1216,6,39,1248,1255
6200,4.525070629,0.1457684779,1711,1583,6,66,1717,1649
6201,3.593920098,1.391823412,1044,930,5,54,1049,984
6202,3.731959872,1.149383959,1197,1055,4,45,1201,1100
6203,4.854585417,1.708169748,1146,1021,4,60,1150,1081
6204,2.083192629,1.815933644,1140,1034,8,69,1148,1103
6205,3.404776117,2.04694784,1374,1273,7,56,1381,1329
6206,1.139402728,1.803924433,665,680,6,21,671,701
6207,4.229956574,0.697639777,1621,1491,5,60,1626,1551
6208,3.205901916,0.5681220668,1439,1455,7,48,1446,1503
6209,3.655522548,1.906328063,1755,1534,10,77,1765,1611
6210,1.118946915,1.306443769,1223,1131,7,37,1230,1168
6211,2.150502134,2.588915717,1752,1577,12,78,1764,1655
6212,2.932605839,0.3430840643,1468,1431,8,47,1476,1478
6213,2.023427519,2.561474177,979,974,3,51,982,1025
6214,1.460635746,0.04457732072,812,691,7,18,819,709
6215,2.282969215,0.1373201936,1848,1672,14,44,1862,1716
6216,2.450752265,2.952618955,665,633,3,22,668,655
6217,3.802163003,2.243407666,876,822,3,39,879,861
6218,1.356907242,0.4019004761,667,599,3,21,670,620
6219,2.092578422,1.17900487,933,793,5,27,938,820
6220,3.655328065,1.643843304,1142,1005,9,47,1151,1052
6221,4.98959743,1.431697822,1304,1237,3,58,1307,1295
6222,2.897795439,0.710824372,1360,1259,5,59,1365,1318
6223,1.610245146,2.569060883,882,830,2,25,884,855
6224,3.40543679,2.850472803,1022,940,5,54,1027,994
6225,1.876570783,2.188736931,857,890,6,38,863,928
6226,1.746641682,2.619486375,1114,1072,2,40,1116,1112
6227,1.209032293,1.403596549,719,639,2,11,721,650
6228,1.505805736,1.479987116,1014,1003,2,39,1016,1042
6229,2.060011069,2.987150419,1847,1691,6,92,1853,1783
6230,2.935752827,2.802138242,1030,937,3,60,1033,997
6231,1.9292303,1.712009944,1034,976,6,33,1040,1009
6232,4.031363208,2.66944176,776,739,4,51,780,790
6233,3.569588323,1.870611447,1537,1493,3,75,1540,1568
6234,3.766956535,1.278316476,1108,1001,4,57,1112,1058
6235,3.693446512,1.305516711,1385,1225,6,60,1391,1285
6236,4.205341875,2.944745721,1812,1623,7,103,1819,1726
6237,1.782036341,1.680560779,1831,1676,11,65,1842,1741
6238,1.629330153,1.543015723,1008,949,3,47,1011,996
6239,3.515897503,0.08560134221,1063,992,4,33,1067,1025
6240,4.543918131,1.116602866,1385,1283,5,55,1390,1338
6241,3.745505371,1.891370136,1474,1370,4,71,1478,1441
6242,3.529798189,1.136445585,1280,1081,9,51,1289,1132
6243,1.136118154,1.888865863,1739,1601,12,55,1751,1656
6244,4.896681211,2.860156239,1015,840,7,51,1022,891
6245,4.829002012,1.734236336,956,849,1,36,957,885
6246,3.689786412,0.8325199843,1402,1404,4,63,1406,1467
6247,1.769559012,1.670856011,1599,1418,4,55,1603,1473
6248,1.166733447,1.726471042,1468,1340,8,53,1476,1393
6249,4.882031549,1.255434974,1385,1224,5,61,1390,1285
6250,2.380290135,2.009101822,1487,1359,1,59,1488,1418
6251,3.274899773,1.785955845,811,773,4,28,815,801
6252,2.220835495,1.485897163,1555,1492,6,61,1561,1553
6253,2.640795777,2.742680258,1021,895,5,42,1026,937
6254,4.560027738,2.922179871,1727,1511,2,92,1729,1603
6255,1.904874839,1.868925062,1603,1477,7,62,1610,1539
6256,3.705915925,0.1576569416,1638,1442,11,52,1649,1494
6257,2.066839393,0.1262874409,939,848,3,26,942,874
6258,3.475004323,0.9378295767,998,929,6,48,1004,977
6259,2.991697116,1.491102946,903,846,2,33,905,879
6260,4.178616743,0.8517914671,814,753,5,36,819,789
6261,1.870915733,2.93657633,1031,970,8,48,1039,1018
6262,4.163313699,2.153819065,1004,951,1,61,1005,1012
6263,2.193995338,2.520816592,1760,1681,13,74,1773,1755
6264,2.990729579,2.633618457,946,858,3,42,949,900
6265,1.014600488,2.218428638,1051,968,7,31,1058,999
6266,2.076987727,0.3143949074,925,870,3,34,928,904
6267,3.499620732,1.495442655,1176,1131,7,53,1183,1184
6268,3.259244951,1.041622484,1446,1383,3,59,1449,1442
6269,2.14351498,0.4115159565,1599,1487,4,55,1603,1542
6270,2.152455631,1.384370046,1261,1220,11,57,1272,1277
6271,2.311516885,2.143657939,790,733,2,34,792,767
6272,1.900638862,1.387741604,880,717,5,39,885,756
6273,4.133331699,1.715713872,1445,1351,3,63,1448,1414
6274,2.69203033,2.011437387,1398,1163,4,57,1402,1220
6275,2.337802756,0.5290378525,1658,1587,11,55,1669,1642
6276,1.026846186,2.83607318,708,589,2,17,710,606
6277,4.754165493,1.493124689,1580,1436,7,58,1587,1494
6278,2.61887122,2.502202643,794,751,6,47,800,798
6279,3.662031651,0.8096241509,1704,1511,6,78,1710,1589
6280,3.290908089,0.9072317811,1738,1598,5,68,1743,1666
6281,4.926813722,0.6604562036,885,836,4,44,889,880
6282,2.842168183,0.2777303611,684,646,1,11,685,657
6283,3.331045476,2.68106274,1412,1198,6,61,1418,1259
6284,3.320231589,0.2589737753,1573,1492,6,62,1579,1554
6285,3.598475986,0.9536790227,1719,1557,4,63,1723,1620
6286,4.489096039,2.011549885,1224,1132,3,69,1227,1201
6287,3.01167176,0.7526827665,1123,1052,3,49,1126,1101
6288,2.431251106,2.975713437,1720,1626,11,92,1731,1718
6289,3.348443691,1.518335178,1088,902,1,47,1089,949
6290,2.918104752,0.6466449632,1256,1167,3,31,1259,1198
6291,2.280145684,0.3303193293,749,732,3,25,752,757
6292,2.848798792,0.1916302536,687,637,2,29,689,666
6293,1.365112238,0.7240013706,1342,1369,2,38,1344,1407
6294,3.757414727,1.256734716,831,719,3,31,834,750
6295,4.33510556,2.364491635,1461,1306,8,80,1469,1386
6296,4.371175355,2.535808927,1684,1556,9,92,1693,1648
6297,3.948761782,0.7189224639,1014,925,3,35,1017,960
6298,2.602092049,2.841550921,1693,1522,10,75,1703,1597
6299,2.526026405,1.656969164,677,602,3,28,680,630
6300,2.188363572,2.551950498,1009,949,2,35,1011,984
6301,3.118145513,1.605538338,812,725,1,31,813,756
6302,3.875155195,2.789303081,820,764,2,51,822,815
6303,3.446684887,0.7471384803,1020,938,1,48,1021,986
6304,1.047315201,2.82659662,765,714,4,19,769,733
6305,4.528415165,0.6823058111,1469,1357,3,69,1472,1426
6306,1.129506948,1.67838731,1350,1269,9,54,1359,1323
6307,4.578017929,0.5813731023,1797,1719,4,55,1801,1774
6308,4.156396361,0.3637798245,984,885,8,30,992,915
6309,4.500866951,1.996253201,895,817,6,51,901,868
6310,3.164854183,1.083992724,885,873,5,30,890,903
6311,1.748527148,1.090480021,1113,1034,5,41,1118,1075
6312,2.037243294,1.147045408,1351,1336,3,44,1354,1380
6313,2.632273733,0.4730004,701,634,2,20,703,654
6314,2.824674442,2.938192059,641,620,3,32,644,652
6315,2.11031053,1.910432064,1527,1577,10,56,1537,1633
6316,3.301276654,1.369083791,1304,1136,6,55,1310,1191
6317,3.141493636,1.99923958,1290,1150,2,59,1292,1209
6318,1.224357617,1.634998018,1785,1751,10,69,1795,1820
6319,3.119416949,1.103754358,1014,875,1,28,1015,903
6320,1.333175956,1.894152471,669,608,1,31,670,639
6321,2.777025561,1.753632271,1306,1155,3,56,1309,1211
6322,2.067230045,1.191984638,1315,1277,6,55,1321,1332
6323,1.059780693,0.3458100244,783,730,4,29,787,759
6324,1.79906261,1.838840249,974,965,6,34,980,999
6325,2.183434028,2.147885834,1264,1091,9,45,1273,1136
6326,1.00943367,0.4306733055,1086,1094,3,41,1089,1135
6327,2.913822188,2.127690273,1373,1265,4,63,1377,1328
6328,2.776400281,1.315292061,1228,1126,8,53,1236,1179
6329,4.248740067,2.491331496,816,731,2,32,818,763
6330,1.192664275,1.664989009,1855,1686,7,53,1862,1739
6331,3.771047468,2.833495977,782,735,4,58,786,793
6332,1.636058448,2.917643254,1177,1040,5,45,1182,1085
6333,3.134918452,1.97103644,942,833,4,46,946,879
6334,3.856072418,2.125650123,1262,1129,7,65,1269,1194
6335,4.3108769,0.007979188417,901,860,4,27,905,887
6336,2.404729688,2.5280091,762,723,4,40,766,763
6337,4.941242851,0.09717326436,692,676,8,19,700,695
6338,3.727823035,0.9412731481,1726,1635,5,73,1731,1708
6339,4.351912709,2.99797721,1467,1345,5,74,1472,1419
6340,2.584664882,1.68969407,1445,1436,6,53,1451,1489
6341,1.176563005,1.458889998,1738,1512,8,60,1746,1572
6342,3.049292877,2.986041173,1260,1151,6,56,1266,1207
6343,3.479919029,2.364982739,1538,1346,13,75,1551,1421
6344,1.031449907,1.510677833,1786,1631,10,51,1796,1682
6345,3.706776864,2.217326589,1245,1152,7,58,1252,1210
6346,1.316692867,2.439119262,1737,1554,4,69,1741,1623
6347,1.977996424,1.095952685,1590,1450,3,58,1593,1508
6348,1.447350886,2.552166572,1099,1100,1,46,1100,1146
6349,2.465875275,1.963266866,1038,911,5,60,1043,971
6350,2.994035103,1.634803792,901,816,3,32,904,848
6351,4.452914196,0.2070155747,1572,1505,7,41,1579,1546
6352,3.318841448,2.015095708,1380,1298,10,48,1390,1346
6353,2.867663808,0.4081221634,868,801,7,30,875,831
6354,1.38538177,0.2562607165,1104,1099,5,24,1109,1123
6355,3.943050234,2.882859989,1463,1333,3,79,1466,1412
6356,4.177406898,2.675118023,1147,1007,6,47,1153,1054
6357,1.872357176,0.2636959561,793,688,2,25,795,713
6358,4.7034362,1.472491964,1464,1361,9,72,1473,1433
6359,2.082590803,2.309017036,1812,1595,13,82,1825,1677
6360,1.632384646,2.689272525,638,647,3,32,641,679
6361,2.22367726,1.916219535,726,673,2,26,728,699
6362,3.76991819,2.360003761,1304,1288,3,66,1307,1354
6363,1.29240058,1.088532752,1269,1154,9,50,1278,1204
6364,4.701279225,1.751661504,1494,1350,4,60,1498,1410
6365,1.850178366,0.7087781429,1114,1060,2,31,1116,1091
6366,3.726298723,1.37798669,1008,932,2,33,1010,965
6367,3.334121092,2.402017183,1836,1605,10,90,1846,1695
6368,3.622942933,0.5196157212,1235,1160,7,47,1242,1207
6369,2.099980265,0.1814653274,1631,1541,5,47,1636,1588
6370,3.738782688,0.8380113689,683,626,3,35,686,661
6371,1.144672792,1.500730453,1102,1067,6,32,1108,1099
6372,2.240255056,2.215054451,657,601,2,36,659,637
6373,4.066903221,0.0849338469,778,753,3,23,781,776
6374,1.254972236,2.337628689,888,841,6,29,894,870
6375,3.428708326,0.04307067678,1708,1578,6,47,1714,1625
6376,3.527034965,2.10887404,1829,1603,2,96,1831,1699
6377,3.596752752,0.1065540027,662,667,4,12,666,679
6378,4.844167112,1.873100237,670,615,5,28,675,643
6379,3.518351378,1.043759157,1611,1459,11,63,1622,1522
6380,3.012327383,2.587224175,1484,1365,6,60,1490,1425
6381,2.210840464,1.407984795,1461,1349,7,62,1468,1411
6382,4.100631308,0.5122717828,1176,1090,1,39,1177,1129
6383,3.55769332,0.8044253138,1263,1202,2,43,1265,1245
6384,3.602614181,1.716524881,1783,1660,7,105,1790,1765
6385,1.720991022,1.054647926,1047,991,3,32,1050,1023
6386,4.495526767,1.547693501,660,632,3,30,663,662
6387,3.473572156,0.9512831864,905,864,5,32,910,896
6388,2.856568087,1.515010477,678,604,5,28,683,632
6389,3.25991368,0.2027227196,1508,1360,6,45,1514,1405
6390,3.830023558,2.470502594,1855,1674,11,96,1866,1770
6391,1.599798881,2.624853858,820,739,3,34,823,773
6392,2.631468148,1.403176775,851,750,1,30,852,780
6393,2.006929044,0.6425256523,1262,1177,5,33,1267,1210
6394,3.967355872,1.129882905,1386,1285,10,53,1396,1338
6395,1.933450723,0.3705564359,1621,1540,10,48,1631,1588
6396,1.602202228,2.588276494,1080,1000,5,38,1085,1038
6397,1.404531652,0.9834431182,903,844,4,25,907,869
6398,2.633193579,2.003185101,1129,1047,3,48,1132,1095
6399,1.898921744,1.798333416,1496,1433,5,60,1501,1493
6400,3.986251669,0.813506192,929,902,3,40,932,942
6401,3.979580507,1.165627313,1690,1598,3,67,1693,1665
6402,2.247162809,0.9994619966,1252,1086,5,40,1257,1126
6403,3.133945093,2.893204474,1852,1772,3,82,1855,1854
6404,1.070048245,0.2533834606,1150,1068,6,29,1156,1097
6405,4.469957282,2.900102738,1381,1223,6,79,1387,1302
6406,4.154420639,1.1475469,1630,1495,7,74,1637,1569
6407,3.905422359,1.017349675,1278,1181,3,44,1281,1225
6408,2.319352367,1.585163612,1016,952,2,43,1018,995
6409,4.095332878,1.033423814,769,730,3,28,772,758
6410,3.279458471,0.4779733972,1170,1105,7,46,1177,1151
6411,1.36348427,0.5929444447,1675,1625,8,54,1683,1679
6412,3.679064735,2.766616533,1570,1496,7,83,1577,1579
6413,1.665768411,2.848760869,999,983,8,38,1007,1021
6414,4.592220387,0.5808978535,1685,1563,3,48,1688,1611
6415,4.575008708,0.5160990403,808,685,3,26,811,711
6416,2.051952027,0.7364700359,1145,1066,5,37,1150,1103
6417,3.635377109,1.191093741,1407,1225,4,51,1411,1276
6418,2.018049779,1.043800529,1147,1072,7,39,1154,1111
6419,2.350027771,1.030747534,1568,1526,7,60,1575,1586
6420,1.596152175,1.989561653,1490,1334,9,63,1499,1397
6421,3.431502203,1.39628311,1250,1175,5,46,1255,1221
6422,2.417316749,1.090279337,1804,1641,5,76,1809,1717
6423,4.949459559,1.439590989,1334,1199,7,70,1341,1269
6424,2.793950159,2.363668059,1633,1565,8,75,1641,1640
6425,4.602082331,2.209699971,1761,1712,6,103,1767,1815
6426,2.764212751,0.2752789306,1543,1337,9,44,1552,1381
6427,1.679393516,1.235068202,1124,1022,4,33,1128,1055
6428,4.375387833,1.040652966,1245,1115,4,54,1249,1169
6429,4.908340752,2.944769228,1277,1119,1,58,1278,1177
6430,2.336180878,1.16602573,648,595,6,18,654,613
6431,1.98828511,0.1337297703,1165,1057,4,25,1169,1082
6432,3.297660577,0.7630105012,795,738,5,35,800,773
6433,1.233154909,1.984289379,1327,1300,8,43,1335,1343
6434,4.87381271,0.05389982541,1613,1473,9,55,1622,1528
6435,4.322115272,0.7776127189,934,860,4,39,938,899
6436,3.196085693,1.506882099,1366,1247,4,68,1370,1315
6437,1.943653637,1.180265146,1889,1728,11,71,1900,1799
6438,3.236448548,2.642423274,1065,970,3,38,1068,1008
6439,4.319795618,0.2944065789,911,856,2,34,913,890
6440,2.27657815,1.650071407,1149,1115,5,52,1154,1167
6441,4.258287483,1.863385157,1845,1695,9,84,1854,1779
6442,3.663491178,1.443416903,1386,1277,8,58,1394,1335
6443,2.538981172,0.5234797211,1813,1744,12,76,1825,1820
6444,2.099595338,1.335963835,745,741,4,32,749,773
6445,1.376249844,0.4813554092,795,775,1,23,796,798
6446,1.827424906,0.2009660278,929,840,5,26,934,866
6447,3.352696649,2.550989176,1037,942,4,45,1041,987
6448,4.691409611,0.3625965225,903,861,1,35,904,896
6449,3.871208986,0.380669233,695,618,0,31,695,649
6450,3.378050304,2.692151856,1259,1178,1,64,1260,1242
6451,2.601881154,2.398221746,1055,928,3,41,1058,969
6452,1.443257315,1.824286514,1750,1614,6,69,1756,1683
6453,4.378015147,2.530215432,1519,1302,4,81,1523,1383
6454,3.347674365,1.692372166,1649,1410,10,58,1659,1468
6455,2.085578624,0.756514171,1239,1161,7,47,1246,1208
6456,4.502089485,2.179758847,1254,1121,4,66,1258,1187
6457,4.936044077,0.4409804795,1066,981,2,38,1068,1019
6458,1.509207127,2.601279961,1146,1084,4,39,1150,1123
6459,2.345760584,1.018975019,1284,1131,6,45,1290,1176
6460,3.85689832,2.41480837,1604,1444,13,94,1617,1538
6461,3.734574695,0.05862456973,1257,1163,4,33,1261,1196
6462,2.179838624,1.793760708,1057,1060,7,58,1064,1118
6463,3.311772443,2.688435568,1556,1358,13,81,1569,1439
6464,2.546305634,2.69582263,658,643,3,28,661,671
6465,4.662655832,0.2814901089,1623,1479,4,44,1627,1523
6466,1.820549699,1.058469834,1393,1287,4,48,1397,1335
6467,3.088433383,2.969222991,681,637,4,29,685,666
6468,3.112228515,0.3959327717,672,571,2,23,674,594
6469,4.982111095,1.006539467,1693,1609,7,81,1700,1690
6470,4.799377946,1.733576009,1256,1158,3,46,1259,1204
6471,4.040820271,0.770193972,711,646,5,36,716,682
6472,3.094004371,1.290434132,1156,1068,10,38,1166,1106
6473,1.839879681,1.729425286,656,594,4,26,660,620
6474,4.122682822,1.339720971,1512,1285,7,61,1519,1346
6475,4.900576503,0.3980919022,1537,1468,1,60,1538,1528
6476,2.537154822,2.800510471,918,817,4,34,922,851
6477,1.090624386,1.82934459,1372,1277,6,48,1378,1325
6478,3.760019589,0.1498119979,862,669,6,36,868,705
6479,3.632881734,1.300203749,699,671,5,28,704,699
6480,4.24061141,1.195416473,932,821,4,22,936,843
6481,4.410606875,1.278823366,1026,944,8,50,1034,994
6482,2.06128464,0.9017623041,1010,935,7,27,1017,962
6483,3.337987574,1.114847923,1494,1363,6,66,1500,1429
6484,4.435963811,1.965214402,1237,1133,5,56,1242,1189
6485,3.438270317,0.4303711881,1227,1141,4,41,1231,1182
6486,3.697791038,1.37465453,737,607,3,30,740,637
6487,1.313043162,2.445183252,1863,1626,10,62,1873,1688
6488,4.30715624,2.904758528,1505,1426,3,72,1508,1498
6489,2.234601159,0.1641434938,1395,1332,5,33,1400,1365
6490,1.048271629,1.451096126,1269,1143,2,41,1271,1184
6491,3.340028354,2.241041302,1436,1385,7,62,1443,1447
6492,2.653880719,0.5868966788,1567,1441,10,56,1577,1497
6493,1.289659074,0.627559942,1808,1692,10,50,1818,1742
6494,3.529559597,1.726156673,838,711,4,40,842,751
6495,4.399943169,1.611260908,1048,900,4,34,1052,934
6496,4.050640974,1.355221643,1609,1386,10,60,1619,1446
6497,2.272000457,1.132746962,1232,1160,3,41,1235,1201
6498,2.399580301,0.8009765735,1740,1622,11,66,1751,1688
6499,3.687742731,2.904577037,1151,1041,9,54,1160,1095
6500,3.25643893,0.8412106993,892,776,5,30,897,806
6501,1.89265795,2.657244132,1437,1345,6,63,1443,1408
6502,2.946535475,0.1451340386,1577,1520,8,44,1585,1564
6503,2.749993001,2.974718855,1359,1230,6,64,1365,1294
6504,1.834790052,0.7203031998,797,789,4,31,801,820
6505,1.747131374,0.5796858578,1859,1697,11,50,1870,1747
6506,2.887703381,2.915974078,1330,1275,7,70,1337,1345
6507,2.902294358,2.488395859,1841,1657,7,82,1848,1739
6508,2.483199333,0.3630145263,1585,1517,12,47,1597,1564
6509,4.582366417,2.874483216,862,745,4,42,866,787
6510,3.319742751,0.02508080595,1444,1369,8,47,1452,1416
6511,3.623714873,1.679112351,1275,1161,4,62,1279,1223
6512,4.092840676,0.4163920362,675,628,4,17,679,645
6513,3.710241137,2.148004095,1630,1488,9,85,1639,1573
6514,2.665439004,2.937514452,1713,1526,4,88,1717,1614
6515,4.271771262,0.765508846,677,603,4,23,681,626
6516,1.013297226,1.114603937,1037,933,7,31,1044,964
6517,4.308898412,1.065206076,1076,994,4,51,1080,1045
6518,1.902256416,2.798804854,669,628,3,30,672,658
6519,2.710702772,1.910130126,1320,1129,5,58,1325,1187
6520,4.036885277,0.5595942336,1577,1480,3,58,1580,1538
6521,3.038395043,0.2789887947,1369,1306,6,41,1375,1347
6522,1.324236283,0.03072164064,791,777,3,14,794,791
6523,3.910245441,1.197751712,786,760,5,31,791,791
6524,3.554092807,2.419289775,934,835,4,56,938,891
6525,1.836314329,0.1096774129,1165,1159,8,36,1173,1195
6526,2.315966546,1.11936828,1572,1504,5,62,1577,1566
6527,4.659443767,0.3340360717,1581,1474,12,50,1593,1524
6528,4.405646988,1.554245998,1375,1260,8,84,1383,1344
6529,1.840215607,2.92369956,1576,1505,6,86,1582,1591
6530,2.669951681,0.9236430115,1035,942,4,53,1039,995
6531,4.417017746,1.217603733,773,730,4,33,777,763
6532,2.250987849,1.793952214,887,784,4,32,891,816
6533,3.8777431,2.463561675,1786,1565,10,84,1796,1649
6534,1.716757841,0.01618658047,1209,1242,5,27,1214,1269
6535,3.554851208,1.23043894,1783,1557,6,73,1789,1630
6536,3.775034565,2.515617658,1018,900,8,53,1026,953
6537,2.632540876,1.786074017,1861,1634,7,72,1868,1706
6538,4.169798146,0.3300867464,905,815,4,47,909,862
6539,2.678747365,2.969409197,778,699,4,43,782,742
6540,2.436488157,2.734804063,949,861,3,50,952,911
6541,1.92274106,2.497694439,757,744,1,37,758,781
6542,1.769254779,2.808516727,1616,1432,6,59,1622,1491
6543,3.031658064,2.971738421,1733,1654,10,83,1743,1737
6544,3.946385263,1.413363658,790,769,5,38,795,807
6545,3.064445341,0.6496130599,926,820,5,30,931,850
6546,4.177367378,1.79172263,686,627,2,36,688,663
6547,3.441077963,1.474811749,1117,1026,7,54,1124,1080
6548,4.711980659,2.166074185,1035,928,6,55,1041,983
6549,3.335603004,1.423788125,1148,1055,2,50,1150,1105
6550,2.777540767,0.9968021775,1797,1576,5,68,1802,1644
6551,1.926006125,0.01931001335,1249,1191,5,35,1254,1226
6552,4.785015187,2.300304477,1880,1681,7,105,1887,1786
6553,4.243966174,0.6822654421,1006,925,5,33,1011,958
6554,2.531772972,1.132386034,1224,1199,5,47,1229,1246
6555,3.067565996,0.2813662655,902,934,4,40,906,974
6556,4.511742445,1.18109664,1503,1403,2,71,1505,1474
6557,3.139882183,1.267368833,808,732,5,32,813,764
6558,2.606814912,0.03760795461,1472,1365,8,36,1480,1401
6559,2.966010788,2.696814101,1851,1691,10,106,1861,1797
6560,2.987945747,0.8201759227,1681,1573,9,67,1690,1640
6561,2.055517235,0.9711513539,1198,1112,6,36,1204,1148
6562,1.637043101,1.178992224,803,766,4,22,807,788
6563,4.969377776,1.797716359,1111,997,4,67,1115,1064
6564,3.434525738,0.8119829392,1260,1145,5,37,1265,1182
6565,3.490796616,1.77145626,816,737,5,37,821,774
6566,1.544801436,2.135842618,990,920,6,37,996,957
6567,2.419348,1.901332869,1840,1684,5,86,1845,1770
6568,2.345644625,0.1644315321,1742,1603,7,46,1749,1649
6569,4.131148005,1.899493119,1266,1159,6,58,1272,1217
6570,1.401687896,1.293059726,1159,1014,8,44,1167,1058
6571,1.485582109,0.9724730585,814,728,6,30,820,758
6572,1.926193594,2.107063915,1239,1140,6,61,1245,1201
6573,4.277555428,0.2152645012,1105,1006,6,34,1111,1040
6574,2.664868126,1.021917494,1658,1522,10,70,1668,1592
6575,1.316892052,1.644658189,1212,1153,6,41,1218,1194
6576,2.582457017,1.113083467,1815,1696,7,68,1822,1764
6577,1.778432694,1.262183765,1674,1529,9,61,1683,1590
6578,3.54321196,1.923893958,1355,1252,1,74,1356,1326
6579,3.540127473,0.04238133683,1344,1322,6,38,1350,1360
6580,3.529406142,2.385649565,1363,1221,7,66,1370,1287
6581,1.237176429,2.995836423,922,898,4,39,926,937
6582,4.994385167,1.044849036,1370,1288,6,61,1376,1349
6583,4.244237525,2.140860092,1212,1024,4,56,1216,1080
6584,4.083849618,0.01812108837,1697,1571,8,42,1705,1613
6585,4.808410341,0.5964453042,1483,1383,7,55,1490,1438
6586,1.182147543,1.194032221,1184,1044,7,32,1191,1076
6587,3.639416767,2.027299792,1244,1163,4,41,1248,1204
6588,4.415475187,1.552219476,875,774,3,48,878,822
6589,2.407320601,1.23401464,1219,1153,4,53,1223,1206
6590,1.657730798,0.06348557166,1225,1184,6,26,1231,1210
6591,1.342587955,1.629072991,864,876,4,36,868,912
6592,2.112485699,2.092502197,1669,1573,10,65,1679,1638
6593,2.860628378,0.9147358226,871,868,4,34,875,902
6594,3.150879582,1.210747466,1399,1299,5,65,1404,1364
6595,1.071010309,2.448535276,1561,1484,5,59,1566,1543
6596,2.195194464,0.6244393574,1665,1600,8,52,1673,1652
6597,1.763638663,1.059921816,1130,1073,7,41,1137,1114
6598,4.704015563,1.715560981,1254,1161,1,52,1255,1213
6599,2.127971855,0.9909402053,1358,1233,9,57,1367,1290
6600,3.360028855,2.873164655,659,648,1,40,660,688
6601,2.276068531,0.6990635307,1186,1010,4,40,1190,1050
6602,2.661432941,1.849217189,900,845,2,40,902,885
6603,1.837663544,1.479311445,1096,1102,4,56,1100,1158
6604,3.096488789,1.939286948,1349,1233,7,57,1356,1290
6605,4.324088111,2.406630243,1269,1132,2,66,1271,1198
6606,2.840734651,0.1642277759,1430,1317,10,40,1440,1357
6607,2.024188054,0.4122001947,1026,941,8,35,1034,976
6608,2.820243836,0.8853071864,1640,1510,5,62,1645,1572
6609,1.671546253,1.771843087,1107,946,2,35,1109,981
6610,2.760936762,0.4409117313,1519,1460,5,60,1524,1520
6611,1.844726148,1.145516617,1574,1517,12,58,1586,1575
6612,3.550814617,0.09416876631,1590,1505,3,35,1593,1540
6613,1.612571259,1.046074909,1132,1005,2,41,1134,1046
6614,3.136167149,1.177782904,701,638,3,27,704,665
6615,3.543468374,1.467820401,981,960,2,43,983,1003
6616,4.093524047,2.849789054,1262,1159,4,64,1266,1223
6617,2.555548538,0.9259911661,1444,1375,6,59,1450,1434
6618,4.189291565,2.316470317,1398,1249,6,79,1404,1328
6619,4.581284258,2.409439284,1307,1289,2,77,1309,1366
6620,3.494475324,1.034323044,683,612,7,24,690,636
6621,1.37452831,1.649036352,1116,1080,3,40,1119,1120
6622,3.893889011,2.628603967,669,624,3,42,672,666
6623,4.500059074,2.59924132,1425,1293,9,84,1434,1377
6624,3.341218373,2.931926453,1741,1512,7,75,1748,1587
6625,1.781171145,2.039994704,694,646,3,25,697,671
6626,4.242500383,2.86300619,1751,1726,10,99,1761,1825
6627,4.213528657,1.297464342,1395,1228,7,55,1402,1283
6628,1.450511161,1.486954608,759,741,1,26,760,767
6629,4.381123289,1.769931674,1484,1326,4,72,1488,1398
6630,3.296449317,2.116923881,1753,1650,15,77,1768,1727
6631,1.547174427,0.6563615432,1279,1147,8,37,1287,1184
6632,2.761769945,2.202392367,1636,1434,9,62,1645,1496
6633,3.76385159,1.938562788,1237,1151,5,70,1242,1221
6634,1.563996383,1.594635093,700,649,6,29,706,678
6635,3.974354538,0.3279135718,924,842,0,25,924,867
6636,3.540681481,1.286971352,1268,1166,3,51,1271,1217
6637,1.931978727,0.623453299,823,728,4,26,827,754
6638,1.516793193,1.741800363,1045,938,2,34,1047,972
6639,4.228739601,1.236268454,897,854,3,40,900,894
6640,3.161836489,0.5128212496,1449,1413,8,48,1457,1461
6641,1.272531556,1.703034486,1254,1190,8,54,1262,1244
6642,1.863673651,2.524560248,636,646,2,22,638,668
6643,4.227061949,0.9931277918,924,897,2,35,926,932
6644,2.716914127,2.994984844,1193,1163,4,57,1197,1220
6645,1.907085271,1.055231422,995,957,6,33,1001,990
6646,1.901435237,2.624090843,647,632,2,26,649,658
6647,1.942025007,0.5519840338,787,726,3,25,790,751
6648,1.51049068,0.1636899776,897,810,4,21,901,831
6649,1.237615547,1.207394592,1807,1744,8,65,1815,1809
6650,2.360273802,0.7739927278,1389,1260,6,54,1395,1314
6651,4.103978913,0.6571081983,809,742,5,37,814,779
6652,4.092564639,2.793097203,1607,1482,6,80,1613,1562
6653,4.999325342,2.418117179,1639,1427,5,77,1644,1504
6654,2.231363311,1.168553953,700,628,4,19,704,647
6655,3.042486733,0.1163625611,1002,962,10,28,1012,990
6656,4.443849465,1.557595782,1603,1507,8,69,1611,1576
6657,2.811006887,1.475268338,1708,1568,10,67,1718,1635
6658,2.195482568,1.154029563,1005,965,1,38,1006,1003
6659,1.099488742,1.198265503,991,973,5,23,996,996
6660,4.80227187,0.9983466163,1117,1069,7,48,1124,1117
6661,4.383215111,2.979587575,1707,1516,7,104,1714,1620
6662,1.601477284,1.158551926,1372,1255,8,45,1380,1300
6663,4.587508469,1.380665947,1044,932,3,51,1047,983
6664,2.106948847,0.5548054286,878,845,5,27,883,872
6665,2.34211226,0.1395518273,1681,1611,9,62,1690,1673
6666,3.913763634,0.3504735123,1175,1103,3,33,1178,1136
6667,2.232973392,2.928670737,1637,1453,16,78,1653,1531
6668,1.200087813,2.348909698,812,717,4,26,816,743
6669,4.175340736,1.747896021,1871,1649,9,68,1880,1717
6670,1.178496763,1.076694302,1032,964,3,29,1035,993
6671,2.011162225,0.4155790758,652,648,3,19,655,667
6672,1.495899221,2.561857921,914,827,6,30,920,857
6673,4.226362676,1.004704197,1024,912,5,52,1029,964
6674,3.506285189,2.336155426,1355,1242,5,71,1360,1313
6675,4.503986155,0.1295653665,1613,1472,6,48,1619,1520
6676,3.319824611,1.090379328,785,714,2,34,787,748
6677,3.833328953,0.16160956,1231,1213,7,37,1238,1250
6678,1.413114532,0.1042125109,1459,1363,7,34,1466,1397
6679,2.542093627,2.266567525,902,830,8,43,910,873
6680,4.448537479,0.1291677806,1433,1358,5,55,1438,1413
6681,1.024465464,1.334987792,1057,908,7,31,1064,939
6682,3.814595642,0.951091082,1639,1466,6,73,1645,1539
6683,2.017381872,2.259342182,1855,1675,8,86,1863,1761
6684,1.93108218,2.366406924,1566,1478,7,59,1573,1537
6685,4.276082701,0.02775638059,1113,1084,3,38,1116,1122
6686,1.470600954,0.5895549226,926,881,3,33,929,914
6687,2.986785153,0.02060438179,1048,931,7,27,1055,958
6688,2.814813341,0.04189780229,999,995,1,22,1000,1017
6689,4.409049468,0.4459955878,944,852,5,33,949,885
6690,2.503963564,1.591772266,1471,1336,2,73,1473,1409
6691,4.883124685,0.5196236881,1369,1210,9,44,1378,1254
6692,4.204582126,2.147075615,1511,1392,7,60,1518,1452
6693,4.014571422,2.845485359,672,637,4,37,676,674
6694,3.702256129,1.413971755,1847,1721,6,65,1853,1786
6695,1.663332938,0.1302233007,850,739,10,13,860,752
6696,1.014542132,2.066215932,1688,1582,5,60,1693,1642
6697,3.111320607,0.06180519134,1627,1534,9,40,1636,1574
6698,1.500319627,0.4633827698,1523,1462,4,53,1527,1515
6699,1.245113067,1.116549066,1581,1515,8,45,1589,1560
6700,3.944020942,0.7464800091,723,642,3,21,726,663
6701,4.783567015,0.8590906995,1781,1668,7,64,1788,1732
6702,2.609884199,1.355069229,868,860,6,30,874,890
6703,3.596540562,1.824128324,1509,1322,6,79,1515,1401
6704,3.162773178,1.420503497,977,955,4,36,981,991
6705,2.052827014,0.8592723795,956,876,5,33,961,909
6706,3.599952116,2.553206511,1183,1122,7,73,1190,1195
6707,4.151755773,0.5823380373,947,873,7,29,954,902
6708,2.03518523,2.651233006,1478,1392,4,65,1482,1457
6709,2.805754638,1.893349353,715,623,3,34,718,657
6710,3.953254907,1.708983919,731,658,4,24,735,682
6711,4.538449534,0.6784762093,1102,1060,3,41,1105,1101
6712,1.184207028,2.478167701,1142,1038,8,39,1150,1077
6713,2.644462824,1.382201582,700,615,3,23,703,638
6714,3.34061796,1.179110656,1454,1430,5,57,1459,1487
6715,1.026608119,0.9086489196,1174,1107,7,24,1181,1131
6716,2.106943038,0.4045160162,1066,1081,2,38,1068,1119
6717,4.363213209,0.4739398534,1566,1446,5,54,1571,1500
6718,1.204109812,0.4232687913,1257,1201,7,43,1264,1244
6719,1.386936124,2.830258674,759,738,3,29,762,767
6720,2.117372729,0.2766462471,1507,1363,3,41,1510,1404
6721,1.183584376,2.181057046,834,714,2,34,836,748
6722,2.18348803,0.6814579638,1748,1544,6,72,1754,1616
6723,3.772374591,0.8919942504,1626,1418,10,63,1636,1481
6724,1.640710174,2.416498488,1389,1238,6,53,1395,1291
6725,3.607385687,2.038979606,938,854,5,47,943,901
6726,2.631341443,1.486334452,1377,1269,10,50,1387,1319
6727,3.76171776,1.149800988,669,644,2,19,671,663
6728,4.930551386,0.7098811954,782,653,3,37,785,690
6729,1.824760844,1.579603507,767,710,6,37,773,747
6730,1.156815101,1.298598515,1500,1416,9,42,1509,1458
6731,3.741418768,0.3637768047,1313,1295,6,53,1319,1348
6732,1.484890248,0.6489406226,654,594,5,17,659,611
6733,2.94307669,0.2776844483,872,857,8,15,880,872
6734,4.904677329,1.645518776,783,692,2,35,785,727
6735,4.17651572,1.438897624,1281,1126,5,54,1286,1180
6736,4.409414191,2.956106752,726,627,1,51,727,678
6737,3.418445325,1.486362602,784,712,2,22,786,734
6738,2.059821108,2.024397854,1104,1051,1,57,1105,1108
6739,4.312015473,2.483976915,1801,1665,6,78,1807,1743
6740,2.53810118,2.49118829,1171,996,3,40,1174,1036
6741,3.759521014,0.8701868372,673,629,4,32,677,661
6742,1.731941093,0.4605592742,1163,1046,8,44,1171,1090
6743,1.772191065,1.600898791,1128,1079,4,50,1132,1129
6744,3.890703502,2.604711978,1628,1369,6,85,1634,1454
6745,3.457047328,0.3078101439,761,796,6,24,767,820
6746,4.563690601,2.182782516,1026,917,4,55,1030,972
6747,4.955017467,1.563465404,1277,1073,6,60,1283,1133
6748,4.787058175,0.4816386346,1255,1193,2,37,1257,1230
6749,1.235136285,0.7209842981,1482,1380,7,45,1489,1425
6750,3.161623828,0.6328032916,1056,971,5,33,1061,1004
6751,4.07365894,0.8275042413,1044,884,2,37,1046,921
6752,2.883294671,2.974877919,1529,1343,6,71,1535,1414
6753,4.974921422,1.327511803,1388,1264,7,61,1395,1325
6754,3.895010021,1.309979641,1673,1481,10,74,1683,1555
6755,3.628418765,1.513643769,1365,1299,7,56,1372,1355
6756,4.199599214,0.1457576458,1548,1344,8,47,1556,1391
6757,4.084368419,2.071969633,902,872,4,44,906,916
6758,4.084521822,1.678368733,1475,1262,8,64,1483,1326
6759,1.956395133,2.238758881,1337,1276,11,56,1348,1332
6760,3.426786887,2.363290853,680,682,6,30,686,712
6761,1.512684813,2.234738817,835,897,3,29,838,926
6762,3.947913003,2.60123403,1736,1576,1,87,1737,1663
6763,2.934365938,2.091797151,1489,1316,5,68,1494,1384
6764,1.78735797,0.7105803029,1315,1234,12,53,1327,1287
6765,2.325660309,2.7229999,1123,1080,5,51,1128,1131
6766,2.95079181,2.938436052,1610,1386,5,82,1615,1468
6767,2.746580809,1.12372944,1381,1296,6,56,1387,1352
6768,2.368835425,2.432967029,1298,1144,8,58,1306,1202
6769,1.704664381,0.777642,1005,919,4,31,1009,950
6770,1.458104314,2.654791605,1330,1240,4,62,1334,1302
6771,3.589256764,0.579989106,1436,1356,8,51,1444,1407
6772,4.541712993,2.632633883,1709,1628,7,95,1716,1723
6773,1.957283106,1.902257224,1271,1099,4,53,1275,1152
6774,1.821817486,1.965886347,810,750,1,30,811,780
6775,4.81524794,1.321053317,1468,1382,5,71,1473,1453
6776,2.883756005,0.9805213633,1869,1721,12,75,1881,1796
6777,1.291489241,2.020785458,1511,1384,8,52,1519,1436
6778,3.091328331,0.9155155432,1645,1574,10,61,1655,1635
6779,4.434330392,0.3430107525,1368,1307,9,35,1377,1342
6780,2.729057117,2.753635081,1319,1246,2,65,1321,1311
6781,4.546263447,1.054816562,1682,1567,7,79,1689,1646
6782,2.265111338,0.07397514821,1855,1708,12,56,1867,1764
6783,2.471378535,2.203755567,1141,1085,7,54,1148,1139
6784,3.535878493,1.13025017,857,851,5,31,862,882
6785,3.058395419,2.302275374,1048,930,5,41,1053,971
6786,4.628418735,0.8542840038,1499,1336,7,58,1506,1394
6787,3.967027837,1.805402834,874,821,4,47,878,868
6788,3.164559845,0.7168735049,1491,1345,11,52,1502,1397
6789,1.921530999,2.419353101,1064,1003,4,40,1068,1043
6790,3.843748926,2.44391138,756,746,2,33,758,779
6791,2.187287617,2.575589791,1059,971,7,40,1066,1011
6792,2.418239499,2.116813738,825,771,3,46,828,817
6793,4.985504541,2.714869194,1691,1566,8,84,1699,1650
6794,3.266349689,1.99102026,650,575,3,26,653,601
6795,1.6816041,1.428971927,786,775,9,23,795,798
6796,1.389242537,1.42218789,1305,1144,2,45,1307,1189
6797,2.044154389,2.594966199,1858,1690,7,95,1865,1785
6798,2.941520642,2.033175745,1126,1097,6,63,1132,1160
6799,3.071744083,0.193823274,1752,1624,9,51,1761,1675
6800,3.8240616,0.631328074,1641,1563,10,59,1651,1622
6801,4.391645531,0.08662761484,782,747,3,26,785,773
6802,2.905006333,2.063120107,1740,1630,6,96,1746,1726
6803,4.909375004,1.061812989,1169,1051,7,43,1176,1094
6804,4.534728734,2.953571267,1222,1125,7,72,1229,1197
6805,3.409774942,2.656717918,1467,1322,8,80,1475,1402
6806,1.195626641,1.49456649,1838,1689,7,62,1845,1751
6807,4.661198369,2.315808553,637,644,4,35,641,679
6808,4.06995747,0.250597706,1587,1476,3,39,1590,1515
6809,2.101292346,0.05005426851,1457,1377,13,20,1470,1397
6810,3.995766475,0.3726124965,1534,1420,6,41,1540,1461
6811,3.653041236,0.04092870077,803,751,4,12,807,763
6812,4.424052332,2.1199367,733,606,7,40,740,646
6813,2.912148551,1.376846924,1453,1332,7,62,1460,1394
6814,4.587496452,2.328253592,711,611,0,38,711,649
6815,2.101703106,2.059729555,1324,1186,11,49,1335,1235
6816,1.505531584,0.3028890595,779,769,1,15,780,784
6817,1.647824279,2.341629392,1817,1696,11,86,1828,1782
6818,1.154995423,1.690080508,846,694,5,24,851,718
6819,2.28421448,2.215903117,871,798,4,45,875,843
6820,2.900538157,2.519700957,676,643,7,37,683,680
6821,2.6037659,1.401766555,1505,1314,5,69,1510,1383
6822,2.891151005,1.266946684,1290,1183,9,46,1299,1229
6823,3.125122528,1.665701732,1804,1701,12,80,1816,1781
6824,3.272195024,2.788477421,1706,1554,7,91,1713,1645
6825,3.538952067,2.542843523,1675,1543,7,78,1682,1621
6826,2.856176403,2.633669713,799,688,4,36,803,724
6827,3.536398569,0.9759201913,1876,1690,6,92,1882,1782
6828,1.707651086,0.08193588402,1240,1225,4,33,1244,1258
6829,1.652305095,2.825005226,1008,969,3,45,1011,1014
6830,2.648121186,0.6382000253,1120,1080,4,42,1124,1122
6831,2.478267317,2.970635154,1811,1623,6,79,1817,1702
6832,1.574334352,0.1818236999,1394,1342,4,43,1398,1385
6833,1.30208054,0.5502637194,947,874,3,22,950,896
6834,4.542801164,1.662018419,1156,1027,4,47,1160,1074
6835,1.876168511,1.383741801,1872,1653,8,68,1880,1721
6836,1.487301494,2.193345366,1353,1254,6,66,1359,1320
6837,3.328474768,2.98673598,1035,894,1,38,1036,932
6838,4.872759235,0.06522224277,1160,1031,10,32,1170,1063
6839,4.044325326,1.701216808,885,870,1,49,886,919
6840,3.678665816,2.986197573,1751,1526,3,84,1754,1610
6841,1.585371655,1.751001582,1579,1502,4,63,1583,1565
6842,1.69060265,0.967393519,1788,1732,7,61,1795,1793
6843,1.480624054,2.228017026,1486,1342,8,51,1494,1393
6844,2.501085373,2.614391927,1609,1498,8,78,1617,1576
6845,4.940559944,0.9530405733,1413,1264,7,46,1420,1310
6846,4.403825747,0.9436830954,1534,1310,5,59,1539,1369
6847,4.032876659,2.928409608,1699,1504,9,94,1708,1598
6848,4.729758387,2.074594995,1529,1343,5,78,1534,1421
6849,3.580838362,1.83790643,1179,1114,7,47,1186,1161
6850,1.170804317,0.8162868383,1484,1400,8,47,1492,1447
6851,3.636852211,1.788096311,1001,938,6,40,1007,978
6852,3.761873674,2.304608019,915,872,5,54,920,926
6853,3.924424542,2.130245459,1262,1045,2,56,1264,1101
6854,4.998598297,1.005768355,1772,1669,3,76,1775,1745
6855,1.968831992,2.200830431,1140,1068,6,42,1146,1110
6856,4.628093076,2.025392222,1266,1151,7,66,1273,1217
6857,4.363850196,1.161863054,802,724,2,32,804,756
6858,1.127833808,0.6037954975,1616,1504,4,42,1620,1546
6859,1.076212025,2.986035359,1404,1257,7,44,1411,1301
6860,2.99451129,1.344952353,1171,1056,9,51,1180,1107
6861,3.300995197,1.334232792,973,957,10,47,983,1004
6862,2.334396166,1.602869397,1339,1285,6,57,1345,1342
6863,2.281518066,2.188158362,1248,1175,4,58,1252,1233
6864,3.230152095,2.07041723,710,656,7,29,717,685
6865,1.568466825,1.898594038,1166,1046,9,40,1175,1086
6866,3.985453246,2.491647743,1366,1298,2,70,1368,1368
6867,3.830452665,2.563007434,712,616,0,37,712,653
6868,4.684508427,0.8123897591,669,588,3,23,672,611
6869,4.609550412,0.5955955379,1718,1601,7,69,1725,1670
6870,4.10897401,1.101753971,1496,1364,3,66,1499,1430
6871,1.752284746,2.183439145,650,664,7,28,657,692
6872,2.662049629,1.716864451,1260,1141,7,47,1267,1188
6873,3.048175041,1.013054044,1276,1161,5,38,1281,1199
6874,4.014033958,0.5213533629,686,604,0,22,686,626
6875,1.306773635,2.437216292,1472,1369,10,52,1482,1421
6876,3.017802625,2.469810418,806,717,2,37,808,754
6877,2.302571713,1.68225495,1127,1074,7,44,1134,1118
6878,2.904739036,2.197553556,1683,1422,3,75,1686,1497
6879,3.750293703,0.6436363437,1005,928,2,35,1007,963
6880,4.620734207,0.7437092297,1037,925,3,43,1040,968
6881,4.94065379,2.459980524,998,878,3,63,1001,941
6882,3.137770094,1.689140916,1701,1603,14,62,1715,1665
6883,2.715889982,1.199057281,1010,885,4,39,1014,924
6884,4.998160764,0.05779150218,1073,1004,6,28,1079,1032
6885,2.403636891,1.539246441,760,725,1,31,761,756
6886,2.865866712,2.528141413,621,579,1,35,622,614
6887,3.271004682,0.1907860741,1663,1454,9,51,1672,1505
6888,2.266191425,0.950601392,950,846,3,32,953,878
6889,1.184957885,2.430307122,1530,1470,7,66,1537,1536
6890,3.967895344,2.382141979,1867,1681,7,93,1874,1774
6891,2.383966282,0.04902337869,959,876,10,20,969,896
6892,1.01654707,0.5716596235,663,630,5,18,668,648
6893,3.197446149,1.981881882,1838,1678,6,83,1844,1761
6894,3.955721613,0.415468638,1912,1684,3,70,1915,1754
6895,4.497694299,2.935544442,797,733,2,48,799,781
6896,4.153129715,0.1673507216,1526,1490,13,48,1539,1538
6897,1.128145569,2.447907849,783,746,5,28,788,774
6898,4.138007061,0.5761113362,856,835,4,31,860,866
6899,2.110426827,1.857761241,1513,1422,6,67,1519,1489
6900,1.65210241,0.59058266,1586,1495,3,49,1589,1544
6901,3.247924798,2.503000774,963,856,5,59,968,915
6902,1.845834494,0.8401282651,1049,905,3,42,1052,947
6903,2.523491973,2.992785172,988,921,4,54,992,975
6904,1.983038207,0.8647118783,1264,1183,7,52,1271,1235
6905,1.694974601,2.985360635,1586,1517,5,71,1591,1588
6906,1.476002324,0.221069096,1842,1696,7,48,1849,1744
6907,1.981422769,0.05499353676,1245,1199,6,26,1251,1225
6908,4.079678696,2.39940493,1534,1371,3,78,1537,1449
6909,2.919809823,0.2910068016,1821,1739,14,57,1835,1796
6910,3.315546063,0.5565982792,1844,1747,6,68,1850,1815
6911,1.572306311,2.142091741,760,688,3,35,763,723
6912,4.532724061,2.733622255,1036,960,9,45,1045,1005
6913,1.284634238,2.3222337,962,975,2,35,964,1010
6914,2.023743735,1.506133226,866,799,3,50,869,849
6915,4.436125951,2.319426294,952,838,4,41,956,879
6916,1.454592831,2.596724352,1566,1373,10,52,1576,1425
6917,2.944307268,1.443484184,1411,1297,3,38,1414,1335
6918,3.651556368,0.3787323367,688,665,3,29,691,694
6919,3.591973915,2.724267851,1558,1473,7,74,1565,1547
6920,1.062640919,2.007485296,1766,1546,8,51,1774,1597
6921,4.526607034,2.575132212,927,810,2,48,929,858
6922,2.826159751,0.9115195325,1413,1231,7,31,1420,1262
6923,1.275736656,0.8823684953,1477,1381,8,43,1485,1424
6924,3.457679875,0.9869731803,1503,1392,7,66,1510,1458
6925,3.967259744,1.973254676,1103,1053,3,44,1106,1097
6926,3.381768731,0.1190606652,1591,1457,9,49,1600,1506
6927,3.905174635,2.598602018,937,783,1,57,938,840
6928,3.245667348,0.174809233,657,615,4,26,661,641
6929,1.638480544,1.096541056,913,829,4,27,917,856
6930,1.154607142,0.310231374,811,744,5,28,816,772
6931,3.128903924,0.6500979845,919,869,5,34,924,903
6932,1.894415318,0.5877023835,1615,1520,11,48,1626,1568
6933,3.673654995,0.5874546874,883,822,2,29,885,851
6934,2.248029899,1.930264224,1140,1065,2,49,1142,1114
6935,1.902541163,0.2228636139,1399,1241,5,41,1404,1282
6936,4.817485515,1.809692611,1000,931,7,54,1007,985
6937,1.061182469,0.006053253899,1211,1174,4,19,1215,1193
6938,2.101318668,1.659110996,1351,1286,6,41,1357,1327
6939,4.584088361,1.950307857,661,624,2,35,663,659
6940,2.065434709,1.445112556,1639,1604,11,73,1650,1677
6941,1.227863418,1.008049218,686,638,3,18,689,656
6942,3.745052665,0.1835627201,1294,1124,6,34,1300,1158
6943,4.284275393,0.2015144853,1478,1366,7,53,1485,1419
6944,2.790068737,0.6230653047,700,699,2,24,702,723
6945,2.947122641,1.504309888,1735,1551,12,81,1747,1632
6946,2.435522027,0.9619646729,650,660,2,25,652,685
6947,4.486326681,2.271802164,1094,1025,3,60,1097,1085
6948,3.04280119,2.915685465,1711,1591,5,86,1716,1677
6949,3.303162225,1.571362442,1665,1474,6,68,1671,1542
6950,2.751499587,0.487717429,1682,1601,5,57,1687,1658
6951,4.129765354,0.4487859749,1742,1555,12,61,1754,1616
6952,1.998575831,2.368777865,1610,1469,9,59,1619,1528
6953,2.894811261,0.8380412493,1403,1235,7,56,1410,1291
6954,3.311790152,2.42693693,1183,1161,3,57,1186,1218
6955,4.755349925,1.182205016,906,831,4,28,910,859
6956,3.702774865,2.349285933,1389,1214,5,63,1394,1277
6957,2.123668757,1.427454504,929,854,8,36,937,890
6958,1.814309488,1.637290237,1485,1340,7,55,1492,1395
6959,2.846178525,0.710196783,1645,1487,10,62,1655,1549
6960,3.754489626,1.965470846,875,832,4,44,879,876
6961,3.455340713,1.893430859,1004,921,6,44,1010,965
6962,4.496658427,0.9728668567,1354,1285,4,50,1358,1335
6963,1.419865482,0.5485830298,694,621,4,20,698,641
6964,4.731833466,0.01647502459,1655,1514,7,35,1662,1549
6965,1.257396245,1.849218735,1615,1499,6,61,1621,1560
6966,3.648735014,2.602805429,689,605,2,28,691,633
6967,4.042077103,1.679742983,1625,1448,4,72,1629,1520
6968,3.871194003,1.865304157,1467,1328,4,69,1471,1397
6969,1.930232795,2.906115643,835,720,3,41,838,761
6970,1.378050854,1.117049179,1390,1261,6,33,1396,1294
6971,1.372788424,2.58776098,919,800,8,27,927,827
6972,2.248201989,1.163955522,1241,1130,7,50,1248,1180
6973,2.633275985,2.976417536,812,757,5,50,817,807
6974,2.522141473,1.903044787,1015,910,5,43,1020,953
6975,3.079062148,2.917770281,1128,1015,3,63,1131,1078
6976,1.208839558,2.849939164,904,854,4,36,908,890
6977,4.815339092,0.5307170806,1476,1420,5,53,1481,1473
6978,3.480384428,0.7595057695,664,659,2,29,666,688
6979,2.591071841,0.9647745335,1333,1276,8,38,1341,1314
6980,3.671092676,1.954192921,947,950,3,51,950,1001
6981,1.221083692,2.401257527,1851,1667,9,89,1860,1756
6982,3.558057393,0.6150729245,1011,983,4,52,1015,1035
6983,3.21295275,1.093589041,818,699,6,23,824,722
6984,3.083838079,0.2792901307,1498,1346,1,33,1499,1379
6985,1.884283675,0.5102049251,1664,1520,6,45,1670,1565
6986,1.99326487,1.18619336,1132,1067,10,33,1142,1100
6987,2.771793947,0.2213078376,1525,1329,6,43,1531,1372
6988,4.529511318,1.168669458,1616,1469,9,52,1625,1521
6989,4.369685625,0.05018417979,1361,1248,6,36,1367,1284
6990,1.944787764,0.6894630839,1730,1636,6,77,1736,1713
6991,3.89864922,1.165244887,1385,1352,9,53,1394,1405
6992,2.470899424,0.5374982168,770,707,5,19,775,726
6993,4.573339186,2.138682193,708,620,2,31,710,651
6994,1.513633215,0.9586855943,1328,1229,5,42,1333,1271
6995,3.703730828,0.3795742056,1027,953,2,33,1029,986
6996,2.280914585,1.820806314,1028,946,9,37,1037,983
6997,2.517485861,0.40636542,1156,1061,5,42,1161,1103
6998,1.48586683,1.089914893,1491,1373,12,42,1503,1415
6999,3.418347005,0.7408867869,1020,959,8,29,1028,988
7000,4.565649316,2.903670723,792,749,1,44,793,793
7001,4.490562233,2.60136086,1234,1131,2,53,1236,1184
7002,4.735911855,0.810452832,640,650,2,33,642,683
7003,2.988290494,2.433621094,1708,1550,6,81,1714,1631
7004,4.925327062,0.1157302561,1467,1303,6,43,1473,1346
7005,2.62924888,2.639418391,1018,933,7,54,1025,987
7006,2.53664382,0.8626807107,1173,1054,7,42,1180,1096
7007,1.705110711,0.01524498776,703,611,5,15,708,626
7008,2.866332847,1.120216542,892,770,4,50,896,820
7009,4.847432889,2.285981943,1662,1489,10,82,1672,1571
7010,2.384675967,1.492678816,1388,1306,10,55,1398,1361
7011,2.415299325,2.842333582,1034,949,6,48,1040,997
7012,4.764064486,1.01852118,1203,1196,5,59,1208,1255
7013,4.514439081,2.89445101,1215,1143,5,55,1220,1198
7014,2.967521578,1.689286734,906,849,7,30,913,879
7015,3.679186516,2.670030463,917,843,3,53,920,896
7016,2.493319672,0.8785935409,1002,958,5,34,1007,992
7017,4.11359441,0.649596802,751,693,5,32,756,725
7018,1.650042432,0.2227335875,1095,1111,2,28,1097,1139
7019,1.175392176,2.188988858,1697,1547,8,79,1705,1626
7020,1.921290613,1.451432878,1620,1457,6,49,1626,1506
7021,2.263307932,1.697908538,1150,1046,6,44,1156,1090
7022,4.619115971,0.04315320082,1331,1246,7,38,1338,1284
7023,1.183417999,0.2265552095,1383,1249,3,38,1386,1287
7024,4.720562946,0.9905477179,1478,1357,6,57,1484,1414
7025,1.354715511,1.904175694,1217,1174,13,39,1230,1213
7026,1.520383013,1.187142372,1300,1304,5,54,1305,1358
7027,4.650144347,0.2535340495,1146,1072,1,42,1147,1114
7028,3.952133411,2.516043348,1342,1229,5,54,1347,1283
7029,2.491396708,0.4921962721,1522,1403,9,50,1531,1453
7030,2.295401035,0.6105417045,1520,1352,6,49,1526,1401
7031,3.58818689,0.8490403802,1669,1581,5,59,1674,1640
7032,4.162946753,2.305990237,1122,1018,3,43,1125,1061
7033,3.3566764,1.290608796,1828,1724,11,90,1839,1814
7034,3.370484653,1.392802199,1474,1388,4,63,1478,1451
7035,1.995504427,2.33154175,1544,1369,5,68,1549,1437
7036,4.39961771,0.9396788754,1110,1054,6,49,1116,1103
7037,2.965759581,2.745034374,1534,1457,7,76,1541,1533
7038,1.138132313,1.12390634,907,870,6,25,913,895
7039,1.63040315,1.717037107,1267,1150,2,52,1269,1202
7040,3.144849058,0.6577047092,1471,1415,6,53,1477,1468
7041,2.217392251,2.680045133,680,602,1,34,681,636
7042,3.73766544,2.622369409,1860,1699,9,102,1869,1801
7043,2.862586954,2.594423548,1557,1417,6,78,1563,1495
7044,3.216338709,1.315806763,1394,1242,6,54,1400,1296
7045,1.912378878,1.739724838,1005,901,4,34,1009,935
7046,1.410720221,2.820043755,1155,1057,5,47,1160,1104
7047,2.982387282,2.432790946,1524,1359,7,61,1531,1420
7048,3.512420184,0.7370353981,811,721,2,36,813,757
7049,3.212393845,1.709296242,1819,1690,6,91,1825,1781
7050,1.697000564,0.3873445424,1046,996,3,24,1049,1020
7051,1.570958707,1.252114255,1243,1167,8,57,1251,1224
7052,4.837597499,2.443343327,1272,1112,5,61,1277,1173
7053,2.147384807,1.664697698,1032,964,9,48,1041,1012
7054,1.195794189,0.4361514932,1309,1210,8,41,1317,1251
7055,2.996023737,1.0969149,1348,1270,7,49,1355,1319
7056,3.577754627,0.4638231433,693,654,2,31,695,685
7057,3.279788136,0.8668945062,1779,1705,9,69,1788,1774
7058,2.452294743,1.107983936,1169,1095,6,37,1175,1132
7059,1.765155117,2.210467015,780,735,4,30,784,765
7060,3.147250669,2.359529205,1811,1464,8,74,1819,1538
7061,2.488653807,2.663824662,1252,1121,5,66,1257,1187
7062,4.080892083,1.670496598,1858,1673,8,97,1866,1770
7063,1.827609454,0.1822396737,1314,1169,10,44,1324,1213
7064,3.577948267,1.420464525,1470,1355,6,56,1476,1411
7065,4.36525337,2.27591099,713,605,4,36,717,641
7066,2.509446482,0.1253517447,757,763,0,23,757,786
7067,4.250100899,1.519262326,1129,1068,1,58,1130,1126
7068,3.976308901,1.86865075,1431,1372,8,69,1439,1441
7069,3.766411695,2.89131102,1457,1329,8,83,1465,1412
7070,1.932717815,2.895829621,1728,1561,8,92,1736,1653
7071,3.948364065,1.423320711,1669,1586,6,81,1675,1667
7072,3.510149432,1.541605306,669,672,1,40,670,712
7073,3.934366225,1.171974394,1021,949,1,46,1022,995
7074,3.738770091,1.405588049,1687,1624,6,75,1693,1699
7075,2.117458105,1.066324432,1505,1356,6,64,1511,1420
7076,4.649477769,1.360391108,677,638,7,37,684,675
7077,2.083754952,0.3844424763,1051,937,4,34,1055,971
7078,3.704821068,1.839111893,1808,1700,7,97,1815,1797
7079,1.872067068,1.157221439,904,840,3,26,907,866
7080,1.431600229,2.533910485,1674,1561,5,72,1679,1633
7081,2.984914743,2.405919689,1687,1519,12,74,1699,1593
7082,4.883280592,2.683312267,673,645,2,41,675,686
7083,3.869140017,2.578676205,1456,1322,6,69,1462,1391
7084,4.346471201,0.2915178287,1561,1414,10,55,1571,1469
7085,4.995609434,2.517708093,1797,1635,10,104,1807,1739
7086,3.23282356,0.9602633719,1320,1068,2,58,1322,1126
7087,4.87213396,1.870976143,1868,1683,5,76,1873,1759
7088,1.947913241,1.150390263,721,616,3,22,724,638
7089,2.797025857,0.6964388349,904,882,4,24,908,906
7090,3.919194499,2.450300883,1472,1285,5,77,1477,1362
7091,3.555241178,0.9560349975,1001,948,4,35,1005,983
7092,2.826612153,0.03339027141,1379,1314,12,35,1391,1349
7093,4.021266149,2.97324037,694,619,3,40,697,659
7094,2.904168517,1.615684788,641,601,6,33,647,634
7095,2.676344442,2.658384068,714,637,3,27,717,664
7096,4.097489151,2.721400586,1231,1124,4,64,1235,1188
7097,4.253371119,1.940448393,1769,1586,5,77,1774,1663
7098,3.456442752,0.3268269684,1331,1271,7,46,1338,1317
7099,4.416983468,1.625799187,1129,1066,3,66,1132,1132
7100,3.258879663,1.221453442,1157,1145,4,53,1161,1198
7101,4.30251223,2.212838899,995,912,3,55,998,967
7102,4.810072924,0.6210528457,1581,1527,10,75,1591,1602
7103,1.032322488,2.925358011,1902,1662,10,69,1912,1731
7104,1.523783956,2.423134376,672,596,1,31,673,627
7105,1.272050053,0.8229309223,1864,1722,8,64,1872,1786
7106,2.388907878,1.476989413,1456,1390,7,54,1463,1444
7107,3.59587001,0.3769464398,1122,1046,3,49,1125,1095
7108,4.616249623,0.5221365076,1459,1342,6,54,1465,1396
7109,2.897050129,2.966941639,1521,1328,8,75,1529,1403
7110,4.8728128,2.495089293,1126,1015,3,63,1129,1078
7111,1.207229907,2.76965097,878,896,4,40,882,936
7112,4.728754982,0.5917692693,1570,1508,8,62,1578,1570
7113,3.900209775,2.054716248,923,818,7,46,930,864
7114,2.61135587,0.7342996956,1655,1570,5,56,1660,1626
7115,3.607573446,0.3553605495,1453,1317,5,45,1458,1362
7116,4.032316093,0.9503705484,1353,1276,9,56,1362,1332
7117,4.976094212,0.9147351621,1356,1191,4,49,1360,1240
7118,3.098059358,1.498283713,1778,1716,8,72,1786,1788
7119,1.461990941,0.9737461253,1312,1149,3,50,1315,1199
7120,2.435142436,1.080627109,1267,1128,6,46,1273,1174
7121,3.931990443,0.6783024412,1680,1562,6,74,1686,1636
7122,2.543170368,1.500020829,1253,1132,7,63,1260,1195
7123,3.452812039,2.807376517,1358,1223,4,65,1362,1288
7124,1.222304509,1.048928668,1661,1475,7,54,1668,1529
7125,3.248222841,2.166598043,782,725,4,37,786,762
7126,1.153806713,2.201385168,1439,1292,9,50,1448,1342
7127,1.497812742,2.561017077,1099,1071,7,47,1106,1118
7128,1.316558699,2.458002841,1818,1584,6,77,1824,1661
7129,4.499385117,1.022984308,1272,1130,4,57,1276,1187
7130,3.841684227,2.178258932,1141,1028,8,56,1149,1084
7131,1.959788469,2.444408366,1763,1700,12,82,1775,1782
7132,4.602073923,2.775201414,1356,1268,5,73,1361,1341
7133,1.544833269,0.6648370981,1841,1681,5,59,1846,1740
7134,3.440251057,1.812240868,937,831,7,50,944,881
7135,2.556227518,1.547560034,773,712,3,42,776,754
7136,2.937245409,0.7539872701,1573,1390,3,65,1576,1455
7137,4.945365433,2.186543393,1018,947,5,56,1023,1003
7138,2.362302695,0.4959565592,1542,1399,7,31,1549,1430
7139,4.119012022,2.368420064,913,785,0,40,913,825
7140,1.370655776,1.294266969,1595,1497,4,57,1599,1554
7141,3.428160615,2.666051931,827,719,7,33,834,752
7142,3.443620082,2.007224612,976,968,3,40,979,1008
7143,1.434950094,0.7785232264,1277,1134,7,31,1284,1165
7144,2.379865633,0.5027979195,1776,1667,7,50,1783,1717
7145,3.950674514,2.789035578,1159,1064,1,58,1160,1122
7146,2.665134869,1.156549913,951,813,6,39,957,852
7147,1.915311831,0.525978875,652,636,3,27,655,663
7148,4.328495641,0.2174416338,1270,1119,4,51,1274,1170
7149,3.224207909,2.697109626,1485,1346,6,80,1491,1426
7150,1.077532168,2.313949005,776,758,2,32,778,790
7151,1.148811933,1.192090043,784,726,4,20,788,746
7152,3.933284015,1.664253863,1282,1121,5,66,1287,1187
7153,4.983564786,1.397058813,1378,1228,8,57,1386,1285
7154,3.125732451,2.917494832,1852,1694,5,91,1857,1785
7155,2.674079956,1.321017077,1276,1167,5,54,1281,1221
7156,4.578364682,1.988031676,800,766,1,46,801,812
7157,1.969018458,0.008486335184,1263,1161,8,22,1271,1183
7158,1.740042143,0.1965694229,1061,985,7,24,1068,1009
7159,2.121209393,1.921111043,1841,1681,9,76,1850,1757
7160,3.246238292,1.459434217,1725,1576,6,72,1731,1648
7161,2.893721351,1.347165167,1576,1443,6,59,1582,1502
7162,4.440783844,1.224601385,816,769,3,22,819,791
7163,3.595931499,1.5595376,1005,939,5,39,1010,978
7164,3.976235483,0.007606406716,1816,1709,13,49,1829,1758
7165,3.642244422,0.577474103,1470,1408,4,49,1474,1457
7166,3.266380851,0.208116033,1327,1289,7,59,1334,1348
7167,4.84629471,1.409167157,1536,1428,9,77,1545,1505
7168,2.524191382,1.738201634,1480,1370,6,57,1486,1427
7169,2.594916686,1.856435719,1827,1677,11,76,1838,1753
7170,4.350589492,2.817601984,1394,1248,4,85,1398,1333
7171,4.775420145,2.820317531,1489,1339,3,84,1492,1423
7172,2.930990765,2.190191846,1623,1459,6,60,1629,1519
7173,1.726233045,0.9731832333,1021,970,11,48,1032,1018
7174,4.642582186,0.5559010514,1011,992,3,42,1014,1034
7175,3.419072844,2.660004277,882,819,6,46,888,865
7176,3.84555671,2.542759744,697,662,2,18,699,680
7177,3.744724849,1.998125036,823,681,4,37,827,718
7178,1.332593849,1.783049014,1248,1154,3,35,1251,1189
7179,3.884032553,2.050878038,1419,1357,10,83,1429,1440
7180,3.777830696,2.379652331,835,722,6,46,841,768
7181,4.568007628,1.774097087,1156,967,6,61,1162,1028
7182,4.446580268,0.8319841136,915,852,3,34,918,886
7183,2.002543447,0.06799193353,1338,1194,5,29,1343,1223
7184,4.901279705,1.977475313,1051,905,6,57,1057,962
7185,3.199642224,2.244576596,696,597,2,30,698,627
7186,3.03251099,0.7604788741,1000,944,5,39,1005,983
7187,3.181206354,1.736881347,1489,1394,14,73,1503,1467
7188,2.010190839,1.220245468,988,889,3,43,991,932
7189,1.57458019,1.841444468,1001,947,5,43,1006,990
7190,2.026470914,1.888166192,1705,1545,7,59,1712,1604
7191,4.208864134,1.463322208,1515,1388,3,59,1518,1447
7192,1.80856797,1.132708886,1580,1477,11,53,1591,1530
7193,3.53742285,2.191232995,1133,1025,1,44,1134,1069
7194,1.299168595,0.2757633903,851,837,5,15,856,852
7195,3.077683321,1.922454929,1226,1127,4,61,1230,1188
7196,1.70456385,0.2415814411,1136,1049,2,32,1138,1081
7197,3.688170588,0.476656096,1068,915,3,27,1071,942
7198,1.192656904,0.448611017,1641,1455,7,47,1648,1502
7199,4.116954039,1.156553746,654,586,2,22,656,608
7200,2.444305688,2.418123063,1447,1338,12,76,1459,1414
7201,1.877482262,0.4281612975,1628,1567,6,41,1634,1608
7202,2.702193798,0.8926933358,1169,1020,4,37,1173,1057
7203,2.075781876,2.085675438,1758,1572,7,60,1765,1632
7204,2.236853103,1.571471866,1814,1650,8,73,1822,1723
7205,4.318094621,2.079298081,1045,968,4,55,1049,1023
7206,2.964516361,1.836184796,1785,1688,2,83,1787,1771
7207,1.161815813,0.2077994457,1035,911,4,24,1039,935
7208,4.093835924,1.091539478,1274,1177,6,49,1280,1226
7209,1.071530388,0.3294352016,915,861,7,24,922,885
7210,2.090065327,2.881107101,1169,1048,4,55,1173,1103
7211,1.655546519,1.212297401,693,645,1,25,694,670
7212,1.947651586,2.443057418,934,879,2,49,936,928
7213,1.707751031,0.5524308954,701,672,4,20,705,692
7214,2.3808248,0.2058344376,1533,1438,12,36,1545,1474
7215,3.193501642,1.232507688,828,763,3,23,831,786
7216,1.386421204,0.1336413798,826,734,3,25,829,759
7217,4.475836675,2.742950531,1630,1557,4,100,1634,1657
7218,2.835436607,0.2276316835,1383,1255,2,36,1385,1291
7219,3.379549923,1.625305608,931,860,2,37,933,897
7220,1.937229549,0.1703942225,653,642,6,23,659,665
7221,3.169559531,2.292976896,752,733,4,39,756,772
7222,1.164748447,0.5588622342,664,676,2,26,666,702
7223,1.872025411,1.775430584,1146,1115,3,42,1149,1157
7224,3.177395266,2.962512529,1062,934,2,58,1064,992
7225,2.628589842,2.120493215,947,830,4,32,951,862
7226,2.776177759,0.7403679455,1723,1600,9,61,1732,1661
7227,4.573663143,2.152154133,1280,1185,6,64,1286,1249
7228,3.300939572,2.436474451,1330,1254,8,70,1338,1324
7229,3.213285681,1.415703382,1612,1423,7,70,1619,1493
7230,2.372904657,2.691633272,1367,1272,12,65,1379,1337
7231,1.000890876,1.814580327,1561,1487,7,47,1568,1534
7232,1.422887386,1.7524425,694,639,4,33,698,672
7233,3.324658092,1.412437489,696,605,3,29,699,634
7234,1.878877,0.9852372948,1228,1221,8,39,1236,1260
7235,1.341652945,0.7531464441,1766,1678,10,53,1776,1731
7236,3.519040563,2.159453163,638,648,1,31,639,679
7237,2.46450152,1.225868681,1400,1239,3,52,1403,1291
7238,4.520306925,1.988136108,1847,1643,4,88,1851,1731
7239,2.192381496,1.486125639,1249,1121,5,52,1254,1173
7240,3.460951856,2.181980788,1377,1241,8,64,1385,1305
7241,3.64509738,1.555305108,1525,1349,8,57,1533,1406
7242,2.948042214,0.7305112858,1678,1625,11,76,1689,1701
7243,2.585612642,0.2550949988,1260,1150,6,37,1266,1187
7244,2.351482069,0.1300108299,1457,1360,9,42,1466,1402
7245,2.502949736,1.986187603,1639,1554,8,74,1647,1628
7246,2.839876569,1.310113794,1065,965,3,49,1068,1014
7247,3.999417479,0.03249602771,1409,1358,6,34,1415,1392
7248,3.718789673,0.3519711786,1801,1747,3,73,1804,1820
7249,1.041104084,2.201773256,646,597,1,18,647,615
7250,2.79976281,0.04530476108,1110,1053,7,40,1117,1093
7251,3.22233174,0.4897990097,1277,1193,8,52,1285,1245
7252,2.587501564,2.419898341,906,803,3,42,909,845
7253,2.797464525,1.910143919,1740,1513,6,70,1746,1583
7254,3.501165229,1.142473651,1929,1608,10,66,1939,1674
7255,3.324185756,1.049610203,1704,1605,10,73,1714,1678
7256,2.750976103,2.433503982,1543,1371,3,75,1546,1446
7257,3.926745808,0.1669479326,774,812,3,26,777,838
7258,4.128128955,2.371136106,627,614,3,45,630,659
7259,4.214190893,2.166633776,1703,1561,4,93,1707,1654
7260,3.63633167,0.85936457,1160,1125,4,39,1164,1164
7261,2.892126137,2.83234403,720,658,3,27,723,685
7262,3.917847711,0.7529509529,1706,1565,8,61,1714,1626
7263,1.760747659,0.1360869779,923,860,4,21,927,881
7264,3.601858628,1.212780169,1173,1084,8,39,1181,1123
7265,4.513290803,2.703772654,1868,1661,7,79,1875,1740
7266,4.737667007,1.212394016,1158,1025,5,57,1163,1082
7267,2.687400699,0.9741509701,1806,1730,13,76,1819,1806
7268,1.803900785,1.522586527,1196,1212,6,46,1202,1258
7269,4.600764558,2.4830817,1649,1560,5,94,1654,1654
7270,4.056964475,1.671474227,754,703,4,42,758,745
7271,2.23981811,2.791695899,1086,1066,6,50,1092,1116
7272,1.746596488,0.5082798941,1692,1605,7,63,1699,1668
7273,2.955144076,0.7486428604,1231,1121,6,42,1237,1163
7274,2.425310205,2.31347709,789,732,4,41,793,773
7275,2.304772781,2.170549215,649,612,3,28,652,640
7276,1.326843571,1.768429077,1113,1072,3,40,1116,1112
7277,1.687213599,0.1439105169,1488,1373,7,38,1495,1411
7278,1.199140747,1.613412527,1164,1040,4,33,1168,1073
7279,2.194308835,2.672306474,1224,1190,6,54,1230,1244
7280,2.450293743,0.7868512838,920,831,3,34,923,865
7281,1.071030226,2.798701703,1024,936,7,30,1031,966
7282,3.10526172,2.31443055,1578,1463,3,88,1581,1551
7283,1.89706007,1.080712312,1130,1077,4,38,1134,1115
7284,3.765268989,2.308377758,1649,1506,8,84,1657,1590
7285,4.405042506,0.3680664518,671,624,2,20,673,644
7286,1.706205235,2.212103155,1647,1461,9,54,1656,1515
7287,2.644952843,1.881179341,1470,1364,6,62,1476,1426
7288,2.493776698,1.836254045,1781,1627,4,73,1785,1700
7289,3.585452,2.632869479,773,682,2,40,775,722
7290,3.369555308,2.500790778,1403,1268,4,59,1407,1327
7291,1.873405969,2.700480962,927,848,8,45,935,893
7292,4.884465501,0.3874304229,1364,1294,9,52,1373,1346
7293,3.68099777,2.952891436,1249,1115,4,60,1253,1175
7294,3.669861274,2.50455387,1164,1051,6,65,1170,1116
7295,1.708789105,1.744225635,1720,1603,9,60,1729,1663
7296,4.211528022,2.955488718,1381,1283,5,69,1386,1352
7297,2.089943679,2.531519582,1025,964,8,50,1033,1014
7298,4.55114135,0.355222767,1599,1408,11,61,1610,1469
7299,1.522443022,1.787116916,844,713,5,23,849,736
7300,1.282134386,2.147270219,687,639,6,22,693,661
7301,2.585907485,0.5932464866,1032,935,5,37,1037,972
7302,1.124499016,2.448251919,1047,921,6,41,1053,962
7303,1.779018878,1.786680541,1274,1161,9,50,1283,1211
7304,1.658999267,0.116713915,907,872,3,20,910,892
7305,3.535182693,0.3674470101,1800,1684,12,60,1812,1744
7306,3.038078695,2.824084518,1131,1004,12,58,1143,1062
7307,2.651086285,0.4853366998,916,833,4,37,920,870
7308,3.729677168,1.106031486,1588,1477,3,80,1591,1557
7309,3.356217592,2.181920077,693,653,5,31,698,684
7310,2.567484788,1.901038953,1724,1593,6,79,1730,1672
7311,3.403746941,0.7285556406,1491,1368,4,62,1495,1430
7312,2.908101417,0.7236842223,1414,1213,7,51,1421,1264
7313,1.332431279,1.064997031,1307,1274,8,37,1315,1311
7314,2.531632519,1.730519171,1464,1360,8,61,1472,1421
7315,3.081426348,1.577709969,1166,1048,6,62,1172,1110
7316,4.578989094,0.8913449546,771,774,2,36,773,810
7317,2.715812928,2.427994463,739,755,2,42,741,797
7318,2.954939923,0.8178221678,1104,1105,6,37,1110,1142
7319,1.110197967,1.081840383,935,836,6,22,941,858
7320,3.91319305,0.5637732813,1577,1425,9,48,1586,1473
7321,3.626983066,1.970611648,1633,1433,7,81,1640,1514
7322,3.605457389,2.572903896,736,616,1,32,737,648
7323,2.310023053,1.115157362,899,877,5,32,904,909
7324,1.806015057,1.472350424,694,603,3,22,697,625
7325,2.506513334,1.704689613,1253,1122,7,61,1260,1183
7326,2.588142099,0.7213334817,1617,1487,10,48,1627,1535
7327,4.2084181,2.052855818,1279,1087,6,58,1285,1145
7328,4.804429997,1.53266005,1089,1030,5,44,1094,1074
7329,3.258597811,0.5393304967,1238,1101,11,42,1249,1143
7330,4.971205402,2.506650705,1679,1530,5,94,1684,1624
7331,4.51695868,1.311753398,1469,1378,6,61,1475,1439
7332,2.288762352,2.778242552,1280,1133,2,63,1282,1196
7333,4.388811902,0.2231815595,1235,1139,9,41,1244,1180
7334,3.710898726,0.7091578539,1703,1589,5,65,1708,1654
7335,1.171870426,2.786070154,793,751,2,35,795,786
7336,1.745225969,0.3557075259,1050,959,4,31,1054,990
7337,1.975932259,1.422929016,1263,1139,9,46,1272,1185
7338,4.525361847,0.9830078424,768,688,6,31,774,719
7339,4.407560642,1.06003459,780,731,3,37,783,768
7340,1.137810949,1.758531454,1781,1689,7,61,1788,1750
7341,3.737066657,1.45566102,1643,1496,8,72,1651,1568
7342,3.067258492,1.33364247,1774,1723,4,91,1778,1814
7343,4.574508918,1.255061296,1460,1319,10,70,1470,1389
7344,3.582953497,0.614604632,1613,1599,10,62,1623,1661
7345,4.351627999,1.093846935,1138,1062,4,45,1142,1107
7346,1.544159806,0.807392419,1206,1182,12,42,1218,1224
7347,3.325731346,1.316883564,1104,1001,6,40,1110,1041
7348,4.92407093,1.849855617,1515,1359,4,89,1519,1448
7349,1.567073567,1.099651492,1029,954,4,32,1033,986
7350,2.39611995,2.315421333,1241,1146,7,62,1248,1208
7351,3.118627419,0.2702175397,1748,1562,8,52,1756,1614
7352,1.971989625,0.7214846062,716,615,3,21,719,636
7353,3.632464776,2.844418833,1604,1441,5,77,1609,1518
7354,2.825920425,0.3870800079,1552,1337,9,52,1561,1389
7355,4.657333356,2.269466887,1719,1457,1,94,1720,1551
7356,3.301119322,0.3645064597,710,611,1,14,711,625
7357,3.081492746,0.1226621565,1407,1266,6,34,1413,1300
7358,3.893321838,2.908910778,791,741,4,40,795,781
7359,2.385684505,2.526247621,1099,981,3,43,1102,1024
7360,4.70077735,0.2243851142,1677,1539,5,51,1682,1590
7361,4.141281446,0.8756752394,1247,1117,4,42,1251,1159
7362,2.004268318,1.81171642,1639,1499,8,64,1647,1563
7363,1.36995476,1.342668247,636,649,4,26,640,675
7364,3.61443853,1.09347398,1262,1195,11,50,1273,1245
7365,1.149934236,1.871411558,818,747,3,25,821,772
7366,1.818384858,1.65422915,1094,1030,6,47,1100,1077
7367,2.861595667,2.981942316,984,819,3,45,987,864
7368,2.281276604,0.7787019523,1345,1244,6,41,1351,1285
7369,4.465507149,1.405824357,1678,1401,7,71,1685,1472
7370,3.837242655,1.391378809,1509,1395,5,72,1514,1467
7371,4.474021314,0.9939210507,1136,1009,2,56,1138,1065
7372,3.927411701,0.7682706392,1296,1157,5,52,1301,1209
7373,2.689546873,0.1743412894,1760,1717,3,71,1763,1788
7374,1.211339643,1.552537131,1332,1285,5,46,1337,1331
7375,4.414736629,0.4376365215,1011,880,6,37,1017,917
7376,1.382610495,2.808837645,1332,1209,6,42,1338,1251
7377,1.843860879,0.2288768378,712,637,3,24,715,661
7378,1.867253465,1.571400254,1270,1121,5,49,1275,1170
7379,1.899223492,2.053167885,1234,1203,7,45,1241,1248
7380,3.512483908,2.387660113,1419,1248,7,62,1426,1310
7381,1.397558859,0.6315358881,944,850,6,26,950,876
7382,3.509110342,0.3126163119,1163,1066,6,43,1169,1109
7383,1.537211081,0.04096666563,982,1009,4,24,986,1033
7384,2.694642386,2.875517263,680,607,4,39,684,646
7385,1.8687832,1.749530589,993,964,2,39,995,1003
7386,3.054982024,0.6215255968,1099,994,8,32,1107,1026
7387,3.069400296,2.513542738,1781,1638,8,96,1789,1734
7388,4.974394685,2.223095088,902,850,7,38,909,888
7389,4.781492829,0.9116331684,1210,1175,1,54,1211,1229
7390,4.973324203,1.721376735,1257,1202,6,69,1263,1271
7391,4.748393859,2.372197726,1399,1238,6,48,1405,1286
7392,1.434812488,2.224339509,1079,1084,8,38,1087,1122
7393,2.000058114,1.611316117,1785,1654,10,73,1795,1727
7394,3.963788168,0.4523794194,960,809,6,26,966,835
7395,3.860135745,1.063763763,1523,1374,4,73,1527,1447
7396,4.075287343,0.2319906915,1698,1603,6,43,1704,1646
7397,1.799393491,1.786064194,673,592,1,26,674,618
7398,4.103744267,2.978813576,1864,1693,3,103,1867,1796
7399,2.769355064,0.9354754541,1495,1409,7,54,1502,1463
7400,1.267870974,2.309583186,890,847,2,32,892,879
7401,3.018259602,0.680573284,1680,1589,6,62,1686,1651
7402,1.623594478,1.642421365,1034,953,6,39,1040,992
7403,1.340951605,1.64164384,727,641,7,29,734,670
7404,3.553064028,0.7539968282,1830,1669,5,75,1835,1744
7405,2.969564669,0.5465477196,1491,1340,6,48,1497,1388
7406,3.417710623,2.61687004,963,904,2,63,965,967
7407,2.468388522,0.3970497139,1463,1421,7,50,1470,1471
7408,4.173436371,0.7683879326,1024,958,5,42,1029,1000
7409,1.012019151,2.140904059,1377,1292,9,39,1386,1331
7410,4.588844114,0.2483628424,908,846,6,37,914,883
7411,2.426728485,2.167011841,1846,1733,3,73,1849,1806
7412,3.92911823,2.559925692,954,856,4,39,958,895
7413,2.82167235,0.4738221099,1479,1392,7,65,1486,1457
7414,4.089489195,0.5778596248,1700,1648,5,69,1705,1717
7415,2.565332578,1.904326929,1592,1422,7,64,1599,1486
7416,1.618571522,0.9077484288,789,705,3,25,792,730
7417,2.560449139,2.920890999,794,743,4,47,798,790
7418,4.253165892,2.519578237,678,629,4,35,682,664
7419,2.474520194,2.067736193,673,599,1,31,674,630
7420,2.078672519,1.266761601,1387,1266,6,51,1393,1317
7421,3.927317971,1.289908092,917,837,3,34,920,871
7422,3.407378411,0.368319459,1163,1048,5,34,1168,1082
7423,3.028615733,2.704230187,1429,1218,7,64,1436,1282
7424,1.738966622,1.18438732,1474,1444,6,49,1480,1493
7425,2.490402337,2.5600623,1497,1350,5,55,1502,1405
7426,3.500319673,1.804777688,1383,1179,12,65,1395,1244
7427,4.068101797,0.54125876,1163,1047,2,44,1165,1091
7428,4.28501628,2.688910863,1643,1524,7,90,1650,1614
7429,2.534603823,0.4271593668,1125,1127,3,31,1128,1158
7430,4.252852465,2.157398973,1006,917,3,51,1009,968
7431,3.127508004,2.938177247,1473,1315,7,71,1480,1386
7432,4.037991545,0.4025398929,1869,1725,10,50,1879,1775
7433,3.572778066,1.891911669,1710,1535,5,79,1715,1614
7434,4.933832692,2.71946081,1251,1114,5,70,1256,1184
7435,4.368900141,0.751177593,1761,1610,8,59,1769,1669
7436,1.030092354,0.04675521285,1619,1701,11,35,1630,1736
7437,2.6606795,0.4934789244,906,816,7,27,913,843
7438,2.758527446,0.08085739042,1692,1594,6,43,1698,1637
7439,2.680690902,2.294202156,1494,1347,7,66,1501,1413
7440,4.240937976,2.91785611,778,755,2,48,780,803
7441,2.243956298,0.6467747632,1811,1647,14,50,1825,1697
7442,4.892430699,0.314395191,822,676,1,26,823,702
7443,4.727687,1.843957087,1128,1032,7,68,1135,1100
7444,2.632507486,2.674722122,1360,1200,5,72,1365,1272
7445,1.436348646,2.119941804,1727,1561,3,81,1730,1642
7446,1.229629872,1.239105279,1472,1370,3,51,1475,1421
7447,1.779349517,2.259814344,1021,901,7,51,1028,952
7448,2.078941235,0.909418298,1448,1295,4,41,1452,1336
7449,2.36334471,0.124251782,1810,1681,7,63,1817,1744
7450,3.433524362,0.8483020436,895,846,7,35,902,881
7451,1.546751526,0.1834953812,1116,998,7,33,1123,1031
7452,1.420477602,2.001241026,619,605,3,29,622,634
7453,2.721568048,1.918116935,1838,1641,4,80,1842,1721
7454,3.129129582,1.613903366,1574,1477,7,73,1581,1550
7455,4.546448101,1.87352268,690,637,3,43,693,680
7456,3.292239677,1.054481652,1504,1409,8,60,1512,1469
7457,2.181043229,1.251458405,1172,1029,5,43,1177,1072
7458,4.676591071,0.4069896752,938,816,2,33,940,849
7459,2.040091463,1.458554383,1571,1421,6,68,1577,1489
7460,4.779314965,0.8072122777,1333,1265,4,52,1337,1317
7461,3.194703522,2.777846479,1295,1127,5,61,1300,1188
7462,1.538675094,2.667565054,1371,1215,4,63,1375,1278
7463,1.206377055,0.7673468467,666,607,2,20,668,627
7464,4.232755266,1.382117634,1596,1454,7,96,1603,1550
7465,4.621259842,0.8478298736,788,727,1,35,789,762
7466,2.066536555,2.287423108,1851,1675,6,82,1857,1757
7467,3.88792534,2.065783046,1703,1558,5,73,1708,1631
7468,1.521788335,0.08393812063,1091,1097,4,25,1095,1122
7469,1.094525784,0.4557124775,1850,1683,11,43,1861,1726
7470,1.145924772,0.7394366773,1747,1579,5,36,1752,1615
7471,3.905662876,2.900059055,1345,1173,6,63,1351,1236
7472,4.694596048,0.09298073056,1380,1236,6,49,1386,1285
7473,2.737356412,2.399719092,1109,1068,0,60,1109,1128
7474,4.237804292,2.126106309,806,739,2,38,808,777
7475,4.8604335,0.3053884837,1608,1454,5,48,1613,1502
7476,4.414094835,0.1553758637,1387,1411,2,50,1389,1461
7477,1.789621921,0.06686220147,1130,1050,7,24,1137,1074
7478,4.045783721,0.3539264875,1166,1102,4,31,1170,1133
7479,1.697970239,1.056712075,1582,1512,4,59,1586,1571
7480,2.719087342,2.896996209,653,651,3,34,656,685
7481,3.923262007,2.715104254,694,570,3,27,697,597
7482,1.361549885,1.065405214,1693,1571,9,56,1702,1627
7483,4.475894077,1.341213443,1202,1042,2,49,1204,1091
7484,3.247266719,0.09484683214,1023,945,4,33,1027,978
7485,3.991994394,1.524562238,1845,1687,8,72,1853,1759
7486,4.153354558,2.1691819,836,783,2,43,838,826
7487,4.058562078,2.802038042,1564,1450,7,71,1571,1521
7488,1.527033488,2.5426106,1512,1456,7,60,1519,1516
7489,3.273231199,1.118655248,1008,940,3,41,1011,981
7490,1.080272351,0.3657721573,1587,1610,9,39,1596,1649
7491,1.249546266,2.222189584,1652,1592,9,52,1661,1644
7492,4.379141696,2.765980339,1518,1310,5,82,1523,1392
7493,4.648480748,0.2821214753,1258,1120,9,53,1267,1173
7494,3.151224146,1.556716206,1003,985,2,55,1005,1040
7495,4.755828314,1.816020952,1641,1440,7,73,1648,1513
7496,2.992203847,1.759571358,1673,1647,10,77,1683,1724
7497,4.376384897,1.803275637,716,646,6,36,722,682
7498,3.271406003,1.183849596,789,729,4,38,793,767
7499,2.925654513,1.630700179,1085,1053,4,49,1089,1102
7500,4.467427204,0.8315359647,1875,1602,12,85,1887,1687
7501,4.67694105,0.1713376932,1377,1320,7,47,1384,1367
7502,1.415787335,1.401934226,1239,1196,5,60,1244,1256
7503,3.669617163,0.6647430275,1339,1224,2,43,1341,1267
7504,1.757088097,0.9272638462,1279,1135,7,46,1286,1181
7505,4.760301078,2.670822984,1467,1324,2,93,1469,1417
7506,3.223702677,2.24521672,647,609,4,37,651,646
7507,2.874443735,1.605737702,1231,1125,6,44,1237,1169
7508,1.1619729,2.517419406,1454,1349,9,58,1463,1407
7509,2.31980928,0.8352582697,792,735,3,25,795,760
7510,2.668158927,0.4021519606,1735,1565,7,68,1742,1633
7511,3.301565667,1.112044547,1160,1076,2,48,1162,1124
7512,4.699989619,2.737171644,1076,958,5,51,1081,1009
7513,4.151607022,0.2963472036,1051,1001,2,35,1053,1036
7514,1.606070097,2.800116146,1473,1308,5,61,1478,1369
7515,1.78043026,1.349049392,1109,1091,5,42,1114,1133
7516,4.814742364,0.4018454212,797,765,2,12,799,777
7517,1.259340077,1.410242272,1753,1743,12,72,1765,1815
7518,4.119252271,0.5385325834,988,980,4,32,992,1012
7519,1.543205689,2.299827126,1422,1372,3,56,1425,1428
7520,2.810467787,0.7390361776,902,849,4,32,906,881
7521,3.645662853,1.420817397,1799,1620,4,96,1803,1716
7522,4.725574072,2.318381717,1272,1163,5,68,1277,1231
7523,3.788274117,1.716408762,1371,1240,5,58,1376,1298
7524,2.901211579,0.3029070035,926,845,2,38,928,883
7525,2.046258206,2.99837278,1512,1300,11,88,1523,1388
7526,3.903437136,2.355365277,1748,1643,5,102,1753,1745
7527,4.612735976,2.865392553,1499,1371,7,85,1506,1456
7528,3.794605315,0.467244797,1689,1507,4,45,1693,1552
7529,3.059364128,1.002452052,1518,1277,5,49,1523,1326
7530,3.243501572,1.539125042,1143,1089,7,49,1150,1138
7531,2.164748183,2.721583249,734,636,1,33,735,669
7532,1.195102374,1.319500035,969,960,3,24,972,984
7533,1.408382818,1.718447355,1589,1436,7,49,1596,1485
7534,1.690596244,1.189153498,1638,1621,9,65,1647,1686
7535,2.862480527,2.710207367,1133,1056,4,53,1137,1109
7536,3.975817181,0.340012926,979,871,0,30,979,901
7537,4.444949584,1.208474766,1547,1318,4,54,1551,1372
7538,4.206112949,1.178909197,1447,1312,12,59,1459,1371
7539,1.291328235,2.346847404,961,954,3,29,964,983
7540,4.927593764,0.6095326518,1109,1051,4,48,1113,1099
7541,3.88460105,1.824985226,908,850,3,47,911,897
7542,1.543143988,2.707333334,800,731,6,27,806,758
7543,2.000258849,2.232990766,1700,1586,9,68,1709,1654
7544,3.29269985,2.163999138,1109,1087,3,40,1112,1127
7545,2.248484513,2.494930422,1249,1189,4,39,1253,1228
7546,1.138253757,1.652969205,867,820,3,36,870,856
7547,1.160524762,2.649924746,1667,1487,6,61,1673,1548
7548,4.984476773,0.2252502697,916,841,7,39,923,880
7549,3.499691128,2.812225199,1132,1033,4,59,1136,1092
7550,3.253591954,1.986010726,1754,1503,13,84,1767,1587
7551,4.92366229,0.7527515109,1755,1669,7,79,1762,1748
7552,3.129737,0.5034242836,1039,918,9,42,1048,960
7553,3.750259444,2.262054397,1101,1006,5,59,1106,1065
7554,2.635043495,2.928114311,748,647,3,35,751,682
7555,1.684855961,1.617935569,1157,1039,2,45,1159,1084
7556,4.572665332,0.6028916596,1672,1566,8,73,1680,1639
7557,4.557582021,1.115993226,1450,1354,4,57,1454,1411
7558,4.830746182,2.078199141,1273,1185,3,68,1276,1253
7559,1.177542442,0.06662079281,751,752,5,20,756,772
7560,4.570863744,1.152564911,1242,1156,7,57,1249,1213
7561,2.120368455,0.02721452521,1833,1725,11,36,1844,1761
7562,1.140733959,2.878044449,1524,1357,6,70,1530,1427
7563,4.339134648,1.827885973,773,770,4,32,777,802
7564,1.985950298,2.377568492,1751,1544,9,65,1760,1609
7565,3.008621135,0.4435702145,1120,1106,6,30,1126,1136
7566,1.996762835,1.154063441,1528,1438,8,66,1536,1504
7567,2.566128776,0.52352544,767,755,4,21,771,776
7568,1.593440062,2.584438033,1723,1611,7,72,1730,1683
7569,4.540210663,1.42809136,899,853,2,43,901,896
7570,1.798880527,1.237289039,1507,1379,11,50,1518,1429
7571,4.903591288,2.503571286,1289,1148,4,70,1293,1218
7572,3.415464081,2.281988473,993,922,2,75,995,997
7573,1.383199314,2.173522299,680,611,2,25,682,636
7574,3.401889761,2.173027536,1042,900,4,54,1046,954
7575,1.84688139,2.425964668,1735,1593,5,76,1740,1669
7576,1.859717746,2.859423437,656,612,5,35,661,647
7577,3.259992332,2.036678814,1126,1042,1,46,1127,1088
7578,4.436869216,1.551093731,659,611,1,42,660,653
7579,3.938988115,0.7439411532,1482,1466,10,49,1492,1515
7580,2.763124757,1.458843681,1835,1707,12,77,1847,1784
7581,4.136320393,2.03196448,1295,1271,6,73,1301,1344
7582,4.636879593,2.619180235,1424,1345,8,84,1432,1429
7583,1.035780854,2.973577532,1023,988,4,37,1027,1025
7584,4.548635534,1.216325357,653,657,2,32,655,689
7585,2.641061603,2.820693689,1233,1168,2,66,1235,1234
7586,2.699487798,2.369680836,993,899,4,55,997,954
7587,2.207685869,1.937587698,800,758,3,31,803,789
7588,1.193624338,1.190210422,964,835,4,33,968,868
7589,3.397262078,0.8988655671,1173,1036,1,37,1174,1073
7590,2.878294551,0.9518816177,928,862,5,33,933,895
7591,4.417577562,1.882189911,1014,910,3,42,1017,952
7592,2.887398144,2.476520496,1354,1248,3,66,1357,1314
7593,3.813495559,2.030983455,995,964,5,46,1000,1010
7594,2.686467679,1.278309221,1117,1055,7,43,1124,1098
7595,4.281916947,0.2428918791,857,821,1,28,858,849
7596,4.90139653,1.840396059,1241,1145,11,68,1252,1213
7597,3.84605162,1.024977581,632,630,2,22,634,652
7598,2.925592633,0.5350255177,1768,1754,6,59,1774,1813
7599,2.322977794,2.651465074,1675,1559,3,78,1678,1637
7600,4.476918637,0.5351143833,1039,989,2,37,1041,1026
7601,1.127606555,1.50987156,903,895,1,29,904,924
7602,4.354528673,0.5554244401,1722,1559,6,47,1728,1606
7603,3.625337218,1.650071695,1579,1445,8,60,1587,1505
7604,2.098375599,0.4686256213,1704,1462,7,43,1711,1505
7605,3.582495982,0.9084813999,1429,1374,5,59,1434,1433
7606,3.739278989,1.821832504,1734,1624,6,82,1740,1706
7607,1.231725119,1.887090101,1230,1109,7,47,1237,1156
7608,3.498829446,2.399852982,1104,1079,6,57,1110,1136
7609,3.661406595,1.92391892,923,775,4,45,927,820
7610,1.783118444,0.9036573347,1624,1498,9,55,1633,1553
7611,3.548846366,0.3842012283,1685,1549,3,49,1688,1598
7612,2.641320006,0.9903371657,841,794,3,34,844,828
7613,4.551744899,0.1750287233,1397,1307,5,41,1402,1348
7614,3.0757724,0.9979053296,1446,1412,8,45,1454,1457
7615,2.6958661,0.8301832316,1815,1671,12,59,1827,1730
7616,3.791182641,0.5541544772,1391,1247,8,50,1399,1297
7617,2.693230181,2.937027742,1172,1040,8,54,1180,1094
7618,4.544906724,1.854115988,1115,1034,10,52,1125,1086
7619,4.496901986,1.484845595,1005,922,1,45,1006,967
7620,1.056346364,1.666033906,1116,1057,10,41,1126,1098
7621,2.746820386,0.1761555779,690,634,1,17,691,651
7622,2.38840979,2.132230917,1726,1551,9,63,1735,1614
7623,3.481028257,2.560108521,1248,1102,2,61,1250,1163
7624,4.28579095,2.440205169,1258,1140,7,59,1265,1199
7625,2.653843022,2.373364911,801,746,5,49,806,795
7626,2.119212614,2.153026736,1833,1658,10,60,1843,1718
7627,2.792484517,0.06737034159,698,648,1,23,699,671
7628,3.130285757,2.80931026,1469,1347,4,81,1473,1428
7629,1.415681752,0.108411058,1491,1445,9,27,1500,1472
7630,4.598647042,0.3035599433,1282,1120,2,39,1284,1159
7631,1.509001004,0.2050089067,1360,1263,10,32,1370,1295
7632,4.793525271,1.047202462,1039,1006,7,45,1046,1051
7633,3.586430647,2.706679397,1679,1577,7,99,1686,1676
7634,4.277329617,1.633546142,1408,1288,5,50,1413,1338
7635,1.886921377,2.41105619,1689,1577,10,76,1699,1653
7636,1.674553501,0.9904380571,786,757,1,28,787,785
7637,3.092814907,1.272840681,1498,1394,8,67,1506,1461
7638,2.419907697,2.75006826,1257,1157,7,60,1264,1217
7639,1.952890656,1.961981347,1651,1624,5,79,1656,1703
7640,3.704202415,1.88917605,1734,1554,4,87,1738,1641
7641,1.606593064,2.915781193,642,622,3,27,645,649
7642,4.244753681,0.839123305,981,931,4,33,985,964
7643,2.061742454,2.368333616,1093,1070,10,47,1103,1117
7644,3.912785807,2.085895622,1588,1464,6,76,1594,1540
7645,3.945707148,2.353591942,1025,951,2,54,1027,1005
7646,2.422163414,2.919862588,1745,1685,9,102,1754,1787
7647,4.790443216,2.873346473,1645,1436,6,95,1651,1531
7648,4.434874447,2.14675945,1649,1469,8,105,1657,1574
7649,1.088006406,2.489900883,1486,1384,10,54,1496,1438
7650,4.109467009,1.987119727,1787,1596,8,79,1795,1675
7651,1.856168773,2.029449907,1762,1699,14,84,1776,1783
7652,2.932865604,1.647625381,1226,1148,3,61,1229,1209
7653,1.983776917,0.5264892057,706,621,3,21,709,642
7654,1.194983941,1.153721123,982,997,7,33,989,1030
7655,2.008389132,1.963193436,1596,1419,10,58,1606,1477
7656,4.682189303,0.7068237292,1494,1368,4,50,1498,1418
7657,3.511392479,2.576726687,1113,1110,3,54,1116,1164
7658,4.060767508,2.543377523,1317,1166,7,54,1324,1220
7659,2.914287018,0.04140294252,1373,1208,5,38,1378,1246
7660,3.107686582,1.859504992,898,874,1,38,899,912
7661,3.200221745,2.771851024,1467,1362,10,84,1477,1446
7662,2.696096921,0.2529303186,1826,1735,10,54,1836,1789
7663,3.650080907,2.728679566,893,850,4,43,897,893
7664,3.072202895,0.5835919786,1525,1352,6,58,1531,1410
7665,1.783008021,0.146176188,1519,1364,4,38,1523,1402
7666,1.705485576,1.458307656,996,986,7,38,1003,1024
7667,4.007436935,0.3779561625,1494,1407,11,50,1505,1457
7668,3.042639396,0.3414905397,1162,1061,3,29,1165,1090
7669,2.915360129,2.283450798,1763,1659,8,95,1771,1754
7670,3.520163819,0.5015424427,1110,1045,4,35,1114,1080
7671,1.346896629,0.869321722,1031,947,4,23,1035,970
7672,3.889813318,1.579912486,1806,1623,7,99,1813,1722
7673,1.101598116,2.15924566,1379,1335,8,49,1387,1384
7674,2.94482028,2.388506717,1766,1648,10,80,1776,1728
7675,2.101821996,1.77894943,1030,932,3,39,1033,971
7676,1.517540879,2.657179605,1156,1024,2,48,1158,1072
7677,1.784615651,0.4446515181,675,608,3,27,678,635
7678,2.891279753,2.763441258,957,858,6,44,963,902
7679,1.430714364,0.8582689436,1516,1373,10,37,1526,1410
7680,1.323617926,0.6435949016,716,653,8,18,724,671
7681,1.731592547,0.1895524515,1568,1534,5,53,1573,1587
7682,3.431210018,2.645470331,1030,987,7,54,1037,1041
7683,2.150971693,0.6686830224,1271,1139,9,54,1280,1193
7684,1.773374596,0.273548827,939,828,11,22,950,850
7685,2.634193565,1.773756942,1042,972,3,45,1045,1017
7686,4.710556335,2.828880697,1726,1443,8,101,1734,1544
7687,3.627534167,2.584724772,1370,1202,2,71,1372,1273
7688,4.018516377,2.319647382,794,718,2,35,796,753
7689,4.709809139,0.3901474141,1862,1671,4,66,1866,1737
7690,2.032923748,1.132718898,1694,1561,8,63,1702,1624
7691,3.089884202,0.4753801113,1407,1364,6,64,1413,1428
7692,1.261190135,1.838194087,1640,1468,7,48,1647,1516
7693,3.292873849,2.46298116,781,747,3,40,784,787
7694,1.979556647,2.234295662,1110,1094,3,52,1113,1146
7695,3.672834687,1.954245873,1373,1242,5,70,1378,1312
7696,2.217012027,2.468758339,1681,1517,3,74,1684,1591
7697,2.980943529,1.649689114,1056,922,5,36,1061,958
7698,1.205170656,1.841176106,1169,1106,4,46,1173,1152
7699,4.060174517,2.074576566,1216,1197,7,60,1223,1257
7700,2.788415741,2.743756607,892,828,4,50,896,878
7701,2.547606525,0.5430414037,1205,1225,4,32,1209,1257
7702,4.511967216,1.022640381,832,749,7,24,839,773
7703,1.184751608,2.493941459,1288,1109,6,57,1294,1166
7704,2.465442633,1.247801687,1621,1527,15,64,1636,1591
7705,1.553003519,2.864324614,1111,1028,5,56,1116,1084
7706,3.893876309,0.1737817214,1368,1272,2,33,1370,1305
7707,3.222128841,0.2691281671,1541,1355,1,47,1542,1402
7708,2.611976376,1.121899184,1496,1339,7,61,1503,1400
7709,1.036982683,2.392562065,1581,1493,9,55,1590,1548
7710,2.292737941,1.997099372,1218,1067,11,45,1229,1112
7711,3.465992281,0.3645304838,1316,1292,5,45,1321,1337
7712,1.426718736,1.467436967,901,825,0,27,901,852
7713,1.237050051,2.667740498,1793,1688,7,64,1800,1752
7714,4.815268814,1.704654619,1310,1112,7,52,1317,1164
7715,3.817449378,0.04542312357,1049,940,6,22,1055,962
7716,1.294007612,1.647233217,1721,1595,7,51,1728,1646
7717,2.721210914,0.5212876338,675,618,4,15,679,633
7718,4.549471619,0.6813912862,1134,993,3,33,1137,1026
7719,2.506844447,2.981472264,1037,963,6,47,1043,1010
7720,4.761239564,0.1076388537,1229,1210,7,42,1236,1252
7721,2.315001215,0.3626712414,836,741,0,23,836,764
7722,3.086750761,1.05863075,1165,1036,2,51,1167,1087
7723,3.597841497,1.414877692,1618,1378,3,77,1621,1455
7724,4.839300604,0.6750949862,948,912,4,28,952,940
7725,2.770167425,0.5518902381,1550,1524,6,59,1556,1583
7726,1.997936507,1.515739987,1522,1304,1,52,1523,1356
7727,1.039940083,0.5257815569,1689,1551,5,39,1694,1590
7728,1.656453415,1.37078697,1615,1485,9,65,1624,1550
7729,3.616238688,0.5356651232,1713,1517,10,61,1723,1578
7730,2.96202105,0.4562635369,1312,1173,7,48,1319,1221
7731,2.09392007,0.3675180197,1773,1715,12,62,1785,1777
7732,2.4798989,0.5890614128,1190,1133,4,33,1194,1166
7733,2.462176162,2.312179724,1266,1125,7,47,1273,1172
7734,2.475260651,0.1888518549,902,842,4,32,906,874
7735,2.290969029,0.00350884456,668,609,2,9,670,618
7736,2.617805689,0.7711824859,1043,1009,6,27,1049,1036
7737,2.553355395,2.897787711,1278,1099,6,63,1284,1162
7738,3.333304512,2.638310561,1144,1023,3,53,1147,1076
7739,2.340229115,0.7236556852,1765,1740,12,65,1777,1805
7740,1.533860776,0.3620035842,1489,1401,10,43,1499,1444
7741,1.56836299,1.777740293,1353,1343,2,51,1355,1394
7742,4.206576377,2.714344984,1592,1412,5,94,1597,1506
7743,3.278471058,1.082921667,1441,1400,4,53,1445,1453
7744,1.088542409,2.11896711,1338,1250,8,51,1346,1301
7745,4.5674935,2.70677585,1795,1655,5,93,1800,1748
7746,1.826384633,1.426684816,1093,1101,8,41,1101,1142
7747,4.168904135,2.294379924,981,929,1,52,982,981
7748,1.214216688,1.183075146,807,740,11,23,818,763
7749,4.524401451,0.5978309879,1591,1501,4,59,1595,1560
7750,4.477004715,0.3624659149,813,751,4,34,817,785
7751,2.483959873,2.243321426,686,647,4,21,690,668
7752,2.815315715,0.9267539109,1615,1472,9,60,1624,1532
7753,4.848392915,2.127674806,1810,1541,4,84,1814,1625
7754,1.14344533,2.531714793,1685,1582,12,66,1697,1648
7755,2.441090254,0.3104595055,1178,1022,7,38,1185,1060
7756,2.245723991,0.5181377936,979,947,4,44,983,991
7757,1.949880721,2.558124652,708,644,5,31,713,675
7758,3.096184642,1.825311259,1503,1372,4,76,1507,1448
7759,1.173687601,2.825186783,1218,1176,4,53,1222,1229
7760,2.802576005,0.1298671511,1811,1735,13,46,1824,1781
7761,3.149088342,0.1473478942,911,881,2,30,913,911
7762,2.796172696,0.06497792725,815,706,3,15,818,721
7763,2.861297536,1.354748441,1860,1678,6,80,1866,1758
7764,3.478367424,2.607217289,1531,1390,9,72,1540,1462
7765,1.668541264,2.869618451,1466,1293,6,64,1472,1357
7766,2.352670342,0.3845759287,1048,968,5,36,1053,1004
7767,4.865859642,1.078134197,1118,1026,6,48,1124,1074
7768,3.143294642,0.8225936351,1456,1341,6,46,1462,1387
7769,2.373478983,0.2930248228,950,796,4,15,954,811
7770,2.044592317,0.810259507,716,667,5,20,721,687
7771,3.778343033,1.384295471,1023,962,5,43,1028,1005
7772,1.315235962,0.6910744353,1798,1534,10,62,1808,1596
7773,4.069946251,1.145128865,1657,1516,5,61,1662,1577
7774,1.583392427,1.223970682,1782,1705,15,60,1797,1765
7775,1.571971141,1.24939763,798,701,5,32,803,733
7776,1.29484732,0.8393793926,1110,1028,8,38,1118,1066
7777,4.780586377,2.551783397,1478,1318,5,101,1483,1419
7778,3.510875318,1.543184319,1346,1260,5,48,1351,1308
7779,1.916831324,0.4885072742,1439,1344,2,46,1441,1390
7780,4.784052378,0.003418486718,1139,983,7,25,1146,1008
7781,4.620558209,2.023384535,1089,1032,6,54,1095,1086
7782,4.631079357,2.857131743,911,865,1,49,912,914
7783,1.708590232,1.72617131,1881,1659,9,52,1890,1711
7784,4.482863612,0.7672132039,911,843,1,36,912,879
7785,4.171508145,0.8037055191,1469,1361,4,65,1473,1426
7786,1.359808128,2.928689951,1874,1646,8,64,1882,1710
7787,1.095639061,1.936116835,983,864,5,38,988,902
7788,2.459387934,0.4542171671,768,729,3,19,771,748
7789,2.72850662,0.7429971437,1387,1276,8,48,1395,1324
7790,1.67054481,1.563619636,1116,1046,4,30,1120,1076
7791,1.428573773,2.756961785,699,694,1,20,700,714
7792,1.990555714,2.211895171,1842,1721,8,70,1850,1791
7793,1.566963396,2.156473831,701,629,5,18,706,647
7794,3.627747204,1.562093664,873,839,3,33,876,872
7795,4.717719824,2.669526286,1166,1016,5,59,1171,1075
7796,1.724837318,0.1126042169,1085,1089,4,33,1089,1122
7797,4.446643806,1.892234388,936,793,4,42,940,835
7798,2.733980825,1.325110642,1489,1314,6,58,1495,1372
7799,4.187862178,0.3172896987,1330,1215,2,47,1332,1262
7800,4.675588389,1.355824165,969,905,4,36,973,941
7801,2.827058123,0.3433439295,1150,1077,4,46,1154,1123
7802,1.675149061,2.61521691,1702,1561,7,85,1709,1646
7803,3.181039782,1.815595875,1651,1444,7,70,1658,1514
7804,2.003907588,0.1356381779,1132,1074,9,26,1141,1100
7805,2.721999415,2.348807116,1267,1136,5,47,1272,1183
7806,3.676143395,1.840709992,1002,902,2,56,1004,958
7807,3.866404044,2.595530212,1802,1583,10,112,1812,1695
7808,4.644782731,2.444374723,1218,1118,4,61,1222,1179
7809,3.057837775,2.610126097,1165,1022,7,60,1172,1082
7810,1.799545944,2.159519966,1053,950,3,37,1056,987
7811,2.865361019,0.750083483,1581,1485,7,57,1588,1542
7812,3.608151496,2.440346497,1782,1640,7,88,1789,1728
7813,2.718260068,1.839051234,1269,1172,6,61,1275,1233
7814,1.206567384,1.456714874,825,750,4,24,829,774
7815,3.945907635,2.122486356,1278,1144,5,71,1283,1215
7816,2.038231998,0.8235179892,1585,1564,10,51,1595,1615
7817,3.629841327,1.345486426,1700,1567,9,76,1709,1643
7818,1.101453265,1.431139597,1493,1409,10,44,1503,1453
7819,4.343002467,2.944704225,846,697,3,36,849,733
7820,1.434228613,2.848711229,1619,1520,12,51,1631,1571
7821,4.91206429,0.9732861729,1423,1220,5,69,1428,1289
7822,3.183971119,2.795078598,700,640,1,24,701,664
7823,3.499820324,1.688403633,927,832,5,44,932,876
7824,2.467837248,2.185936054,687,644,3,30,690,674
7825,1.200883477,1.887010572,1801,1635,9,61,1810,1696
7826,1.838411143,2.328715009,704,617,1,27,705,644
7827,4.633266276,0.06344369473,701,640,2,22,703,662
7828,3.428105153,1.317278853,1475,1396,7,71,1482,1467
7829,4.192979643,1.740815131,773,736,3,49,776,785
7830,4.075323554,0.1239215471,1122,1077,3,25,1125,1102
7831,2.39613261,1.449715114,1199,1172,14,56,1213,1228
7832,1.223206638,0.3183363534,1160,1059,4,31,1164,1090
7833,3.714712444,2.232055815,1384,1230,3,67,1387,1297
7834,4.218602829,0.2684671574,886,850,5,24,891,874
7835,3.881944688,0.4979052563,1582,1456,14,47,1596,1503
7836,3.820893648,0.8513070851,1429,1363,10,54,1439,1417
7837,4.150518665,2.330612629,1034,901,5,49,1039,950
7838,4.162475557,2.674372603,1530,1390,2,66,1532,1456
7839,4.710646835,0.8376381933,696,627,1,26,697,653
7840,2.444511742,1.074594247,1450,1340,8,50,1458,1390
7841,1.619963702,1.214035264,1764,1655,11,64,1775,1719
7842,3.500256428,2.598935883,891,864,3,45,894,909
7843,2.751234468,0.2443441895,1687,1469,7,56,1694,1525
7844,4.092591896,0.6031520553,1048,964,4,29,1052,993
7845,4.655568269,2.279508999,1772,1630,8,95,1780,1725
7846,3.606945584,0.9586548153,1834,1642,8,79,1842,1721
7847,3.154641534,2.385769539,1184,1041,7,49,1191,1090
7848,2.036894886,1.945221076,1361,1256,7,65,1368,1321
7849,3.104353206,2.303930435,1016,985,4,39,1020,1024
7850,3.064508924,1.129463597,1342,1258,6,47,1348,1305
7851,2.552633495,1.760828374,661,643,0,29,661,672
7852,2.748645012,0.895932561,1281,1105,5,45,1286,1150
7853,3.445207807,0.04780336514,822,772,4,22,826,794
7854,1.5863186,1.675549154,1648,1458,2,77,1650,1535
7855,2.35729524,0.8918687925,1207,1171,5,53,1212,1224
7856,3.047874274,2.057717012,1849,1649,8,75,1857,1724
7857,1.434626377,2.45909919,1766,1712,11,52,1777,1764
7858,4.651930143,2.312049401,1361,1275,2,78,1363,1353
7859,1.450162489,2.609969834,887,804,3,27,890,831
7860,4.772697494,2.23591753,1013,894,2,47,1015,941
7861,4.110430785,2.81864305,707,583,4,39,711,622
7862,4.123785085,0.6893894487,1648,1387,7,61,1655,1448
7863,3.018979995,2.773853861,1038,937,4,58,1042,995
7864,3.548307496,0.2917082272,887,815,3,31,890,846
7865,3.706685041,0.1284876424,762,733,0,23,762,756
7866,2.67569889,1.268614284,1031,912,8,39,1039,951
7867,2.440911579,0.5138295147,1085,912,7,29,1092,941
7868,3.717688253,2.958603932,1870,1683,8,115,1878,1798
7869,1.711183175,2.418900781,1411,1287,5,70,1416,1357
7870,4.13712373,2.813268501,995,908,1,49,996,957
7871,3.760955372,1.187245683,1232,1178,8,65,1240,1243
7872,4.081433215,1.524358462,1081,1021,5,46,1086,1067
7873,3.67240652,2.743612247,1516,1323,5,84,1521,1407
7874,2.911395926,0.7305216014,1323,1130,9,42,1332,1172
7875,1.902839121,2.489431893,660,588,3,28,663,616
7876,4.600583175,2.748664565,1165,1002,1,60,1166,1062
7877,4.715391977,0.9026905635,1384,1262,9,50,1393,1312
7878,4.041855681,0.9590957265,1015,954,5,47,1020,1001
7879,4.151905938,2.142162891,779,733,8,52,787,785
7880,4.228338058,1.336395257,1613,1506,6,70,1619,1576
7881,1.750911844,0.7138801539,1471,1324,10,42,1481,1366
7882,3.224011497,2.377804001,682,616,1,40,683,656
7883,4.235567985,2.839609416,1064,888,1,57,1065,945
7884,1.502151786,0.6215151506,1328,1236,9,32,1337,1268
7885,1.697253702,2.210897995,1108,1089,8,54,1116,1143
7886,2.57163429,2.720781813,1505,1271,11,85,1516,1356
7887,1.636889606,0.2323575636,1412,1302,4,37,1416,1339
7888,4.693347362,1.55193218,1322,1080,4,55,1326,1135
7889,3.290677391,2.11210482,1738,1594,10,110,1748,1704
7890,2.849496126,1.373213904,874,834,7,36,881,870
7891,1.683049431,0.9849888552,1890,1707,3,69,1893,1776
7892,4.352171462,1.4573562,1117,1090,2,61,1119,1151
7893,2.650267341,1.309913124,1585,1537,7,65,1592,1602
7894,2.565022571,1.550461462,885,837,3,36,888,873
7895,2.906826475,1.756829776,621,618,3,19,624,637
7896,2.370937565,1.75382973,936,852,3,45,939,897
7897,1.248669798,2.788989309,664,618,4,27,668,645
7898,2.012937246,1.155437987,1476,1399,9,56,1485,1455
7899,3.4000186,1.980540522,1472,1340,3,57,1475,1397
7900,1.195845547,1.725727627,725,619,7,20,732,639
7901,3.847329938,2.270275538,820,718,1,42,821,760
7902,1.896311589,2.020615201,1004,871,3,44,1007,915
7903,1.481784751,1.035337585,1022,997,6,33,1028,1030
7904,1.251239243,0.2082096053,781,776,3,16,784,792
7905,2.654256215,0.7078837419,1661,1584,7,58,1668,1642
7906,4.329690018,1.256151314,1264,1188,6,52,1270,1240
7907,1.00693396,0.6332091518,1621,1492,11,36,1632,1528
7908,3.495320649,0.1548260968,1280,1144,9,45,1289,1189
7909,3.10570937,0.4792528324,1193,1036,9,52,1202,1088
7910,1.654074472,1.982496466,1206,1104,11,46,1217,1150
7911,2.813244051,0.2454590977,1536,1371,5,43,1541,1414
7912,3.631750074,0.8833816755,1271,1136,5,35,1276,1171
7913,1.312266606,1.201836092,1174,1079,10,31,1184,1110
7914,4.815689753,0.3883747033,1562,1435,6,56,1568,1491
7915,4.22200267,1.592858344,1471,1339,5,74,1476,1413
7916,1.110718871,0.9022692328,1581,1503,12,48,1593,1551
7917,1.868908258,1.188015302,946,810,3,33,949,843
7918,4.740736117,2.804636776,1712,1482,3,96,1715,1578
7919,3.731658819,2.026225675,892,858,4,51,896,909
7920,3.400183758,1.232342008,720,627,1,32,721,659
7921,4.882390379,2.195832252,943,866,7,40,950,906
7922,2.117455474,0.8323284977,1384,1252,8,50,1392,1302
7923,2.469866277,0.02198787254,705,609,4,20,709,629
7924,3.455394537,0.401936581,1640,1475,4,62,1644,1537
7925,4.07958099,1.735182914,822,785,4,33,826,818
7926,4.279174281,1.564459347,1721,1572,8,68,1729,1640
7927,4.537459966,0.1853964107,1023,961,2,41,1025,1002
7928,3.621311185,1.198694635,1088,1050,5,49,1093,1099
7929,3.192838349,2.106827696,809,733,2,39,811,772
7930,4.456048246,1.447086559,1587,1359,4,69,1591,1428
7931,2.567796717,1.910285215,960,835,8,47,968,882
7932,1.675979133,0.9093899019,1366,1315,7,43,1373,1358
7933,3.453436123,2.021561854,1088,1016,4,44,1092,1060
7934,2.757643943,0.69837658,1048,957,4,36,1052,993
7935,4.899536686,0.6228336943,783,743,3,34,786,777
7936,2.489806045,1.822121078,1480,1326,6,82,1486,1408
7937,4.475727009,1.434221945,1043,932,8,44,1051,976
7938,2.613348665,1.035324281,659,637,3,34,662,671
7939,4.528009917,1.247222429,1716,1573,3,81,1719,1654
7940,2.210531278,2.48892597,808,761,5,45,813,806
7941,1.301691298,1.279247237,1102,1030,7,52,1109,1082
7942,3.883714975,2.564340394,878,804,2,50,880,854
7943,4.633699911,0.8031979329,910,826,8,40,918,866
7944,3.453606639,2.537900233,1831,1629,8,97,1839,1726
7945,3.413279002,1.324399621,943,842,6,32,949,874
7946,4.718174705,1.435413768,1272,1153,9,53,1281,1206
7947,1.508597223,1.423534944,1026,924,2,35,1028,959
7948,4.616296837,0.4507944607,1075,948,0,25,1075,973
7949,2.076102071,0.5798162586,1383,1280,6,41,1389,1321
7950,3.369362598,1.633738083,701,628,1,39,702,667
7951,4.278672378,2.585962573,1801,1621,3,87,1804,1708
7952,3.236366035,0.2892914903,1354,1315,4,42,1358,1357
7953,4.337018452,2.616814019,1266,1114,7,64,1273,1178
7954,3.689208739,2.502158269,834,773,1,44,835,817
7955,3.105962267,0.7227201528,1177,1013,5,43,1182,1056
7956,2.865391462,2.771352841,706,610,5,33,711,643
7957,4.281859155,2.640354263,1090,909,2,54,1092,963
7958,2.144213825,0.5181332812,685,643,3,22,688,665
7959,2.477664933,2.54211054,1631,1439,4,79,1635,1518
7960,2.396991416,2.928628067,1810,1654,8,94,1818,1748
7961,2.884355187,0.8305520613,966,825,4,27,970,852
7962,4.671809795,1.291987257,1291,1111,6,62,1297,1173
7963,2.061032998,2.213794491,1660,1573,10,86,1670,1659
7964,2.335033954,2.245817867,1341,1320,8,77,1349,1397
7965,1.959427148,2.136645514,1173,1054,4,45,1177,1099
7966,2.88315311,0.7205301135,1004,935,8,33,1012,968
7967,3.777569209,0.866647282,1284,1169,7,39,1291,1208
7968,4.038839744,2.332109611,1568,1414,6,92,1574,1506
7969,1.520958739,1.909151757,1636,1448,13,60,1649,1508
7970,1.707625379,0.4076557026,1473,1309,6,44,1479,1353
7971,1.660156221,0.8231109998,1699,1529,11,60,1710,1589
7972,3.771462306,1.438288326,1416,1372,3,66,1419,1438
7973,3.675905152,1.983118615,1020,908,4,46,1024,954
7974,2.821398255,2.290359652,1155,1069,2,50,1157,1119
7975,3.356647129,2.709880398,1840,1636,2,92,1842,1728
7976,2.447177772,0.4373770748,1026,881,3,27,1029,908
7977,2.262966792,1.373226657,1508,1393,10,54,1518,1447
7978,3.868087876,1.885945428,891,840,2,55,893,895
7979,3.853567214,0.2368080049,1245,1159,5,40,1250,1199
7980,2.725749484,1.147567536,1837,1622,15,56,1852,1678
7981,3.52754815,2.161214485,1575,1431,6,81,1581,1512
7982,4.063883367,0.1078675022,1629,1451,9,53,1638,1504
7983,2.793590318,2.23433741,1564,1470,7,65,1571,1535
7984,1.469857344,0.171396405,1439,1416,8,32,1447,1448
7985,4.15042511,1.197711337,1395,1270,5,58,1400,1328
7986,2.90118897,2.461152681,1844,1665,8,88,1852,1753
7987,2.628931171,1.648808049,1705,1566,9,69,1714,1635
7988,3.399060524,0.4777941495,1817,1608,5,56,1822,1664
7989,1.055203635,2.336163089,1099,975,3,38,1102,1013
7990,2.335247845,0.2254415929,824,762,6,20,830,782
7991,2.331867168,0.2446577858,1400,1384,7,58,1407,1442
7992,3.221153168,1.777570298,1564,1447,6,83,1570,1530
7993,3.336655788,2.763300734,1150,1031,3,56,1153,1087
7994,1.206622072,0.1117564004,1504,1317,10,34,1514,1351
7995,3.524213239,0.837759441,1206,1044,7,33,1213,1077
7996,4.799577303,2.481878582,809,722,4,36,813,758
7997,4.6826493,1.123255019,902,799,3,30,905,829
7998,1.187057316,0.555797907,786,764,3,21,789,785
7999,3.400240523,0.5398825787,1835,1692,7,68,1842,1760
8000,4.995591936,0.3049061268,673,586,1,19,674,605
8001,3.936045682,2.130902872,925,833,4,35,929,868
8002,2.812050108,0.8491208608,1536,1398,6,56,1542,1454
8003,3.183587249,1.359719523,1781,1512,8,70,1789,1582
8004,4.367184733,1.465335117,1252,1132,4,50,1256,1182
8005,1.87291053,1.323228415,1690,1479,10,56,1700,1535
8006,3.99696281,2.80826818,1271,1200,5,62,1276,1262
8007,1.823470613,0.3069595972,1837,1701,12,49,1849,1750
8008,3.184134638,2.167355439,1162,1077,7,61,1169,1138
8009,4.516338053,2.496842434,1724,1507,6,93,1730,1600
8010,1.370544646,2.041941379,1069,1041,4,48,1073,1089
8011,2.776065192,1.694398589,1816,1752,9,92,1825,1844
8012,1.500791731,2.927672137,1531,1365,5,66,1536,1431
8013,2.57301458,1.469928386,930,834,1,42,931,876
8014,3.615251181,1.38783371,1518,1333,5,67,1523,1400
8015,1.62488781,2.314029901,1000,899,3,34,1003,933
8016,3.709194694,0.7944900277,755,738,4,28,759,766
8017,1.132423456,1.935499334,653,680,6,23,659,703
8018,3.568701983,2.697051417,720,618,1,31,721,649
8019,3.876994345,0.5722309344,1505,1340,7,60,1512,1400
8020,3.426667354,2.685158057,1515,1378,8,80,1523,1458
8021,3.562192817,1.706758815,1800,1716,7,81,1807,1797
8022,1.295617793,1.803479031,707,681,3,26,710,707
8023,4.172584563,2.397237793,1498,1345,11,66,1509,1411
8024,1.406989052,2.247990437,1623,1450,7,58,1630,1508
8025,3.053181794,1.69898742,1778,1545,12,68,1790,1613
8026,4.777333199,1.221039975,1240,1129,5,59,1245,1188
8027,3.283850859,1.972294562,1807,1768,9,85,1816,1853
8028,2.844778254,0.46050973,817,694,3,32,820,726
8029,3.288309877,2.325802039,813,744,1,41,814,785
8030,1.642356023,1.600702303,1736,1604,13,72,1749,1676
8031,2.976058362,1.568968176,824,707,7,32,831,739
8032,4.493262371,1.692910284,1414,1356,10,66,1424,1422
8033,2.598317301,2.00179895,893,815,5,38,898,853
8034,2.59049243,2.68764692,677,643,2,31,679,674
8035,4.399215837,0.4642906528,1384,1267,6,51,1390,1318
8036,2.767405688,2.490300523,1191,1054,11,63,1202,1117
8037,2.804972577,1.715795926,1454,1391,5,63,1459,1454
8038,1.728117404,1.870783524,1053,898,5,32,1058,930
8039,1.520373713,0.7962877685,1684,1617,6,45,1690,1662
8040,3.84948396,0.210633014,1369,1242,6,52,1375,1294
8041,4.410201932,0.2216598713,1266,1125,5,47,1271,1172
8042,3.879925802,0.8690861009,764,723,3,36,767,759
8043,3.83345839,2.244845391,1749,1643,10,88,1759,1731
8044,4.377388279,2.521110471,1457,1355,3,78,1460,1433
8045,1.07559408,1.175841099,1604,1477,6,51,1610,1528
8046,3.389899644,1.227578104,1156,1010,5,56,1161,1066
8047,3.706732027,1.724764375,1453,1344,8,56,1461,1400
8048,4.644010288,1.688209164,667,641,1,36,668,677
8049,3.475089576,0.2709408782,691,619,6,25,697,644
8050,1.426737045,2.544732588,893,828,9,29,902,857
8051,4.053404928,1.909129423,1538,1382,8,69,1546,1451
8052,3.701841943,2.425955876,933,854,4,49,937,903
8053,2.257799938,0.6861530738,1911,1759,10,66,1921,1825
8054,4.739873873,2.869493982,847,709,2,41,849,750
8055,1.389896618,0.7272262378,870,815,6,29,876,844
8056,4.071318748,1.677183607,1105,1088,3,58,1108,1146
8057,2.134604213,2.435795259,925,844,8,41,933,885
8058,4.776111367,1.3689387,1119,1074,2,59,1121,1133
8059,4.405291098,1.305637101,1001,959,8,35,1009,994
8060,4.265918028,0.2293041544,948,853,2,28,950,881
8061,1.880687195,0.1187334057,1698,1556,13,44,1711,1600
8062,2.578140307,1.677669221,1647,1640,11,67,1658,1707
8063,2.038198119,1.843841192,1528,1368,9,57,1537,1425
8064,1.802649296,2.601035444,1499,1416,7,79,1506,1495
8065,4.350459135,2.530020327,816,720,3,29,819,749
8066,1.409233845,2.339457795,1137,1014,2,46,1139,1060
8067,3.511920205,2.606285422,1349,1208,1,69,1350,1277
8068,1.80703052,2.70837757,1716,1551,3,77,1719,1628
8069,2.401817717,1.378586872,1454,1341,9,48,1463,1389
8070,4.686738967,0.3740402632,672,570,3,26,675,596
8071,3.616626226,1.747345134,1145,989,5,54,1150,1043
8072,3.013449375,0.7252007948,1277,1204,9,44,1286,1248
8073,4.265660475,0.379838759,1024,1010,5,39,1029,1049
8074,1.578437498,1.319575095,1519,1361,4,52,1523,1413
8075,1.058526079,1.485281592,1394,1318,5,52,1399,1370
8076,3.630252035,1.429013776,1015,984,4,40,1019,1024
8077,2.712718097,2.845408003,993,945,8,45,1001,990
8078,3.728480288,0.7093557602,692,647,2,18,694,665
8079,4.963646161,0.6035931751,1142,1054,2,47,1144,1101
8080,2.041418483,2.467844476,1562,1453,6,75,1568,1528
8081,4.803864733,1.302464983,1173,1021,7,39,1180,1060
8082,3.150548318,1.36929837,1458,1302,9,58,1467,1360
8083,2.204930295,1.330936637,1225,1167,9,39,1234,1206
8084,4.74866456,2.83913374,649,646,0,37,649,683
8085,2.901527303,1.568014993,895,807,2,39,897,846
8086,4.060054939,1.755259954,1869,1627,12,94,1881,1721
8087,1.621341941,1.954813525,1584,1454,5,69,1589,1523
8088,1.864026959,2.872718116,1395,1261,4,57,1399,1318
8089,3.217672357,0.07015160977,1603,1522,7,46,1610,1568
8090,4.372238096,1.090685734,1117,1054,3,45,1120,1099
8091,2.66026511,1.511316466,842,762,2,31,844,793
8092,4.437670269,2.909793833,724,637,1,38,725,675
8093,1.094592634,1.016885743,1743,1623,8,65,1751,1688
8094,1.309588436,1.162568086,1214,1031,5,36,1219,1067
8095,3.323604013,2.075197894,903,838,5,39,908,877
8096,2.3906371,0.2696309711,1893,1732,4,51,1897,1783
8097,4.184923707,2.518425292,1019,958,7,50,1026,1008
8098,2.049526247,0.7374430649,1015,885,7,28,1022,913
8099,3.601866568,1.636880536,1226,1168,7,46,1233,1214
8100,1.180369525,1.428264925,1266,1175,6,44,1272,1219
8101,3.754946231,0.7939868781,696,611,4,21,700,632
8102,1.577628272,0.2394765091,1351,1256,6,32,1357,1288
8103,2.603673551,0.3529595163,788,732,5,24,793,756
8104,4.194647946,1.597558294,1543,1383,10,84,1553,1467
8105,4.308098144,2.928377635,1847,1646,6,99,1853,1745
8106,4.889818424,1.933431411,1174,1037,6,57,1180,1094
8107,2.726047651,2.391894243,665,595,5,20,670,615
8108,2.678497726,0.1563290471,1498,1382,4,41,1502,1423
8109,3.521468009,0.2868964862,1751,1594,6,47,1757,1641
8110,4.90524322,1.685003709,871,785,3,49,874,834
8111,1.698529524,1.619424155,1759,1573,11,57,1770,1630
8112,3.009293752,0.7869948457,1738,1626,9,72,1747,1698
8113,4.044698526,2.47203055,1424,1368,8,68,1432,1436
8114,4.761886389,2.197064052,1252,1158,4,56,1256,1214
8115,1.822118008,0.459298893,1265,1182,4,34,1269,1216
8116,4.343229459,1.513416426,1451,1336,4,60,1455,1396
8117,3.730378604,0.3065046041,1797,1558,5,68,1802,1626
8118,3.838817218,1.62395333,1745,1549,6,67,1751,1616
8119,3.25479624,0.3415056963,1134,1050,7,42,1141,1092
8120,1.441966564,0.5262396053,1425,1392,9,46,1434,1438
8121,3.891368827,0.7380801599,769,759,4,24,773,783
8122,2.182695413,1.281485667,1829,1718,15,57,1844,1775
8123,1.335251561,0.3368065054,768,718,5,28,773,746
8124,1.156595464,1.699567417,1417,1294,6,47,1423,1341
8125,3.08789175,2.774773173,1139,1047,6,53,1145,1100
8126,1.881145409,2.502304252,1054,963,5,44,1059,1007
8127,1.104100211,2.222937443,1302,1174,1,40,1303,1214
8128,2.847036753,2.862102273,1605,1413,10,76,1615,1489
8129,2.614799281,2.448971008,1509,1370,6,61,1515,1431
8130,4.761310019,2.130998044,1512,1396,2,80,1514,1476
8131,1.973737387,0.9429039965,1619,1421,10,41,1629,1462
8132,4.425456777,0.8560293056,1548,1363,7,58,1555,1421
8133,3.184783967,1.384883275,916,813,6,41,922,854
8134,1.489835525,1.762324626,721,625,3,28,724,653
8135,4.478151494,2.011879177,1344,1245,3,66,1347,1311
8136,3.607546582,1.573846557,861,815,4,47,865,862
8137,1.27144434,1.091280847,1579,1456,10,52,1589,1508
8138,1.944925936,1.214333675,1184,1151,5,45,1189,1196
8139,2.564527144,2.166555074,1474,1444,7,55,1481,1499
8140,4.267549103,2.369660955,832,734,2,34,834,768
8141,3.178211027,1.659892266,1150,1070,6,55,1156,1125
8142,4.740577566,2.856893723,1046,920,1,60,1047,980
8143,2.084237888,0.4798066358,1483,1344,8,54,1491,1398
8144,4.369094829,2.961205647,684,664,2,36,686,700
8145,1.155256178,0.9484977531,953,794,6,27,959,821
8146,4.981733469,0.03930765696,1689,1616,7,56,1696,1672
8147,1.904632328,1.42916556,1227,1136,6,55,1233,1191
8148,1.165513284,1.36900449,813,731,5,27,818,758
8149,4.287888222,1.957867086,964,901,3,52,967,953
8150,3.88136692,1.480844715,690,632,5,25,695,657
8151,1.530604101,0.4833759429,1613,1499,15,40,1628,1539
8152,3.250781493,1.850869349,1272,1135,1,54,1273,1189
8153,2.587674752,0.3318095099,681,644,1,14,682,658
8154,3.247901675,1.784608388,1041,945,2,57,1043,1002
8155,3.189433973,1.085555055,741,761,2,37,743,798
8156,2.235020704,0.154549335,1839,1680,5,48,1844,1728
8157,2.41231879,2.582806189,1288,1083,8,56,1296,1139
8158,2.79199458,0.1738194007,765,716,3,27,768,743
8159,1.055906052,1.251995975,831,817,4,28,835,845
8160,1.527961555,2.168509585,1389,1269,2,50,1391,1319
8161,3.742055597,1.207956919,1250,1108,6,44,1256,1152
8162,4.734868691,0.1694816303,688,611,3,18,691,629
8163,4.389250842,2.857893018,1376,1251,4,76,1380,1327
8164,1.98419041,0.2600474019,1499,1355,8,38,1507,1393
8165,1.373885039,2.089255363,749,724,2,34,751,758
8166,2.517780104,0.7701231497,1765,1712,8,65,1773,1777
8167,1.057618971,1.667983301,840,728,6,27,846,755
8168,4.769879839,1.458814229,1343,1257,8,66,1351,1323
8169,1.5869424,0.4224525171,1104,911,5,24,1109,935
8170,4.29806987,1.045818971,978,935,4,46,982,981
8171,2.837611962,2.511441031,1326,1247,8,65,1334,1312
8172,2.170335037,0.6430244277,808,717,3,22,811,739
8173,1.323334037,1.763906412,1576,1548,10,56,1586,1604
8174,2.129321584,1.28221857,1240,1135,5,44,1245,1179
8175,2.348111718,2.252258404,1355,1202,3,56,1358,1258
8176,4.471878513,2.187234019,1190,1075,4,65,1194,1140
8177,4.134030061,0.6306329933,1051,920,1,32,1052,952
8178,2.242570188,1.221058638,929,845,8,40,937,885
8179,1.921453075,0.6595299399,922,816,4,19,926,835
8180,2.801848491,0.7511632753,1033,941,5,45,1038,986
8181,2.50575357,2.85649636,1083,997,8,49,1091,1046
8182,2.89681613,2.61874046,1040,956,3,53,1043,1009
8183,1.693767543,0.6377932083,1385,1264,7,39,1392,1303
8184,4.636284778,2.679678954,949,824,3,47,952,871
8185,4.407785928,1.034273608,1010,922,2,52,1012,974
8186,4.222544064,0.252309721,823,758,4,18,827,776
8187,3.525930094,0.4134975723,1873,1731,5,58,1878,1789
8188,3.180565675,2.744121805,920,797,5,46,925,843
8189,3.696717715,2.126225965,755,733,4,43,759,776
8190,2.267957904,2.317230443,1505,1386,4,56,1509,1442
8191,4.462541838,0.5212029668,1458,1373,4,59,1462,1432
8192,2.179473937,2.116329786,1145,1033,7,40,1152,1073
8193,2.88113852,2.08738718,1459,1374,6,73,1465,1447
8194,1.690098425,2.844080674,1863,1706,2,74,1865,1780
8195,3.05424683,2.159319317,715,660,4,34,719,694
8196,4.035490269,0.8750514788,1742,1531,7,54,1749,1585
8197,3.474174705,2.602508868,1804,1667,6,84,1810,1751
8198,3.817126595,0.5494756201,1467,1369,4,65,1471,1434
8199,1.315258717,2.818020626,1361,1297,4,58,1365,1355
8200,2.826560109,0.4985088717,978,916,3,34,981,950
8201,1.188801173,0.02224425638,1773,1636,16,39,1789,1675
8202,4.961170095,1.738966145,1159,1004,3,60,1162,1064
8203,2.825449721,1.027289791,1518,1359,9,49,1527,1408
8204,2.734025269,1.669817673,997,944,4,45,1001,989
8205,4.192244247,0.6348091218,980,977,5,31,985,1008
8206,4.140074939,0.7477266312,1828,1692,6,64,1834,1756
8207,3.048255792,1.161226412,899,793,5,40,904,833
8208,1.559721122,2.403276351,700,630,4,28,704,658
8209,4.363645009,1.511491552,1859,1710,9,93,1868,1803
8210,1.778597117,0.6011851014,981,934,4,28,985,962
8211,4.868457908,2.946930536,788,706,2,51,790,757
8212,3.732828922,1.914673769,937,808,1,58,938,866
8213,3.063357003,0.5615822716,1288,1140,4,43,1292,1183
8214,4.211229829,2.738085785,1304,1239,2,79,1306,1318
8215,1.154455249,2.230879886,1205,1156,4,40,1209,1196
8216,4.037945008,1.524391689,1016,961,5,58,1021,1019
8217,4.173927408,0.5916926075,1845,1651,8,73,1853,1724
8218,3.554773507,1.827693058,1287,1196,3,66,1290,1262
8219,2.840145027,1.883582154,1599,1442,5,76,1604,1518
8220,1.860103623,1.005249222,1318,1205,5,39,1323,1244
8221,1.798423589,2.147108529,1324,1215,6,69,1330,1284
8222,3.069454449,2.571038955,891,849,4,46,895,895
8223,4.93172058,1.245384942,1456,1420,8,53,1464,1473
8224,2.986876649,1.761838656,1242,1162,1,64,1243,1226
8225,2.590743447,0.4128742616,1561,1552,5,46,1566,1598
8226,3.907323775,1.606719745,818,767,6,27,824,794
8227,3.932619638,1.182110973,683,614,3,23,686,637
8228,1.085041607,0.1846357176,1304,1116,7,27,1311,1143
8229,3.7074977,2.768396371,1746,1592,6,87,1752,1679
8230,3.30766585,2.047343458,1518,1389,5,72,1523,1461
8231,2.56524845,1.597828703,1689,1561,9,68,1698,1629
8232,2.397675778,1.646982745,967,820,12,39,979,859
8233,3.367279588,1.891365151,677,618,3,41,680,659
8234,2.844825,2.598873457,715,614,2,29,717,643
8235,4.438757864,2.283749798,1291,1133,6,60,1297,1193
8236,2.688489041,0.9027634904,1689,1512,9,58,1698,1570
8237,3.262876779,1.382680801,1229,1131,6,59,1235,1190
8238,2.764541262,0.7265511381,1143,1078,6,33,1149,1111
8239,3.531730512,0.4766914628,745,669,3,20,748,689
8240,1.398385664,0.4556598915,1120,1072,9,40,1129,1112
8241,1.221257899,2.759103396,822,724,8,43,830,767
8242,2.960246289,2.257033713,1312,1180,8,59,1320,1239
8243,3.972509394,1.467949366,1280,1164,5,44,1285,1208
8244,3.405781748,1.421489556,1797,1653,8,74,1805,1727
8245,3.642311498,2.90644576,1766,1602,5,91,1771,1693
8246,3.003674307,0.2313851105,1702,1572,6,53,1708,1625
8247,3.91726412,0.3939064225,792,739,1,27,793,766
8248,4.80333624,1.665590403,1252,1207,5,65,1257,1272
8249,2.34693184,0.7550269635,1225,1150,2,50,1227,1200
8250,4.975750872,2.228531421,1577,1423,6,83,1583,1506
8251,1.768164891,2.133727577,654,587,3,17,657,604
8252,2.582887201,1.735153103,1793,1712,8,82,1801,1794
8253,2.637121171,0.4205862328,900,879,3,31,903,910
8254,2.805780837,1.207525044,1612,1397,7,58,1619,1455
8255,1.883653832,0.9753232737,1044,953,10,36,1054,989
8256,4.139771723,0.7693999227,1835,1718,10,62,1845,1780
8257,1.293560699,1.101104985,1265,1169,6,40,1271,1209
8258,1.473313819,2.070063655,1407,1259,5,55,1412,1314
8259,4.582430494,0.73153303,1110,1010,7,58,1117,1068
8260,1.72874518,0.7897439491,1490,1349,7,53,1497,1402
8261,3.527586344,1.938404337,1455,1344,8,74,1463,1418
8262,2.236358894,2.20775535,1378,1305,9,54,1387,1359
8263,4.894474805,0.9117116559,1564,1410,10,60,1574,1470
8264,1.952771693,0.1922595988,1577,1542,12,51,1589,1593
8265,1.115549968,1.357615441,909,842,4,30,913,872
8266,1.063703379,0.6898546996,704,586,2,18,706,604
8267,1.622764374,1.348302612,1356,1290,6,58,1362,1348
8268,4.394146816,2.556304709,704,622,4,36,708,658
8269,2.890813624,2.240193095,1432,1285,5,66,1437,1351
8270,4.587751598,2.714301584,700,613,1,28,701,641
8271,3.118511322,1.459479358,1132,1051,4,43,1136,1094
8272,1.103162745,0.9000435685,1419,1258,11,45,1430,1303
8273,2.835663426,2.756306558,1811,1689,10,77,1821,1766
8274,1.008985637,2.373214146,1548,1505,9,61,1557,1566
8275,2.481285395,2.034564352,1779,1703,6,75,1785,1778
8276,3.290890888,0.6664141378,1599,1499,9,67,1608,1566
8277,1.631372231,2.845944728,1256,1146,9,55,1265,1201
8278,3.638170963,2.503828022,1266,1183,1,67,1267,1250
8279,1.2877108,1.010292275,1824,1699,6,56,1830,1755
8280,2.627604852,1.81278162,1247,1150,5,55,1252,1205
8281,1.279484051,2.442742401,1151,1024,8,30,1159,1054
8282,1.707393401,2.546984257,757,742,3,33,760,775
8283,4.108485189,2.390946404,1584,1484,10,78,1594,1562
8284,3.576591286,2.299851186,694,641,3,28,697,669
8285,4.640981787,1.618366039,995,927,3,47,998,974
8286,1.070626982,2.782046352,1217,1193,8,56,1225,1249
8287,4.387066234,2.304068461,1781,1556,4,83,1785,1639
8288,3.45272727,2.572255954,1635,1551,8,88,1643,1639
8289,4.879995418,0.7477206034,1151,1041,7,56,1158,1097
8290,4.616885293,1.866869455,1348,1280,8,66,1356,1346
8291,4.346054449,2.019558323,1712,1578,6,90,1718,1668
8292,2.370254572,1.179681344,1343,1139,6,50,1349,1189
8293,3.629777055,1.016810969,1281,1173,3,48,1284,1221
8294,3.586499858,0.3206363905,1363,1268,4,40,1367,1308
8295,2.539211955,1.982846002,989,875,6,41,995,916
8296,3.810465555,2.123193215,1331,1229,7,66,1338,1295
8297,1.070107997,1.779005221,641,625,6,15,647,640
8298,3.597093411,2.905048252,788,736,1,41,789,777
8299,4.998092104,2.79473853,674,601,4,43,678,644
8300,3.254520967,1.421732346,1624,1442,6,67,1630,1509
8301,4.736492985,0.4556515154,1690,1572,3,68,1693,1640
8302,3.049349659,1.276279025,1288,1194,4,51,1292,1245
8303,3.64721712,2.354948298,1379,1198,9,71,1388,1269
8304,1.104148185,0.4179617203,1632,1497,8,39,1640,1536
8305,4.808297288,2.585429452,808,713,3,44,811,757
8306,1.840180967,0.8020329082,1803,1605,8,60,1811,1665
8307,2.272104005,1.088011597,1351,1205,2,61,1353,1266
8308,1.094193775,1.168585551,848,750,1,26,849,776
8309,3.915210785,0.6899306344,1472,1329,9,59,1481,1388
8310,2.172920006,2.78606938,1677,1610,6,77,1683,1687
8311,2.06583009,2.22105101,1328,1282,6,58,1334,1340
8312,2.864895337,1.358737317,1355,1293,6,59,1361,1352
8313,1.072215898,1.507507573,1777,1762,12,56,1789,1818
8314,3.937778141,0.956005115,1122,1094,3,48,1125,1142
8315,3.773421722,0.1491055443,1273,1207,5,43,1278,1250
8316,4.892359793,1.872459077,1306,1208,9,72,1315,1280
8317,3.328520761,1.942155794,1135,1026,3,54,1138,1080
8318,2.74588275,0.2529885512,656,658,6,21,662,679
8319,4.902069251,2.396961489,933,802,5,39,938,841
8320,2.381389223,1.499774935,1716,1560,6,66,1722,1626
8321,3.110851152,1.70929377,1672,1610,7,78,1679,1688
8322,2.616673134,1.284010399,1593,1493,9,73,1602,1566
8323,1.068818395,2.125976756,1582,1351,8,56,1590,1407
8324,1.773129287,2.031527321,1449,1360,9,73,1458,1433
8325,3.47697749,2.491747539,1051,925,3,45,1054,970
8326,1.766774102,0.4459203368,954,843,5,22,959,865
8327,3.049462711,1.680767646,999,926,3,47,1002,973
8328,2.863834204,0.4365684468,689,661,3,24,692,685
8329,1.700205999,0.5993043616,914,871,5,32,919,903
8330,1.607271373,1.175789987,1619,1507,12,57,1631,1564
8331,4.617335016,1.045445203,1580,1506,5,75,1585,1581
8332,3.422806777,2.510082918,1765,1644,6,83,1771,1727
8333,2.882990265,2.576953258,1404,1363,6,75,1410,1438
8334,3.967301015,1.465147594,1124,1044,11,46,1135,1090
8335,1.296822215,0.1937323592,666,655,2,18,668,673
8336,4.001540448,0.065522272,1014,930,3,27,1017,957
8337,3.565656375,2.108119128,1013,921,4,41,1017,962
8338,4.187323881,0.7700909927,1524,1387,4,66,1528,1453
8339,3.759413996,0.8256404479,1369,1292,2,65,1371,1357
8340,1.382976243,1.11970039,1490,1390,9,60,1499,1450
8341,1.788329823,1.274232733,875,857,2,38,877,895
8342,4.876024598,1.731610823,1131,1099,5,61,1136,1160
8343,3.468951201,2.069291072,1469,1391,4,74,1473,1465
8344,1.402751191,1.570267956,769,737,4,24,773,761
8345,3.752386606,0.9558191192,1236,1191,1,47,1237,1238
8346,4.185417296,2.848548918,911,832,7,40,918,872
8347,4.925936428,0.7233578397,623,601,3,23,626,624
8348,4.543716219,2.012492325,1711,1567,11,87,1722,1654
8349,1.946792318,2.708040232,1810,1700,5,84,1815,1784
8350,4.045362931,0.3521668555,1355,1194,6,45,1361,1239
8351,3.135906405,0.3161526574,1257,1185,3,36,1260,1221
8352,3.841419592,0.4981114999,648,624,0,24,648,648
8353,1.946601619,0.222556226,1400,1263,9,29,1409,1292
8354,2.042251163,2.431638944,1136,1025,3,41,1139,1066
8355,2.226313051,0.04336959173,798,753,6,18,804,771
8356,1.145893635,0.2608083437,1403,1221,7,37,1410,1258
8357,4.330328819,1.11604436,1478,1300,9,69,1487,1369
8358,4.287981964,2.06306623,1759,1527,7,101,1766,1628
8359,4.013800444,2.852926559,1400,1227,9,80,1409,1307
8360,3.448457526,0.9750303669,1011,903,2,39,1013,942
8361,2.652540097,0.925531885,1690,1573,9,63,1699,1636
8362,4.932278366,0.616550287,1576,1479,6,53,1582,1532
8363,3.462240972,0.3265949333,1676,1579,9,51,1685,1630
8364,1.715862039,2.644904147,1229,1154,3,49,1232,1203
8365,2.32533823,1.519823836,794,732,3,40,797,772
8366,2.072756521,2.821680732,1123,1050,8,54,1131,1104
8367,3.77325939,1.403633913,1247,1122,2,57,1249,1179
8368,1.726368501,0.7922046332,1410,1301,4,44,1414,1345
8369,2.703790463,1.725888658,1372,1247,9,51,1381,1298
8370,4.106286877,1.381415746,805,734,2,27,807,761
8371,3.1190576,1.800114023,1777,1674,11,82,1788,1756
8372,3.246969505,1.083420483,1461,1386,4,61,1465,1447
8373,4.194256879,2.072630343,1302,1174,8,75,1310,1249
8374,3.723604394,1.205914694,813,716,6,28,819,744
8375,2.121992,0.5220807568,1085,1056,6,40,1091,1096
8376,4.334970171,2.439211497,1788,1632,9,94,1797,1726
8377,2.809066826,0.7062950189,1517,1386,12,46,1529,1432
8378,3.349641465,2.294490884,1227,1177,4,58,1231,1235
8379,2.346674195,2.318702129,884,832,3,40,887,872
8380,4.845096637,2.545527766,1473,1317,6,76,1479,1393
8381,3.242288427,0.1551232447,1810,1684,11,65,1821,1749
8382,1.533123434,2.777944459,682,640,4,32,686,672
8383,3.008612468,1.3102345,1043,981,8,30,1051,1011
8384,1.293077168,2.346271441,677,627,2,22,679,649
8385,3.615694068,2.750412977,1174,1023,3,51,1177,1074
8386,4.348681397,1.470659908,1852,1692,9,85,1861,1777
8387,4.824112022,0.1793857668,1011,921,4,27,1015,948
8388,2.32471791,2.950070032,1616,1442,8,72,1624,1514
8389,1.542322314,0.3777569341,986,950,9,28,995,978
8390,4.996966039,0.5222721519,918,810,4,42,922,852
8391,2.106587231,1.460391428,861,779,3,32,864,811
8392,1.393081425,1.413247716,1319,1296,15,51,1334,1347
8393,4.466887614,2.454697671,1088,980,1,53,1089,1033
8394,1.463077688,0.5665548214,1203,1096,9,29,1212,1125
8395,2.421641361,2.023952835,1300,1145,7,63,1307,1208
8396,1.190724389,0.4632456873,1390,1293,8,35,1398,1328
8397,3.554858707,1.996333587,786,660,5,37,791,697
8398,3.798116769,2.10939317,1359,1201,3,61,1362,1262
8399,3.108358144,2.05804698,1797,1731,5,87,1802,1818
8400,4.373665112,0.1011039423,705,633,5,16,710,649
8401,3.373829779,2.464402664,1230,1120,6,60,1236,1180
8402,4.152978449,2.152432493,1640,1501,5,76,1645,1577
8403,4.853981281,2.345758321,1799,1680,6,95,1805,1775
8404,2.819517636,2.202819105,810,709,3,39,813,748
8405,2.859697272,2.698250676,1811,1608,8,93,1819,1701
8406,4.624344982,0.956496571,1702,1544,7,79,1709,1623
8407,1.778391242,2.227891888,1040,912,1,34,1041,946
8408,1.813947409,2.509455561,1805,1695,4,65,1809,1760
8409,3.568285842,0.2038571667,804,750,4,27,808,777
8410,2.356867533,2.652341515,1760,1493,6,77,1766,1570
8411,4.896966046,0.7421956394,1274,1145,7,52,1281,1197
8412,2.602468047,1.526963289,1762,1550,6,69,1768,1619
8413,2.211127465,0.5683281059,1461,1424,8,48,1469,1472
8414,4.463238182,1.526914922,1852,1689,10,79,1862,1768
8415,4.27732147,0.537915124,871,829,3,24,874,853
8416,3.482084396,0.1829736392,1223,1128,4,39,1227,1167
8417,4.991306999,0.3903985576,680,657,3,23,683,680
8418,2.451062772,1.702452018,1677,1441,11,64,1688,1505
8419,4.776444405,0.02216923881,1243,1187,3,38,1246,1225
8420,3.21753897,2.921417123,1373,1305,2,62,1375,1367
8421,3.730511546,0.7558946377,1710,1598,7,58,1717,1656
8422,3.891406586,1.243844275,689,592,1,40,690,632
8423,1.325909729,0.3188356863,1721,1616,10,39,1731,1655
8424,2.93699483,2.971575741,874,863,3,36,877,899
8425,2.846982543,2.835899551,663,643,3,36,666,679
8426,1.046781394,0.5590069452,992,958,3,23,995,981
8427,3.649080844,2.48960434,1522,1341,6,77,1528,1418
8428,4.135435046,1.683177193,909,829,2,40,911,869
8429,2.328926426,0.9548775042,1359,1241,4,48,1363,1289
8430,2.30619311,0.5065177443,965,923,2,19,967,942
8431,2.068367449,0.6850019501,822,748,5,25,827,773
8432,2.135826088,2.701913497,1384,1261,3,64,1387,1325
8433,4.729167427,2.707310428,1215,1171,4,66,1219,1237
8434,3.222128129,2.488804024,1394,1276,4,57,1398,1333
8435,3.15029754,0.9123928514,1105,1063,8,39,1113,1102
8436,4.340297141,1.256303479,702,618,3,37,705,655
8437,2.254696882,1.113881237,1452,1349,8,60,1460,1409
8438,2.711110041,2.225024724,804,759,6,37,810,796
8439,1.655027321,1.15316351,1674,1560,7,73,1681,1633
8440,4.21267929,2.342745364,1645,1444,3,75,1648,1519
8441,2.277672393,2.63418519,1169,1002,3,56,1172,1058
8442,4.103267647,0.3543124058,1033,989,5,30,1038,1019
8443,3.421990914,2.298675014,1542,1319,4,77,1546,1396
8444,1.053205238,1.477451382,909,853,5,30,914,883
8445,4.977082224,1.099932084,1029,953,5,44,1034,997
8446,4.63738689,2.798221312,1141,1017,4,53,1145,1070
8447,4.030270768,1.669500703,1135,1062,4,49,1139,1111
8448,3.658782403,0.4595667737,933,817,3,21,936,838
8449,1.31393086,1.281543074,785,716,5,25,790,741
8450,1.573201846,2.989583832,806,711,2,42,808,753
8451,3.449836995,0.2120337766,1018,894,7,41,1025,935
8452,1.384853208,1.928890926,1514,1374,6,50,1520,1424
8453,4.089380683,1.921231493,1145,1035,1,60,1146,1095
8454,4.569431553,0.6319599871,1470,1413,4,53,1474,1466
8455,4.547725805,0.7924087349,1831,1700,7,72,1838,1772
8456,3.873865294,0.09053623124,677,654,2,12,679,666
8457,2.317952074,0.5309639031,1122,1049,8,36,1130,1085
8458,3.273305102,0.6003708813,1440,1369,11,39,1451,1408
8459,1.84317291,1.62387535,1527,1494,11,50,1538,1544
8460,2.17658489,0.8077937785,1914,1743,14,58,1928,1801
8461,2.708227841,1.773852915,1713,1571,6,71,1719,1642
8462,2.778800441,0.1911341125,613,656,1,22,614,678
8463,2.929725726,2.974048176,1018,949,4,52,1022,1001
8464,2.318718808,2.485529395,1202,1149,4,51,1206,1200
8465,1.764164866,0.08558528611,1579,1454,7,30,1586,1484
8466,2.264934709,1.244339547,1655,1486,10,66,1665,1552
8467,1.078804189,1.585104906,1380,1315,9,50,1389,1365
8468,2.183896442,1.121158208,727,601,5,17,732,618
8469,4.503307262,1.780911615,922,794,4,34,926,828
8470,1.267840577,0.6523941856,1810,1711,12,56,1822,1767
8471,2.467143022,1.803848907,992,974,3,49,995,1023
8472,3.01815812,1.450303719,1336,1267,3,62,1339,1329
8473,1.765744206,0.8774610441,1854,1654,8,57,1862,1711
8474,4.918884792,1.96981503,1659,1563,3,79,1662,1642
8475,4.484727898,1.95706616,1622,1500,7,92,1629,1592
8476,1.884877815,0.1599923931,1736,1625,10,43,1746,1668
8477,4.456461137,2.989488683,1230,1116,2,56,1232,1172
8478,2.403021601,0.3108955268,1800,1749,12,56,1812,1805
8479,3.145322232,2.99539135,829,735,0,32,829,767
8480,4.808266318,1.836042299,948,831,6,42,954,873
8481,3.938928289,2.132843027,1047,884,4,47,1051,931
8482,4.015024382,1.811080113,1155,1041,5,51,1160,1092
8483,4.02283613,1.74188214,924,857,0,45,924,902
8484,3.17027503,2.816999218,1782,1717,8,91,1790,1808
8485,3.976377125,0.07467386524,1153,1048,4,34,1157,1082
8486,3.45292122,2.465712724,926,785,4,34,930,819
8487,3.703262371,1.315451914,659,652,2,32,661,684
8488,4.479465462,2.664536528,903,855,3,58,906,913
8489,2.882484114,1.988279677,658,649,2,42,660,691
8490,3.508732324,0.5321290273,1184,1123,4,43,1188,1166
8491,1.810955964,1.235529754,822,728,6,34,828,762
8492,1.434624358,2.365502641,1098,991,5,55,1103,1046
8493,4.633712241,1.733184247,1416,1271,4,65,1420,1336
8494,2.501145123,1.741799016,1400,1297,7,57,1407,1354
8495,3.221643678,1.542936035,1249,1114,6,54,1255,1168
8496,1.782430667,1.221714002,1803,1703,13,68,1816,1771
8497,4.873848418,2.724018442,806,736,4,48,810,784
8498,2.397133348,2.265307868,763,797,5,34,768,831
8499,1.771145697,2.680963192,695,610,0,33,695,643
8500,2.768142674,2.809196521,1118,976,3,43,1121,1019
8501,3.951653717,0.02301976074,1799,1711,10,44,1809,1755
8502,2.698101903,1.581373224,1167,1069,4,55,1171,1124
8503,3.594841717,0.1733136121,979,977,5,25,984,1002
8504,2.975632214,0.9437703318,1141,1033,7,61,1148,1094
8505,2.777130455,0.1213009498,1299,1180,4,29,1303,1209
8506,3.67469727,0.8225565085,1384,1318,5,47,1389,1365
8507,4.564819928,0.4208495912,1020,954,4,49,1024,1003
8508,3.17428296,0.4476349032,925,855,3,36,928,891
8509,2.058126347,2.103073675,1692,1566,4,70,1696,1636
8510,3.018820342,0.3277113225,1404,1243,7,39,1411,1282
8511,4.383433999,0.2735081193,1499,1360,3,55,1502,1415
8512,3.361572057,0.7524135476,1372,1246,7,55,1379,1301
8513,4.687073196,0.6999932635,1197,1207,4,30,1201,1237
8514,3.548363132,0.8542460441,1816,1685,7,76,1823,1761
8515,4.526047882,1.735943612,1405,1272,9,67,1414,1339
8516,4.470366448,0.05734035193,1520,1424,4,41,1524,1465
8517,1.929410721,1.680480413,1723,1639,7,71,1730,1710
8518,1.863590106,0.3364254884,1576,1453,8,61,1584,1514
8519,2.206610754,2.737143923,1000,963,4,36,1004,999
8520,3.131629575,1.926575004,1111,1052,4,47,1115,1099
8521,3.996686485,1.331838105,1703,1569,8,68,1711,1637
8522,3.896557746,0.6264705325,1370,1253,5,48,1375,1301
8523,1.795501244,1.244656932,1559,1515,6,62,1565,1577
8524,3.364710369,2.603107337,1497,1351,3,82,1500,1433
8525,3.616594624,1.503555381,1355,1217,8,52,1363,1269
8526,4.914321719,1.621472521,1185,1022,5,49,1190,1071
8527,1.185628768,1.186851194,778,738,4,25,782,763
8528,3.408029315,0.4661330194,1278,1136,4,38,1282,1174
8529,3.748567621,0.05864509108,1402,1288,1,39,1403,1327
8530,4.792887847,2.403153917,1621,1513,4,76,1625,1589
8531,1.975039698,0.9150499091,1251,1168,3,32,1254,1200
8532,3.925573214,0.9615530685,1344,1213,6,63,1350,1276
8533,2.363374917,0.3564427117,1532,1513,3,37,1535,1550
8534,1.298031705,0.3247377086,1658,1471,9,46,1667,1517
8535,3.874595886,2.540984208,1379,1225,6,74,1385,1299
8536,3.518059365,0.7574227548,1501,1370,10,67,1511,1437
8537,1.332321601,2.705821848,1060,970,11,41,1071,1011
8538,1.858152468,2.908646593,1884,1628,9,80,1893,1708
8539,3.632639799,0.5819143804,1809,1720,5,68,1814,1788
8540,3.13453807,1.510721939,1811,1678,5,83,1816,1761
8541,4.153019333,1.014554944,1136,1144,3,50,1139,1194
8542,4.263672241,2.623335582,708,594,2,33,710,627
8543,4.514727798,1.744711223,694,600,1,30,695,630
8544,4.329015032,1.117297044,1083,967,8,39,1091,1006
8545,4.645055875,1.558488507,1332,1286,5,64,1337,1350
8546,2.207999938,2.524586088,1613,1468,7,77,1620,1545
8547,4.134515893,2.273009735,1280,1123,4,67,1284,1190
8548,1.798945436,2.129833837,1219,1172,3,52,1222,1224
8549,3.079090227,2.997446621,902,833,4,45,906,878
8550,4.581023066,2.731372557,662,611,6,39,668,650
8551,2.662893729,0.3265512969,1240,1174,4,38,1244,1212
8552,4.506052445,0.7395271213,1818,1673,7,62,1825,1735
8553,3.397025454,0.07102210774,1182,1054,3,36,1185,1090
8554,4.92676572,2.723349235,773,734,3,48,776,782
8555,3.659673386,1.649831245,1362,1246,8,58,1370,1304
8556,1.347518675,2.872092575,686,628,3,24,689,652
8557,2.545329044,2.586805171,1645,1484,2,78,1647,1562
8558,1.455553888,0.6958520804,692,638,5,20,697,658
8559,3.921042045,0.3078054565,1634,1581,5,67,1639,1648
8560,3.17141625,2.405897912,659,640,1,34,660,674
8561,3.964601067,1.278539582,1770,1703,3,93,1773,1796
8562,2.832606273,0.5238328075,1807,1680,8,59,1815,1739
8563,4.517969492,0.301320335,1407,1273,4,42,1411,1315
8564,4.5999706,1.995102188,1180,1022,3,50,1183,1072
8565,4.726900348,2.781828074,1176,1040,2,53,1178,1093
8566,2.13219115,0.328266902,1341,1257,5,41,1346,1298
8567,1.057858836,2.164019069,815,722,4,27,819,749
8568,3.790606788,1.874823233,724,622,0,26,724,648
8569,2.613036314,2.715575966,1244,1180,5,47,1249,1227
8570,3.826579208,2.006055883,1010,909,5,53,1015,962
8571,4.946780816,1.822804838,1040,919,8,46,1048,965
8572,2.843813451,0.9691331586,1252,1169,9,53,1261,1222
8573,4.657993665,0.9101063094,1375,1260,6,61,1381,1321
8574,3.965229758,1.839764211,1622,1431,4,75,1626,1506
8575,2.902652409,2.514575812,699,654,1,26,700,680
8576,4.807795722,0.4819097959,931,890,5,30,936,920
8577,3.41313086,2.259504624,1077,1028,7,37,1084,1065
8578,2.780277815,2.37999374,936,820,3,51,939,871
8579,3.276102554,2.8927445,1587,1377,5,75,1592,1452
8580,2.640211674,0.8593225692,1815,1748,7,62,1822,1810
8581,3.914141515,0.3241316075,922,852,4,30,926,882
8582,1.948643458,1.059789624,929,823,3,30,932,853
8583,4.102774733,1.473772172,1695,1611,7,84,1702,1695
8584,3.725192519,0.1825955957,681,679,3,33,684,712
8585,1.391084391,2.398450532,1300,1134,5,46,1305,1180
8586,4.873109125,0.34432569,1287,1217,10,65,1297,1282
8587,1.653882249,0.5268784986,1636,1494,6,45,1642,1539
8588,4.721073347,1.260533315,661,639,0,21,661,660
8589,2.239763087,0.4941404281,1495,1361,9,51,1504,1412
8590,1.15635122,1.543734244,1840,1708,9,64,1849,1772
8591,2.092327284,1.658862909,1138,1059,3,46,1141,1105
8592,4.96698326,0.5679099303,794,738,4,33,798,771
8593,4.453778176,1.345942827,813,736,4,32,817,768
8594,3.339202721,0.4363507414,909,829,6,27,915,856
8595,2.322450649,0.4960537777,1455,1424,7,46,1462,1470
8596,1.882215108,0.8610894503,990,1013,4,34,994,1047
8597,4.725525115,2.388715308,1598,1466,5,80,1603,1546
8598,2.076409994,0.3201442298,993,978,3,32,996,1010
8599,4.146188927,0.5440228584,1546,1402,5,56,1551,1458
8600,4.42809594,1.934950226,1688,1547,13,77,1701,1624
8601,2.36370013,2.507171607,1540,1446,5,84,1545,1530
8602,2.406169216,2.196344039,1654,1512,6,65,1660,1577
8603,3.531078736,2.637647903,1729,1544,8,93,1737,1637
8604,2.840091139,0.7446393061,704,656,2,19,706,675
8605,2.337725412,1.64548626,836,832,7,34,843,866
8606,1.673947022,2.22871297,891,878,5,32,896,910
8607,2.693158157,1.066227384,1621,1483,4,58,1625,1541
8608,4.798895044,0.9110528082,1251,1190,2,59,1253,1249
8609,3.477527511,1.151765602,1587,1528,7,69,1594,1597
8610,4.596563054,2.28101304,1339,1225,4,53,1343,1278
8611,2.834674457,1.979909905,1796,1645,6,72,1802,1717
8612,4.545723694,1.187277834,1791,1685,7,83,1798,1768
8613,2.953809484,1.425813515,744,646,4,22,748,668
8614,3.066488593,1.008915164,1666,1475,7,56,1673,1531
8615,1.919630666,1.297977224,1153,1027,5,47,1158,1074
8616,1.13418482,2.434407169,1019,960,4,33,1023,993
8617,2.20155698,0.7594192224,698,632,3,18,701,650
8618,4.062120923,1.00882492,830,735,2,41,832,776
8619,3.101139016,2.047611149,918,851,1,45,919,896
8620,2.697645099,1.722680804,654,617,1,29,655,646
8621,4.974522294,0.8463629505,618,585,3,29,621,614
8622,4.042217667,2.690745056,923,836,4,40,927,876
8623,3.190656405,1.481331966,1240,1225,6,53,1246,1278
8624,1.755839496,0.03125573716,1589,1561,9,35,1598,1596
8625,3.995966263,2.672437329,1720,1495,7,89,1727,1584
8626,4.697226606,0.8373689448,1170,1028,4,47,1174,1075
8627,4.929155553,0.6368876515,666,600,1,36,667,636
8628,1.442339242,1.88385397,1032,1011,4,38,1036,1049
8629,1.488399653,1.773133384,1609,1428,6,64,1615,1492
8630,3.880751447,2.155121874,796,705,4,40,800,745
8631,1.996002308,1.959342114,688,644,7,21,695,665
8632,1.660953457,0.4205767784,1436,1386,4,54,1440,1440
8633,1.878473296,0.5975669498,1039,949,10,27,1049,976
8634,1.427974466,1.229623698,1321,1262,6,41,1327,1303
8635,2.975149265,2.790605753,1370,1203,6,64,1376,1267
8636,4.914618167,0.1459284731,1658,1560,7,64,1665,1624
8637,1.778912616,0.5925286402,695,625,0,11,695,636
8638,3.322511103,0.7949049301,1430,1351,9,64,1439,1415
8639,4.914799795,1.638355415,1078,939,1,55,1079,994
8640,2.612311013,1.673780153,843,664,3,48,846,712
8641,3.333162542,0.5286055656,1378,1239,9,51,1387,1290
8642,3.998477997,0.1592675175,943,836,3,29,946,865
8643,2.212822306,0.1035680197,1775,1565,7,48,1782,1613
8644,1.165157658,0.6731276226,1460,1376,6,44,1466,1420
8645,4.830868597,2.077826389,1050,903,4,47,1054,950
8646,3.59221821,1.98575607,1566,1411,8,79,1574,1490
8647,1.635218858,2.441836273,874,839,1,53,875,892
8648,3.397336362,0.2133615258,1409,1308,5,47,1414,1355
8649,1.526844969,0.6223111566,1808,1654,4,55,1812,1709
8650,3.125047378,0.4691123461,1128,1023,3,34,1131,1057
8651,1.03256554,1.446951671,1688,1555,10,44,1698,1599
8652,1.139411249,2.147287643,1723,1584,8,57,1731,1641
8653,4.233716613,1.572011183,933,847,5,34,938,881
8654,1.463451616,1.590539506,1369,1220,5,31,1374,1251
8655,4.763627852,1.285411482,1031,898,7,42,1038,940
8656,2.064366468,0.4655731064,1784,1608,9,63,1793,1671
8657,2.20267288,1.121462392,1012,886,8,34,1020,920
8658,4.578484346,0.6066130869,1718,1660,6,66,1724,1726
8659,1.283225475,2.955663737,1177,1180,8,52,1185,1232
8660,2.69054286,2.659530054,799,718,1,27,800,745
8661,2.9642731,0.3796924772,705,653,1,17,706,670
8662,2.586820449,1.825497139,890,831,4,37,894,868
8663,3.471849649,1.170714722,1062,1109,6,41,1068,1150
8664,2.173202177,0.2190967306,1016,967,7,38,1023,1005
8665,4.065701226,2.699392051,709,643,4,39,713,682
8666,3.117533168,0.3866246252,715,641,2,30,717,671
8667,3.408970626,0.6745138593,1595,1460,5,46,1600,1506
8668,4.388231042,2.814208911,894,817,2,45,896,862
8669,4.845496381,2.531143971,1172,1070,5,59,1177,1129
8670,1.322791008,1.395333237,1016,933,7,39,1023,972
8671,2.521550982,1.243578897,673,652,2,30,675,682
8672,4.827219591,1.855239984,1002,930,4,42,1006,972
8673,4.147030132,2.24777413,1547,1349,7,55,1554,1404
8674,4.929841913,1.55179218,1018,927,3,45,1021,972
8675,4.212082739,0.7729928672,671,676,0,25,671,701
8676,4.696119254,1.862676923,1367,1166,7,74,1374,1240
8677,2.691747294,1.033686451,1233,1196,4,41,1237,1237
8678,2.210317459,2.697232462,784,731,3,34,787,765
8679,2.343170686,2.700910836,906,916,6,45,912,961
8680,1.264106202,0.03570766355,1590,1473,11,36,1601,1509
8681,4.65743403,1.797829892,1261,1174,6,61,1267,1235
8682,1.923760495,1.334220972,666,614,2,22,668,636
8683,1.98510419,0.5327942766,1495,1349,6,46,1501,1395
8684,4.665127536,0.691425766,1562,1494,6,78,1568,1572
8685,3.22660408,0.4939980206,1562,1499,11,58,1573,1557
8686,1.34620923,0.5305753776,1255,1164,5,29,1260,1193
8687,2.303111678,2.460509287,1282,1132,6,50,1288,1182
8688,4.012654239,2.279421218,1249,1177,2,44,1251,1221
8689,2.633053242,2.924783253,1668,1461,5,75,1673,1536
8690,3.080401017,0.4797156533,1596,1506,9,55,1605,1561
8691,4.134743792,0.7489567866,841,666,4,33,845,699
8692,2.812991842,0.01380267196,1028,1037,7,24,1035,1061
8693,3.198484781,2.471064118,887,811,2,37,889,848
8694,1.589190212,1.626338117,1235,1153,0,40,1235,1193
8695,1.308647871,2.727039818,1489,1393,9,59,1498,1452
8696,4.986571303,1.779410948,1482,1337,3,59,1485,1396
8697,2.79501623,0.3557349337,1122,1072,8,25,1130,1097
8698,1.521911501,2.380263772,932,828,3,33,935,861
8699,2.272957914,1.313198479,1137,1055,5,37,1142,1092
8700,3.594122548,2.24196032,880,838,6,47,886,885
8701,3.330053462,1.001148449,1499,1409,2,67,1501,1476
8702,1.830423283,0.2461669717,1723,1609,3,48,1726,1657
8703,3.085368399,0.06605267523,1514,1444,6,47,1520,1491
8704,1.571490677,2.127294092,1101,1064,6,46,1107,1110
8705,4.164364125,0.2949550573,1272,1161,2,42,1274,1203
8706,3.002245163,0.9737898764,867,817,4,37,871,854
8707,3.606372289,2.55018116,934,845,3,41,937,886
8708,1.406714402,2.580363953,1486,1371,9,64,1495,1435
8709,1.551375449,1.476672063,1481,1306,6,49,1487,1355
8710,4.881802918,0.3315798446,1578,1493,9,60,1587,1553
8711,2.050649458,2.940111921,1719,1546,7,84,1726,1630
8712,1.801677968,0.9802361131,924,844,4,21,928,865
8713,2.799631399,1.356809427,1172,1068,3,51,1175,1119
8714,4.007573081,1.670379699,1759,1614,6,76,1765,1690
8715,2.442301478,1.637915473,792,740,5,26,797,766
8716,3.445074806,1.327064337,795,713,2,32,797,745
8717,2.634372854,0.4851040309,1084,989,1,33,1085,1022
8718,4.18582984,0.01715378539,1132,1009,6,28,1138,1037
8719,1.428669366,0.2397542386,1618,1499,6,40,1624,1539
8720,1.20726717,1.14915259,714,628,2,14,716,642
8721,3.593746747,0.05976869094,1235,1217,7,39,1242,1256
8722,2.38637857,1.186579876,1528,1343,8,60,1536,1403
8723,4.630884419,1.979155587,1361,1275,7,59,1368,1334
8724,2.161774683,0.5289967254,1034,923,7,29,1041,952
8725,1.916025851,1.340601924,1248,1167,8,39,1256,1206
8726,2.918608092,2.965242907,1326,1110,5,61,1331,1171
8727,3.741394162,0.5694444945,787,762,3,24,790,786
8728,3.156184649,0.4362717482,1574,1446,7,60,1581,1506
8729,3.507397244,2.485979222,915,822,3,54,918,876
8730,2.454398153,1.816713335,894,808,4,30,898,838
8731,3.808244046,2.157633012,1462,1372,4,72,1466,1444
8732,2.982000456,0.8880210554,1807,1720,5,57,1812,1777
8733,3.241873832,1.765470539,1305,1163,5,45,1310,1208
8734,4.098180823,1.187092765,1801,1691,6,80,1807,1771
8735,1.527053617,2.20416115,1244,1141,8,44,1252,1185
8736,3.456188078,1.803807292,751,637,8,24,759,661
8737,3.192430885,0.919365056,979,948,5,26,984,974
8738,1.109168716,0.05648391153,1651,1538,12,35,1663,1573
8739,3.776713896,1.138226402,1535,1398,3,56,1538,1454
8740,2.072734661,1.796891927,720,660,1,29,721,689
8741,2.464483768,0.5822527827,1345,1210,7,55,1352,1265
8742,4.15409086,0.8449746392,1476,1399,8,56,1484,1455
8743,1.595940234,0.9015552845,1742,1643,12,61,1754,1704
8744,3.563309046,0.0667545359,761,685,4,27,765,712
8745,4.345292544,0.3420642527,1006,934,8,30,1014,964
8746,4.854825596,0.8547548957,721,592,3,26,724,618
8747,2.402129153,1.983817032,1147,1012,5,49,1152,1061
8748,1.001641549,2.106152144,1510,1457,8,63,1518,1520
8749,1.204489045,0.3864904737,1598,1502,7,36,1605,1538
8750,2.831506883,0.09967334069,1232,1170,5,30,1237,1200
8751,1.460374028,1.651408726,1156,1015,3,46,1159,1061
8752,1.803045808,2.185108005,1762,1585,7,62,1769,1647
8753,2.416262116,2.90791703,822,744,6,39,828,783
8754,3.053043642,0.07059306676,881,799,4,24,885,823
8755,2.135996581,0.08289959967,1842,1695,5,64,1847,1759
8756,4.894888937,1.78318435,1718,1561,8,84,1726,1645
8757,3.45506549,2.502248258,1621,1467,10,88,1631,1555
8758,3.188613998,0.9486184456,1134,970,7,61,1141,1031
8759,2.317749067,0.4140545953,1313,1295,3,47,1316,1342
8760,3.942182589,2.980206791,1636,1595,3,101,1639,1696
8761,4.019256911,1.462211858,771,749,2,36,773,785
8762,4.808712966,2.060790911,1036,982,7,48,1043,1030
8763,4.160986793,2.330764518,1709,1510,5,89,1714,1599
8764,2.707226922,0.9919475025,942,862,7,38,949,900
8765,1.023608431,0.8198417407,1052,920,6,30,1058,950
8766,3.456217908,0.8171877683,1085,1070,9,37,1094,1107
8767,1.902589768,1.818346908,681,660,3,30,684,690
8768,2.102401127,2.166133687,1141,1003,4,37,1145,1040
8769,1.913126437,2.489663961,1165,1076,6,52,1171,1128
8770,4.853321713,1.197974041,688,649,1,31,689,680
8771,3.904067488,0.148808207,1243,1152,4,41,1247,1193
8772,1.894007206,2.99273248,1513,1388,4,59,1517,1447
8773,2.452618869,0.02333246982,802,790,5,23,807,813
8774,1.054958566,0.008341422541,1158,1094,11,24,1169,1118
8775,2.254255706,1.757704121,1157,1055,3,47,1160,1102
8776,2.669307574,0.1053994482,1327,1174,5,36,1332,1210
8777,3.42320259,0.01738817732,1376,1265,9,32,1385,1297
8778,2.354008193,1.919594634,1522,1442,6,62,1528,1504
8779,2.51854652,2.818915744,850,823,4,50,854,873
8780,2.154815201,2.997988397,1018,950,5,46,1023,996
8781,2.469791959,1.583756479,904,828,9,41,913,869
8782,4.599103893,2.65802469,1552,1518,4,80,1556,1598
8783,4.459346204,2.947571524,789,704,4,50,793,754
8784,3.625119919,1.987672422,1047,917,3,51,1050,968
8785,4.598939395,1.154141349,1215,1147,9,55,1224,1202
8786,2.360345897,1.054137234,1255,1183,5,47,1260,1230
8787,1.54413746,2.303472087,1155,995,4,40,1159,1035
8788,1.593136104,2.780178808,1348,1291,2,55,1350,1346
8789,3.786014024,1.733236376,1824,1697,8,83,1832,1780
8790,2.331464502,1.509022851,1008,936,1,39,1009,975
8791,3.561768059,1.2779841,1585,1460,12,70,1597,1530
8792,4.333788171,0.8283416343,1174,1028,3,45,1177,1073
8793,4.585983946,1.06772739,854,784,3,30,857,814
8794,2.092176534,1.100766801,1062,901,2,39,1064,940
8795,2.624619966,0.576592285,1134,1106,5,40,1139,1146
8796,1.579738412,1.065552809,1006,986,5,28,1011,1014
8797,4.137521009,0.1412760966,1176,1053,8,34,1184,1087
8798,2.021210262,2.257511261,1733,1587,6,83,1739,1670
8799,3.019430855,1.131878458,890,865,5,40,895,905
8800,3.647570163,2.399251588,1636,1477,8,76,1644,1553
8801,3.64001091,1.12746744,688,643,2,26,690,669
8802,4.380809388,0.2981388891,1404,1297,7,55,1411,1352
8803,4.212673424,2.964780788,803,714,5,45,808,759
8804,1.730430476,0.9245119406,1129,1092,1,42,1130,1134
8805,4.128505906,1.74741974,678,607,5,28,683,635
8806,2.295119464,2.208084041,836,777,3,45,839,822
8807,1.129673434,1.391539462,1742,1607,14,56,1756,1663
8808,3.686243843,2.383368236,1413,1228,5,64,1418,1292
8809,4.131466579,2.160985362,1587,1477,4,83,1591,1560
8810,2.762413483,0.2140535877,1770,1659,8,39,1778,1698
8811,1.409003913,2.231223975,696,685,3,23,699,708
8812,1.900972448,2.51403291,1144,1075,4,41,1148,1116
8813,1.91136934,2.110099747,979,816,2,43,981,859
8814,3.713619712,1.048306994,1444,1348,10,45,1454,1393
8815,4.711566951,0.126904848,1111,1020,3,35,1114,1055
8816,4.084587385,2.153186812,1421,1334,8,68,1429,1402
8817,1.597017514,1.224437845,703,664,2,18,705,682
8818,4.858799694,2.74629093,924,787,1,48,925,835
8819,3.762730322,1.280045805,805,746,4,36,809,782
8820,4.972664855,1.731733415,795,747,3,46,798,793
8821,1.227531886,0.1036205519,739,725,4,25,743,750
8822,2.781075108,1.567224574,1017,893,3,49,1020,942
8823,2.062588246,1.686877559,1477,1382,6,66,1483,1448
8824,3.412173008,1.244029932,1624,1500,13,55,1637,1555
8825,2.778443062,0.5324984738,1161,1048,6,39,1167,1087
8826,4.213026994,1.631679957,1025,952,4,39,1029,991
8827,3.020515142,1.055566789,1123,1069,7,46,1130,1115
8828,3.201639211,0.3440817335,1390,1280,5,50,1395,1330
8829,4.914021414,2.805682652,1708,1558,6,81,1714,1639
8830,1.833388057,2.322506079,1128,1038,2,47,1130,1085
8831,1.039017627,2.679654756,1632,1464,12,58,1644,1522
8832,2.005230743,1.882609366,678,616,7,26,685,642
8833,2.103608144,1.909877245,1481,1376,5,62,1486,1438
8834,4.070083092,2.512655658,1388,1208,4,58,1392,1266
8835,4.392838642,1.818164218,922,842,3,49,925,891
8836,2.215424089,2.752588364,892,824,6,46,898,870
8837,1.427972397,0.8913856495,705,615,0,27,705,642
8838,1.228651096,2.716909219,1038,945,4,36,1042,981
8839,3.1404118,2.014229729,1468,1386,9,69,1477,1455
8840,4.856600262,2.146097006,1168,1045,4,54,1172,1099
8841,4.928008927,2.840477986,1482,1284,7,89,1489,1373
8842,4.022735175,0.552288011,1150,1046,6,37,1156,1083
8843,4.538474461,2.698521648,926,823,3,51,929,874
8844,4.891565392,0.2176124804,1285,1191,4,41,1289,1232
8845,2.733277565,2.193234128,1920,1661,6,72,1926,1733
8846,4.156731501,2.654401119,1735,1562,8,97,1743,1659
8847,2.777333822,1.672821428,1416,1381,4,50,1420,1431
8848,4.227945485,2.333896862,654,668,3,32,657,700
8849,4.842457996,0.3436363805,1827,1651,6,66,1833,1717
8850,3.649580038,2.071094579,955,829,4,42,959,871
8851,4.696907165,0.6907226591,1025,926,2,37,1027,963
8852,4.24558486,1.567338029,1101,1041,4,48,1105,1089
8853,3.371040906,2.615588513,928,844,2,43,930,887
8854,3.309035354,2.152449302,1129,1028,6,50,1135,1078
8855,4.27330255,0.08015192802,885,774,3,26,888,800
8856,3.44501695,2.147437395,1488,1338,7,82,1495,1420
8857,4.102501475,0.7682338672,1761,1662,5,77,1766,1739
8858,3.649997494,2.707099278,1610,1446,10,72,1620,1518
8859,2.53317426,2.584554589,1243,1097,9,61,1252,1158
8860,1.825748507,0.8251537402,1855,1717,8,62,1863,1779
8861,4.841268509,1.3097215,801,735,4,29,805,764
8862,1.532917206,0.4338312125,1150,1066,5,23,1155,1089
8863,1.387218142,2.255648113,1780,1686,8,72,1788,1758
8864,4.201184313,1.365541381,1618,1479,5,65,1623,1544
8865,2.969544886,2.687953263,761,584,1,37,762,621
8866,1.163257399,2.039089614,1442,1332,9,53,1451,1385
8867,3.462329774,0.08082537054,799,773,5,29,804,802
8868,4.410143024,1.476807013,1173,1013,7,48,1180,1061
8869,2.971261541,2.376884159,1244,1200,3,45,1247,1245
8870,4.281799133,2.730868035,882,845,5,59,887,904
8871,3.012897925,2.373303125,1629,1440,5,75,1634,1515
8872,4.76432947,2.769334663,1478,1319,4,84,1482,1403
8873,4.845685517,0.1582917955,973,830,3,28,976,858
8874,4.92627158,1.433157775,805,699,0,37,805,736
8875,3.87762527,1.434337539,1727,1588,10,93,1737,1681
8876,3.716509098,1.179628824,1687,1599,4,53,1691,1652
8877,1.792494093,1.156588007,1000,990,4,33,1004,1023
8878,3.847294419,2.671620623,1901,1678,13,80,1914,1758
8879,1.589786322,2.03534704,1456,1359,6,56,1462,1415
8880,1.871933701,1.191070617,1374,1324,9,42,1383,1366
8881,3.64144654,0.8820708325,711,625,2,27,713,652
8882,1.606316692,0.5017532378,1135,1031,3,31,1138,1062
8883,4.228023948,1.381155812,1364,1244,9,53,1373,1297
8884,2.781315445,2.788545271,1650,1446,18,89,1668,1535
8885,4.473420209,1.475829798,824,705,5,26,829,731
8886,4.000696606,2.42637912,914,837,4,50,918,887
8887,4.820461971,0.4932989818,1470,1387,1,58,1471,1445
8888,3.375840623,1.274176483,1039,931,2,38,1041,969
8889,4.485465357,1.31561846,810,725,6,27,816,752
8890,1.773196657,2.029363707,1637,1477,10,61,1647,1538
8891,3.453646934,0.5206082586,1090,1069,4,61,1094,1130
8892,4.719652764,0.01695754435,1461,1461,3,44,1464,1505
8893,3.526109807,1.223965169,1146,1010,5,62,1151,1072
8894,1.499520919,1.494847183,1741,1636,10,66,1751,1702
8895,2.27280819,2.511514595,699,642,4,33,703,675
8896,2.01617346,1.420628515,1786,1649,13,66,1799,1715
8897,3.513404619,2.790608253,684,670,3,47,687,717
8898,1.606418372,1.686786985,1730,1552,9,58,1739,1610
8899,3.001751416,1.876913884,1820,1714,2,89,1822,1803
8900,2.191598262,1.931609508,1450,1378,7,70,1457,1448
8901,3.558530047,1.719699549,874,871,7,35,881,906
8902,4.733355657,1.340650989,780,727,5,44,785,771
8903,2.616929142,1.514709091,1604,1559,6,74,1610,1633
8904,4.501497756,1.099934694,821,734,4,40,825,774
8905,1.849928967,1.585712453,1134,1025,6,36,1140,1061
8906,1.509717391,0.9213741993,1155,1003,7,33,1162,1036
8907,2.312202631,0.1767402823,1263,1164,8,30,1271,1194
8908,2.352426822,2.439619254,1096,1036,8,61,1104,1097
8909,2.471287128,1.472191812,1660,1618,4,64,1664,1682
8910,2.233970608,0.8228962515,1244,1206,6,42,1250,1248
8911,2.062045203,0.2439829146,1331,1256,9,27,1340,1283
8912,1.685598008,2.16577658,816,701,5,33,821,734
8913,2.493211942,2.812399169,1475,1302,7,80,1482,1382
8914,1.063589558,1.254052662,1368,1236,7,34,1375,1270
8915,3.98744021,0.003802219596,1719,1577,12,42,1731,1619
8916,2.103790885,1.662056758,923,863,3,33,926,896
8917,3.894896258,2.376212015,884,833,4,63,888,896
8918,3.088556476,0.2198731357,1520,1407,5,38,1525,1445
8919,2.930385134,1.195205137,929,851,5,32,934,883
8920,2.860728732,2.476169801,1416,1243,4,55,1420,1298
8921,3.867451344,2.10889585,1632,1484,6,83,1638,1567
8922,2.558218341,1.243562969,1801,1663,9,76,1810,1739
8923,4.50019392,1.946330542,654,658,4,24,658,682
8924,4.974959136,1.178798626,819,744,5,39,824,783
8925,4.939645851,2.814694844,893,800,3,47,896,847
8926,2.223165493,2.660231158,1525,1332,6,77,1531,1409
8927,1.620203842,1.708304178,918,845,3,34,921,879
8928,3.45027652,2.23702088,1825,1628,14,70,1839,1698
8929,2.903045228,2.209301074,1279,1142,4,58,1283,1200
8930,1.315913535,0.6396544043,1755,1633,8,53,1763,1686
8931,3.429082438,0.3562882396,1378,1255,11,52,1389,1307
8932,1.625519888,2.088816086,1312,1186,3,49,1315,1235
8933,3.911206854,2.997997237,1269,1162,8,64,1277,1226
8934,3.841244639,0.04566183453,1135,1084,6,38,1141,1122
8935,2.595525875,2.710942452,1698,1556,14,71,1712,1627
8936,2.779800008,1.02200014,1216,1159,3,50,1219,1209
8937,3.126642603,2.724294603,1609,1423,7,87,1616,1510
8938,2.750847472,2.909106495,822,699,4,32,826,731
8939,2.368774075,0.2462957778,876,896,3,24,879,920
8940,3.692252947,2.221124127,1002,940,3,38,1005,978
8941,2.258031514,0.7755820696,1652,1616,5,54,1657,1670
8942,4.718835007,2.278602306,855,798,2,44,857,842
8943,1.716865422,2.728289878,1243,1112,4,62,1247,1174
8944,1.661603644,2.366383661,1652,1593,9,69,1661,1662
8945,3.371553951,0.6340867788,1716,1581,7,73,1723,1654
8946,1.392299731,1.366169255,1758,1685,11,68,1769,1753
8947,1.472561577,2.920975741,1504,1372,6,54,1510,1426
8948,4.647981156,0.4166534275,1678,1607,9,60,1687,1667
8949,1.617172468,2.069663511,1087,1047,6,44,1093,1091
8950,4.342028425,2.832030746,1152,1017,4,56,1156,1073
8951,3.426532164,2.442588494,1198,1148,6,46,1204,1194
8952,3.676517281,0.8532239195,1802,1751,7,66,1809,1817
8953,2.727651417,1.862204302,1371,1246,5,60,1376,1306
8954,3.865050687,0.6905490993,1746,1593,7,61,1753,1654
8955,1.501377834,0.1428269306,806,714,4,19,810,733
8956,4.124429554,0.7257560195,1387,1221,4,56,1391,1277
8957,2.717787616,1.256804564,1230,1169,8,48,1238,1217
8958,2.514280422,0.9978174862,1255,1185,4,55,1259,1240
8959,2.747312677,1.735257071,813,723,3,33,816,756
8960,1.13986587,0.2087030963,907,870,5,29,912,899
8961,4.098653781,0.317610283,691,653,2,22,693,675
8962,4.863918376,2.185437101,1261,1150,5,73,1266,1223
8963,1.632693567,2.717643851,1577,1482,7,65,1584,1547
8964,1.481497085,2.725297891,1569,1438,7,69,1576,1507
8965,3.454058825,0.7919939432,967,784,5,36,972,820
8966,2.58264759,0.4721544101,1395,1273,2,35,1397,1308
8967,2.429294906,2.160334977,1460,1410,2,55,1462,1465
8968,1.77350861,2.118866873,823,728,4,31,827,759
8969,2.374384109,1.829649002,1184,1076,3,51,1187,1127
8970,1.53834043,2.641429242,1740,1707,11,77,1751,1784
8971,4.057317146,2.326511569,1215,1122,7,48,1222,1170
8972,1.359436661,1.660460454,1018,932,7,31,1025,963
8973,3.722513743,1.661299721,681,634,0,31,681,665
8974,4.969226998,2.930666735,817,707,5,32,822,739
8975,2.427304342,2.619128394,876,818,4,40,880,858
8976,2.891435692,1.486244844,944,913,3,29,947,942
8977,3.860620593,1.137643467,1026,915,3,59,1029,974
8978,2.666444819,2.689771128,1845,1678,11,88,1856,1766
8979,4.749136682,1.83122907,1345,1229,2,80,1347,1309
8980,4.598771058,2.853225507,1726,1510,4,102,1730,1612
8981,2.104899455,2.778005301,902,833,3,40,905,873
8982,1.531166593,0.7717386564,1112,1057,9,38,1121,1095
8983,2.354150806,2.285599787,1167,1080,4,48,1171,1128
8984,3.423770198,1.998252065,675,579,3,38,678,617
8985,2.495311702,0.2728443399,688,598,3,21,691,619
8986,1.203001919,1.18283163,1794,1706,13,62,1807,1768
8987,1.097876327,1.739194905,1322,1279,6,38,1328,1317
8988,1.341017454,0.5872947798,1052,991,6,29,1058,1020
8989,1.095116232,1.123935518,1531,1569,10,52,1541,1621
8990,3.816739722,0.07125948403,1788,1674,3,56,1791,1730
8991,1.308079891,1.209050067,1730,1576,7,55,1737,1631
8992,1.521743532,0.199371007,1166,1047,8,30,1174,1077
8993,3.449007293,1.044985569,1501,1448,7,63,1508,1511
8994,2.624263094,2.974470802,1046,1039,3,53,1049,1092
8995,2.5400224,0.6779663478,1242,1147,5,45,1247,1192
8996,3.727489839,2.009955442,1152,1045,5,55,1157,1100
8997,2.274933793,1.355170699,1483,1332,4,62,1487,1394
8998,2.768357625,0.3525779141,1378,1282,3,40,1381,1322
8999,2.212955337,0.6799108523,1285,1145,8,38,1293,1183
9000,4.088796075,1.815806724,1307,1214,4,70,1311,1284
9001,3.373930229,2.343867792,1527,1369,9,75,1536,1444
9002,1.965377504,2.996539307,1467,1382,6,59,1473,1441
9003,3.864513747,2.536081739,1262,1151,6,68,1268,1219
9004,2.171975403,0.1949082603,1050,1016,8,28,1058,1044
9005,3.566511056,0.7706747155,1095,904,3,43,1098,947
9006,3.822349322,0.4646596624,1669,1573,9,58,1678,1631
9007,3.76048166,1.025980671,1894,1626,6,75,1900,1701
9008,4.444432177,0.7386000924,775,741,3,30,778,771
9009,4.296609744,0.7083173741,1250,1154,7,48,1257,1202
9010,1.738927493,1.484936067,1458,1319,5,65,1463,1384
9011,3.577528214,2.615760548,861,834,3,43,864,877
9012,2.122730792,1.358175357,1479,1397,8,42,1487,1439
9013,1.117379369,2.566852724,1667,1561,5,58,1672,1619
9014,4.228467477,0.3991783485,1799,1782,7,64,1806,1846
9015,2.6972464,1.058188694,1476,1334,3,46,1479,1380
9016,4.741033727,0.971261309,706,609,6,37,712,646
9017,3.84010413,1.824791012,1267,1128,5,63,1272,1191
9018,2.110559988,1.707915868,1386,1217,6,63,1392,1280
9019,4.252630782,0.558289488,944,807,3,45,947,852
9020,2.719279386,1.969146217,1362,1278,9,60,1371,1338
9021,1.872177058,0.6726108789,1710,1591,12,47,1722,1638
9022,1.73485818,0.2845058067,1676,1547,4,54,1680,1601
9023,4.610443234,1.096542553,1788,1699,9,94,1797,1793
9024,4.462657673,1.290350326,1806,1705,11,77,1817,1782
9025,3.953726343,1.856190462,1818,1616,6,80,1824,1696
9026,1.291174367,1.645751891,1255,1153,8,55,1263,1208
9027,2.475533183,2.195183367,903,897,4,38,907,935
9028,3.603118294,1.524985629,1143,1094,4,51,1147,1145
9029,1.833834981,0.8347027293,893,847,9,31,902,878
9030,2.332274025,2.885120179,1126,1081,2,56,1128,1137
9031,2.138181436,0.9782532556,1709,1495,7,65,1716,1560
9032,2.927583341,0.04721944574,1355,1321,11,34,1366,1355
9033,2.372629341,1.809892777,1374,1247,4,58,1378,1305
9034,3.443741929,1.701072614,1464,1298,2,59,1466,1357
9035,4.694292215,0.1319141446,720,623,2,18,722,641
9036,2.886912184,0.9669161817,1670,1416,11,63,1681,1479
9037,4.041009505,0.4112734274,1686,1637,11,77,1697,1714
9038,2.092450354,0.5702627378,933,873,7,30,940,903
9039,2.106063136,0.7001346109,1858,1716,9,69,1867,1785
9040,3.827750322,0.07288143652,1271,1094,6,33,1277,1127
9041,3.977966822,0.1675283273,901,802,2,30,903,832
9042,1.856299241,2.572021448,1234,1161,7,62,1241,1223
9043,3.644583409,2.58848597,941,808,6,41,947,849
9044,3.453743687,0.1001290715,1347,1325,5,50,1352,1375
9045,4.00033052,1.302665098,702,634,3,20,705,654
9046,2.901967464,1.68617141,1574,1511,10,79,1584,1590
9047,2.809633611,0.1122578152,1409,1289,11,35,1420,1324
9048,1.382843368,2.081096518,1567,1461,4,64,1571,1525
9049,4.579515024,1.861656461,1477,1265,3,74,1480,1339
9050,2.530306901,0.3627025623,1388,1307,0,36,1388,1343
9051,2.020272344,0.4575163286,1250,1134,5,31,1255,1165
9052,3.820161466,2.62606041,1427,1257,7,74,1434,1331
9053,4.240010468,0.7751214613,668,646,3,26,671,672
9054,1.966944002,0.9267283965,669,650,3,25,672,675
9055,3.79969344,0.5339824298,1486,1412,6,48,1492,1460
9056,3.772353794,0.5593376471,883,839,4,35,887,874
9057,3.711094653,1.194889975,1766,1558,7,67,1773,1625
9058,1.551820968,2.856599015,824,733,3,39,827,772
9059,2.72816058,0.7418332568,1343,1313,7,50,1350,1363
9060,3.379863537,1.569003521,1724,1571,2,80,1726,1651
9061,4.231186868,1.649459664,1128,1035,3,52,1131,1087
9062,4.467553679,1.922765899,1234,1175,4,56,1238,1231
9063,1.65619577,2.913384459,1351,1270,9,54,1360,1324
9064,4.596634529,0.238864842,1684,1655,6,75,1690,1730
9065,1.599593587,0.6550776489,1021,943,9,25,1030,968
9066,4.308783628,2.076327799,663,581,2,37,665,618
9067,2.494077677,1.641327434,1129,1039,3,48,1132,1087
9068,3.909407007,2.174382439,856,716,5,31,861,747
9069,1.71339702,0.7743469216,1800,1761,9,64,1809,1825
9070,2.845028738,1.704698596,1876,1657,8,90,1884,1747
9071,3.601373021,2.824285998,1680,1516,7,66,1687,1582
9072,2.338877358,2.974239474,1475,1348,5,62,1480,1410
9073,2.409229684,1.127844588,1358,1251,7,48,1365,1299
9074,1.481934651,0.5096382113,911,875,2,33,913,908
9075,2.790973804,0.939551845,1045,985,3,44,1048,1029
9076,4.967938192,0.2661493378,1126,1059,3,37,1129,1096
9077,1.041576772,0.9648669134,956,854,2,29,958,883
9078,1.193378777,1.429132641,1445,1327,5,46,1450,1373
9079,1.378956236,2.254640708,817,733,2,24,819,757
9080,4.295952253,0.5199570466,673,616,2,21,675,637
9081,4.85904507,0.07616602463,1007,980,6,36,1013,1016
9082,1.42620582,2.20130494,1008,983,7,38,1015,1021
9083,3.785827247,2.307388871,1134,1038,5,66,1139,1104
9084,1.268561503,2.006939371,829,687,3,40,832,727
9085,2.07955707,0.08204911846,1140,1091,1,33,1141,1124
9086,4.392886506,2.561709949,718,614,3,35,721,649
9087,3.544850929,2.04186303,1056,914,6,58,1062,972
9088,1.747656818,1.647136513,1595,1497,10,68,1605,1565
9089,1.565515462,0.4177515959,772,770,3,21,775,791
9090,3.003587219,1.462953924,1702,1593,5,80,1707,1673
9091,2.914735292,0.284654908,685,608,1,26,686,634
9092,3.901882962,1.649996057,787,706,8,35,795,741
9093,3.248050829,0.2810014456,1153,1048,6,41,1159,1089
9094,2.338967659,0.909212353,1832,1623,7,70,1839,1693
9095,1.105318877,1.234521755,1335,1256,11,37,1346,1293
9096,2.514741842,1.046045107,858,859,5,46,863,905
9097,2.435044349,1.202468516,1533,1445,7,70,1540,1515
9098,1.63082155,0.7323653677,1786,1693,12,61,1798,1754
9099,4.85671972,2.70110311,980,910,5,55,985,965
9100,2.778270366,2.652662051,1329,1271,8,58,1337,1329
9101,4.841541274,1.941282176,1281,1108,2,48,1283,1156
9102,2.015179112,0.001199382891,1484,1346,9,29,1493,1375
9103,1.467542558,0.9749012494,1236,1178,9,40,1245,1218
9104,1.693265329,0.6446014419,915,852,5,25,920,877
9105,2.37579822,2.244364326,919,825,2,41,921,866
9106,2.412285732,2.550983574,1178,1006,3,55,1181,1061
9107,2.471558583,0.5931010941,1745,1626,7,62,1752,1688
9108,3.942149708,1.322386175,1032,922,8,44,1040,966
9109,1.745126605,2.127873702,1282,1171,7,46,1289,1217
9110,4.217789057,0.6696779741,1759,1682,8,68,1767,1750
9111,2.126582872,0.03936927433,1569,1489,5,38,1574,1527
9112,2.917329284,1.159295179,1830,1661,8,59,1838,1720
9113,2.780320506,2.539233603,693,640,2,34,695,674
9114,4.347967822,2.498974151,1507,1318,4,69,1511,1387
9115,3.675983251,0.9278783345,1013,936,3,43,1016,979
9116,4.260766003,2.901248294,1557,1482,5,76,1562,1558
9117,1.613892709,0.1236262386,1296,1202,3,32,1299,1234
9118,3.117291612,0.1921028423,918,837,4,29,922,866
9119,1.260591248,2.024317856,1536,1280,4,55,1540,1335
9120,4.595947036,1.05262547,1479,1379,6,72,1485,1451
9121,1.123798643,0.493255765,1627,1460,8,44,1635,1504
9122,4.276819286,0.0801281793,1208,1195,4,44,1212,1239
9123,4.77128868,0.09058031273,1465,1375,6,42,1471,1417
9124,3.097683938,2.254779253,1262,1130,6,62,1268,1192
9125,4.817349379,0.8563940254,801,725,4,22,805,747
9126,4.727029377,2.543381959,1041,1009,8,54,1049,1063
9127,3.601834138,1.027000943,988,964,4,37,992,1001
9128,2.114100981,0.505677415,1525,1500,6,47,1531,1547
9129,4.911926006,2.224191311,1124,1022,5,64,1129,1086
9130,4.655917535,1.036567493,1396,1371,10,69,1406,1440
9131,2.062789494,2.59362895,665,611,2,40,667,651
9132,4.898228494,0.4155604771,1452,1341,3,60,1455,1401
9133,3.067801638,0.08858772304,1422,1387,9,39,1431,1426
9134,3.437166796,1.424341997,896,851,4,36,900,887
9135,1.467347277,1.200606473,943,856,9,22,952,878
9136,4.325231571,0.3575514695,1330,1259,2,57,1332,1316
9137,3.220381237,0.7057580834,1059,920,2,43,1061,963
9138,3.40189585,1.266137882,1000,960,3,37,1003,997
9139,3.415004762,0.3634513485,770,751,2,27,772,778
9140,1.355312003,1.194361096,1384,1247,7,44,1391,1291
9141,3.781308878,1.074145371,897,835,3,35,900,870
9142,3.574187261,1.416098298,1509,1365,2,82,1511,1447
9143,1.971544013,2.704639573,1375,1283,11,58,1386,1341
9144,4.375876766,1.006045277,1585,1485,12,59,1597,1544
9145,4.264460895,1.143637479,1865,1717,11,86,1876,1803
9146,1.08015306,0.134527273,717,664,5,25,722,689
9147,4.672467071,2.715714644,904,868,2,42,906,910
9148,2.030268857,0.5394771482,1264,1125,6,46,1270,1171
9149,1.830841478,0.9483006267,1787,1627,7,48,1794,1675
9150,4.327422574,2.80197916,769,736,4,53,773,789
9151,4.248306601,0.794882827,1630,1475,10,93,1640,1568
9152,1.177512092,0.5724793032,1393,1301,8,30,1401,1331
9153,3.982249015,1.506339808,1272,1136,2,64,1274,1200
9154,4.906148095,0.8066073601,1778,1650,8,83,1786,1733
9155,4.989788247,1.190553413,1414,1280,7,56,1421,1336
9156,3.14503269,1.779793472,1686,1522,5,79,1691,1601
9157,2.402139037,1.539681694,1464,1387,7,62,1471,1449
9158,2.727171491,2.235839999,1332,1208,7,58,1339,1266
9159,3.776260612,2.833418594,689,660,2,33,691,693
9160,1.505124392,0.7901578903,1049,991,6,31,1055,1022
9161,4.057574745,0.1492378744,1146,1029,3,30,1149,1059
9162,3.662280095,1.576403562,803,712,4,28,807,740
9163,3.290335887,1.59298244,1496,1363,4,75,1500,1438
9164,2.572933261,2.515472085,1693,1554,8,72,1701,1626
9165,3.122038962,2.143522489,1349,1264,3,61,1352,1325
9166,3.600273698,1.364066846,666,602,3,34,669,636
9167,2.559378224,0.04381083044,1731,1590,7,44,1738,1634
9168,1.349096157,2.175430676,1788,1715,18,75,1806,1790
9169,1.179270326,1.674748041,666,631,5,28,671,659
9170,3.690623453,1.91165225,1037,933,3,46,1040,979
9171,2.769821393,0.1153258494,1019,944,7,30,1026,974
9172,3.683678616,0.06034733728,786,673,2,18,788,691
9173,2.244473119,1.088324559,1768,1544,8,74,1776,1618
9174,2.568278614,2.986016444,917,785,4,44,921,829
9175,2.181494846,0.7806304368,1056,944,9,38,1065,982
9176,1.34114415,1.775348541,1711,1552,11,58,1722,1610
9177,1.609362186,1.04132501,1369,1306,7,55,1376,1361
9178,4.308938873,0.4220908537,1421,1298,3,42,1424,1340
9179,1.176214629,2.645031258,1494,1374,6,66,1500,1440
9180,4.94505689,1.44386569,854,858,3,41,857,899
9181,4.62286707,2.573301461,1733,1570,4,97,1737,1667
9182,3.284324667,0.1764669784,1142,1064,7,29,1149,1093
9183,2.178146491,2.441836952,1175,1128,4,64,1179,1192
9184,4.95069215,2.409035009,686,636,3,36,689,672
9185,4.053390329,1.881211996,1089,1002,2,50,1091,1052
9186,1.092564993,2.862191353,1510,1506,8,73,1518,1579
9187,4.431012244,2.573044921,656,638,2,30,658,668
9188,2.928801947,1.112959467,1461,1337,14,55,1475,1392
9189,4.104567078,2.87273983,1383,1242,7,61,1390,1303
9190,3.3212752,0.002482808602,1742,1627,15,41,1757,1668
9191,3.629771392,2.508087746,1477,1455,7,85,1484,1540
9192,2.813217797,1.73292121,995,910,6,41,1001,951
9193,1.654408224,2.366002348,1009,937,4,39,1013,976
9194,2.761924543,2.026799674,1006,961,4,38,1010,999
9195,1.407287857,2.865183771,1496,1383,8,57,1504,1440
9196,1.909343619,1.720915102,1671,1578,3,67,1674,1645
9197,3.308881652,1.491844767,1880,1699,2,81,1882,1780
9198,4.190448605,0.9515091071,999,967,3,40,1002,1007
9199,2.28484185,1.500993155,1710,1578,7,86,1717,1664
9200,3.915212583,1.766294523,943,815,5,36,948,851
9201,3.544291657,2.571644087,897,878,4,37,901,915
9202,4.266461539,0.5559249167,1097,984,7,37,1104,1021
9203,1.904482451,0.918635736,1262,1200,5,55,1267,1255
9204,1.983746588,0.7236441811,1189,1189,8,46,1197,1235
9205,2.866772415,0.2612306037,1264,1128,4,38,1268,1166
9206,2.250287101,0.07143191761,1147,1062,4,32,1151,1094
9207,1.024122349,1.967750854,932,815,1,36,933,851
9208,3.485342992,0.5341070479,1280,1227,2,40,1282,1267
9209,1.984990036,1.894965835,1743,1570,9,68,1752,1638
9210,2.44073782,0.7193637559,1341,1275,5,45,1346,1320
9211,3.591875621,1.01834218,953,800,4,31,957,831
9212,2.332447661,1.800581292,998,919,6,44,1004,963
9213,4.664285693,2.41749532,835,730,3,43,838,773
9214,3.161935605,2.0853663,648,633,1,32,649,665
9215,1.789402504,1.368830683,1015,978,5,43,1020,1021
9216,3.427397982,0.674055443,1446,1367,8,57,1454,1424
9217,2.856802507,2.222707464,1541,1384,9,62,1550,1446
9218,4.262447383,0.7611748986,1355,1221,5,48,1360,1269
9219,1.276103352,1.024487701,1573,1480,12,49,1585,1529
9220,3.388592926,2.152153549,1564,1402,8,65,1572,1467
9221,2.938188426,1.639976339,1031,948,4,46,1035,994
9222,4.417568874,2.183377689,1484,1357,9,71,1493,1428
9223,3.046135584,2.516918585,1355,1259,7,85,1362,1344
9224,4.847809453,2.043448102,789,700,4,32,793,732
9225,1.637859983,0.8929322667,1879,1791,10,68,1889,1859
9226,3.275751976,0.3846261027,764,717,4,26,768,743
9227,3.45211953,0.5092628626,1619,1483,7,55,1626,1538
9228,1.602000876,2.981964278,1732,1578,9,86,1741,1664
9229,1.705204076,1.818138376,1269,1157,5,48,1274,1205
9230,2.312092115,2.862738589,1858,1711,8,76,1866,1787
9231,4.397749806,2.281423462,692,610,4,33,696,643
9232,2.093327872,0.04914905087,1210,1172,9,38,1219,1210
9233,3.615049461,1.369909876,903,850,3,40,906,890
9234,4.906425144,1.042262034,679,643,3,26,682,669
9235,1.604057932,0.5307695678,1033,993,9,26,1042,1019
9236,3.545895271,2.499096363,678,626,3,35,681,661
9237,2.079539535,2.009005608,1367,1257,8,58,1375,1315
9238,3.482030635,2.992117709,1123,1034,1,59,1124,1093
9239,4.869977317,0.6662300312,1711,1501,5,61,1716,1562
9240,2.575165299,2.314047471,697,601,4,34,701,635
9241,3.012239491,0.4221383104,869,913,3,28,872,941
9242,3.049134943,1.430990769,1276,1111,7,55,1283,1166
9243,1.43576694,2.155392855,1660,1465,7,61,1667,1526
9244,2.929249607,1.550389482,1761,1687,9,100,1770,1787
9245,3.296046646,1.453065289,769,738,5,25,774,763
9246,2.929854696,0.4832580229,697,649,3,26,700,675
9247,3.234481529,0.5286941907,1677,1428,8,60,1685,1488
9248,4.34865628,1.996311973,1170,1093,1,61,1171,1154
9249,4.714675575,0.05939352507,1811,1705,7,55,1818,1760
9250,3.506151779,1.788563523,1792,1726,6,76,1798,1802
9251,3.349186362,0.3697425702,1453,1389,3,51,1456,1440
9252,4.502198066,0.3863386109,700,670,2,26,702,696
9253,2.005934502,0.7413456631,1651,1439,5,56,1656,1495
9254,3.005465907,0.9318921802,1364,1230,3,52,1367,1282
9255,4.407969827,1.696022363,1113,1026,5,51,1118,1077
9256,4.72847408,2.107891354,1700,1571,7,83,1707,1654
9257,2.539607754,1.597508385,1104,1061,3,47,1107,1108
9258,1.355777599,0.01924747755,1623,1526,14,49,1637,1575
9259,3.62988768,1.095547975,1677,1606,3,69,1680,1675
9260,3.293888877,0.6071584307,1558,1378,6,44,1564,1422
9261,1.589581861,1.862611223,1682,1521,7,71,1689,1592
9262,4.625107667,0.9068495707,1049,968,5,40,1054,1008
9263,3.282101225,1.97038896,674,611,2,23,676,634
9264,2.021003234,0.7476789039,1603,1487,7,46,1610,1533
9265,3.295015107,1.108870758,1398,1278,10,56,1408,1334
9266,4.653808363,1.870256381,900,881,2,37,902,918
9267,1.439667741,0.5983954797,1627,1458,6,49,1633,1507
9268,3.295693475,0.05294924656,1230,1161,7,38,1237,1199
9269,3.587918542,1.169059932,1734,1578,10,73,1744,1651
9270,1.438651674,2.771021881,1790,1672,9,82,1799,1754
9271,2.474194789,1.846658604,1611,1472,6,67,1617,1539
9272,3.320996318,1.893356299,1601,1460,5,84,1606,1544
9273,4.823407281,2.935795614,1668,1543,5,92,1673,1635
9274,2.182869172,1.881456393,1387,1125,8,50,1395,1175
9275,1.127345633,1.144055132,1531,1366,10,41,1541,1407
9276,3.415027466,1.252949313,1145,988,8,54,1153,1042
9277,4.564397511,0.7841252934,903,861,3,37,906,898
9278,4.520418389,2.432706705,1006,924,4,40,1010,964
9279,1.88865231,2.315996798,1052,948,3,41,1055,989
9280,1.274223898,0.3739047552,664,667,5,25,669,692
9281,1.539330021,2.753258839,1458,1355,9,62,1467,1417
9282,2.938528404,1.185901121,1859,1715,7,77,1866,1792
9283,3.216790956,1.753047401,1662,1484,5,75,1667,1559
9284,3.137334448,1.10671848,1757,1680,9,68,1766,1748
9285,3.220346108,1.70616035,777,766,3,31,780,797
9286,1.279338218,1.624797655,1279,1174,9,45,1288,1219
9287,2.742488041,0.7065283162,1006,902,5,42,1011,944
9288,4.681552057,2.306332264,1002,959,3,63,1005,1022
9289,4.571179238,0.3417361767,998,945,7,30,1005,975
9290,2.300682904,2.069796494,957,891,4,42,961,933
9291,1.270018323,2.545068057,1595,1450,10,41,1605,1491
9292,3.706894074,0.4075757357,777,724,4,33,781,757
9293,1.338498623,2.851983996,691,624,5,24,696,648
9294,1.416237599,1.8298458,1245,1128,9,43,1254,1171
9295,4.223454014,2.636986847,1107,1070,5,59,1112,1129
9296,3.050243122,0.2280274903,692,627,3,27,695,654
9297,2.478650335,2.120344557,831,722,4,34,835,756
9298,4.855236205,2.018774397,1659,1561,4,90,1663,1651
9299,1.754286808,0.5474917942,1623,1518,8,47,1631,1565
9300,3.512755483,2.921861919,1367,1323,5,62,1372,1385
9301,1.846359733,0.788566008,1511,1353,9,54,1520,1407
9302,3.269265336,0.6779902285,1653,1646,6,64,1659,1710
9303,2.952385406,0.5130109712,926,850,6,35,932,885
9304,2.296023314,2.334893383,1287,1219,3,68,1290,1287
9305,3.270295952,1.204207963,1056,961,9,38,1065,999
9306,1.589664157,1.686215177,1187,1070,5,36,1192,1106
9307,2.893992423,2.955255712,1347,1232,6,69,1353,1301
9308,1.461637991,0.6532155756,1741,1561,7,62,1748,1623
9309,4.745604854,2.482375306,785,760,5,45,790,805
9310,3.836903009,2.533668702,1609,1468,7,98,1616,1566
9311,3.610417043,2.314278525,826,730,3,38,829,768
9312,2.887345654,1.662967124,941,794,6,36,947,830
9313,3.117338705,1.016888393,895,836,2,45,897,881
9314,2.70050497,1.795194238,1776,1717,12,91,1788,1808
9315,3.802292995,0.4044691644,1133,1068,4,41,1137,1109
9316,2.918481273,2.112395354,1345,1236,6,68,1351,1304
9317,4.772051655,2.28155798,763,733,1,31,764,764
9318,4.539950628,2.498869984,1694,1515,5,96,1699,1611
9319,4.183305867,1.519645608,802,770,6,43,808,813
9320,3.292391974,1.279940828,1694,1567,6,71,1700,1638
9321,1.346733304,1.139899671,1796,1711,12,62,1808,1773
9322,2.286991747,1.83358122,1496,1323,9,62,1505,1385
9323,1.327406354,1.798319884,1826,1661,10,67,1836,1728
9324,2.821346151,2.300827576,1166,992,8,48,1174,1040
9325,3.971495438,0.2725344346,1195,1057,2,42,1197,1099
9326,2.472385733,0.2797696021,801,769,1,16,802,785
9327,3.311299358,0.1221315743,1134,1046,2,32,1136,1078
9328,4.285305037,2.893542733,722,631,3,33,725,664
9329,4.259914123,1.658452563,1384,1209,2,70,1386,1279
9330,3.781421793,1.956252494,799,690,6,44,805,734
9331,3.436447336,0.2743214319,924,798,4,30,928,828
9332,2.845068838,1.15195508,1061,937,4,34,1065,971
9333,1.381677462,0.1612930834,1081,1074,7,30,1088,1104
9334,2.847876994,1.324249945,711,625,3,25,714,650
9335,2.581249103,2.330357177,1537,1338,11,67,1548,1405
9336,2.343697131,2.817335121,905,850,5,43,910,893
9337,4.086229129,0.7659756747,1480,1329,6,58,1486,1387
9338,4.387069973,2.250982985,1379,1297,3,65,1382,1362
9339,1.192835424,0.4909781725,711,674,2,18,713,692
9340,2.715422517,1.448500832,817,745,5,26,822,771
9341,4.181277716,0.3403232135,918,828,6,30,924,858
9342,1.583623032,1.789963869,1466,1349,9,50,1475,1399
9343,1.120122117,1.108760872,1630,1461,7,39,1637,1500
9344,1.234968394,2.701676198,1023,948,1,42,1024,990
9345,4.709841049,0.4650920641,1437,1437,4,61,1441,1498
9346,2.02252097,1.111450906,1611,1454,4,77,1615,1531
9347,3.31060209,2.025834403,791,746,5,22,796,768
9348,3.526906824,1.620576598,764,748,3,28,767,776
9349,3.80538598,1.585276883,651,661,2,33,653,694
9350,1.331718438,1.489001631,1788,1681,8,66,1796,1747
9351,2.574852752,0.1509346185,1487,1329,9,51,1496,1380
9352,1.331762638,2.2716397,1829,1710,12,62,1841,1772
9353,1.718759778,2.401178779,1630,1532,11,59,1641,1591
9354,2.655861313,0.7211518464,1836,1654,8,48,1844,1702
9355,2.49683808,1.418992197,1779,1676,9,70,1788,1746
9356,4.088294037,1.687294393,1249,1128,7,66,1256,1194
9357,1.742025642,2.404214145,1671,1486,2,55,1673,1541
9358,4.551480877,0.745750559,1596,1511,3,67,1599,1578
9359,1.812923233,2.294079715,1774,1626,8,78,1782,1704
9360,3.11193867,1.744136204,783,716,4,27,787,743
9361,1.301639711,2.304420514,1721,1547,10,64,1731,1611
9362,3.804000029,1.194513024,754,777,6,36,760,813
9363,2.993345082,2.680706794,1293,1149,6,58,1299,1207
9364,4.592518922,2.203541937,805,732,4,41,809,773
9365,2.593622431,0.1553544645,1066,873,3,29,1069,902
9366,2.226477644,0.3425335032,669,685,1,15,670,700
9367,3.806999198,2.452714401,1141,1079,3,61,1144,1140
9368,1.174077866,2.657208792,1251,1124,5,61,1256,1185
9369,3.363971134,2.576733957,1223,1096,7,68,1230,1164
9370,4.385480697,2.83024892,960,829,3,54,963,883
9371,3.467943286,2.952852274,906,835,4,38,910,873
9372,4.953911994,0.9459797928,1554,1470,9,70,1563,1540
9373,4.38305601,1.951597813,1122,1038,2,49,1124,1087
9374,1.650454276,0.9516315677,1693,1609,12,57,1705,1666
9375,2.161949226,0.7579335624,1482,1358,11,52,1493,1410
9376,4.051594671,2.913625384,1599,1433,5,105,1604,1538
9377,3.450989052,2.217880314,1807,1704,5,100,1812,1804
9378,1.273789054,1.89063707,1782,1687,11,71,1793,1758
9379,3.809287234,2.646761386,1888,1605,8,77,1896,1682
9380,2.040745024,1.974545273,1397,1266,5,53,1402,1319
9381,2.725371511,1.894802243,1658,1581,7,84,1665,1665
9382,4.25984887,2.768593351,1535,1359,4,82,1539,1441
9383,4.521333524,0.6778653161,818,754,6,38,824,792
9384,2.498004194,2.491643817,1012,931,2,55,1014,986
9385,2.31715676,0.5577741557,1244,1131,10,26,1254,1157
9386,1.671305565,2.654047799,1409,1238,5,52,1414,1290
9387,4.583571408,1.732790589,812,704,5,32,817,736
9388,3.465860233,2.989866244,1344,1226,6,67,1350,1293
9389,1.740182551,2.836284108,1051,965,2,44,1053,1009
9390,2.231545985,0.9732560111,1778,1674,9,78,1787,1752
9391,4.550851434,0.8693179278,1589,1436,7,61,1596,1497
9392,1.214226838,1.723437997,1481,1368,9,67,1490,1435
9393,3.922328099,2.907105266,1228,1181,10,60,1238,1241
9394,2.367921232,0.3734088258,1635,1459,8,55,1643,1514
9395,1.06741181,0.6442913414,1837,1679,11,56,1848,1735
9396,4.778280674,1.496373918,675,663,4,31,679,694
9397,4.225965983,1.181177527,1267,1162,8,54,1275,1216
9398,2.225191787,1.731193415,688,642,1,38,689,680
9399,2.502181237,2.510496112,1484,1429,7,78,1491,1507
9400,1.651339685,1.238269626,1302,1159,6,45,1308,1204
9401,4.163714715,2.595562425,674,583,5,29,679,612
9402,1.507008742,2.137432289,1284,1100,3,41,1287,1141
9403,2.282225485,0.3985782835,1560,1524,4,52,1564,1576
9404,4.44878168,0.7840126158,925,827,3,26,928,853
9405,4.259642944,2.426546842,1339,1256,3,61,1342,1317
9406,2.53390763,1.659711838,1544,1418,5,62,1549,1480
9407,1.534787676,1.472605212,902,814,2,39,904,853
9408,4.769158016,2.559352939,921,868,4,43,925,911
9409,3.060819557,1.14492513,1011,993,4,44,1015,1037
9410,2.197783486,0.6263822298,1417,1264,3,40,1420,1304
9411,2.544293239,1.754973715,1098,1079,4,42,1102,1121
9412,1.753719155,2.421487701,1092,1003,3,37,1095,1040
9413,3.134405881,1.933935564,1334,1251,6,56,1340,1307
9414,4.752144246,0.772077809,1552,1375,7,50,1559,1425
9415,2.732410914,1.47436213,636,582,2,25,638,607
9416,3.989948066,1.608538943,1145,1054,1,46,1146,1100
9417,4.618268742,2.116802378,1507,1337,4,64,1511,1401
9418,2.76583624,2.65352033,1638,1585,3,91,1641,1676
9419,3.867923282,1.655310519,948,867,5,37,953,904
9420,4.073152905,1.82984013,1137,1029,5,50,1142,1079
9421,3.440801632,1.213753421,1405,1200,7,51,1412,1251
9422,2.084181293,0.8262235952,793,778,8,28,801,806
9423,4.213047732,2.465050726,1263,1202,6,55,1269,1257
9424,2.807162192,2.748058561,1061,981,4,52,1065,1033
9425,4.014892068,2.241108196,1690,1561,7,91,1697,1652
9426,3.13001964,2.90582702,1580,1410,5,98,1585,1508
9427,4.563462295,2.039215119,1245,1137,7,70,1252,1207
9428,1.224123238,0.9021083348,1590,1423,10,49,1600,1472
9429,3.287750984,1.388615619,1718,1552,7,77,1725,1629
9430,4.039467384,1.773037053,922,827,1,37,923,864
9431,3.400652401,2.503547965,1457,1363,8,68,1465,1431
9432,4.243843325,1.703543765,1259,1149,2,54,1261,1203
9433,2.440199889,1.004904143,1825,1652,5,69,1830,1721
9434,1.741899955,1.98748104,1241,1149,4,47,1245,1196
9435,4.351891279,0.5303553993,708,601,3,24,711,625
9436,1.884611374,1.253636624,1870,1693,8,53,1878,1746
9437,2.269933897,2.956395141,1268,1136,5,44,1273,1180
9438,3.673337817,0.01450365446,883,881,4,24,887,905
9439,3.477700913,2.72150428,1472,1354,8,70,1480,1424
9440,3.222886648,1.693014619,1816,1745,9,80,1825,1825
9441,1.98924312,0.8280894659,1644,1556,8,64,1652,1620
9442,1.107863508,2.523199357,1232,1164,11,35,1243,1199
9443,1.266636772,1.598843281,1584,1414,6,58,1590,1472
9444,2.841179571,2.150606923,1850,1668,9,95,1859,1763
9445,1.966883542,0.864245595,1393,1304,11,53,1404,1357
9446,1.257487694,0.9214627086,833,784,2,16,835,800
9447,2.001906687,0.9061526544,1032,967,6,40,1038,1007
9448,1.022761833,1.725466305,1698,1539,7,58,1705,1597
9449,3.254899083,2.944750073,1282,1113,6,60,1288,1173
9450,3.335644138,2.642773768,687,619,1,33,688,652
9451,3.567825263,1.117292923,1087,969,3,42,1090,1011
9452,1.572852815,1.789104369,1011,924,4,37,1015,961
9453,1.458759209,1.99337067,1402,1244,11,53,1413,1297
9454,3.690437282,0.5900132269,1658,1539,5,69,1663,1608
9455,2.143205468,0.8343874488,1003,935,6,35,1009,970
9456,4.494834651,1.259337914,1766,1592,5,86,1771,1678
9457,3.942190367,2.125278811,713,642,1,28,714,670
9458,2.199666377,2.756355747,1560,1358,7,65,1567,1423
9459,1.693939217,0.1026662781,891,867,7,25,898,892
9460,2.69293408,0.7904643306,691,628,1,24,692,652
9461,3.03698221,0.6891982448,684,602,3,21,687,623
9462,1.594176297,1.943322493,1828,1678,12,64,1840,1742
9463,1.026734761,2.509151803,1195,1060,6,45,1201,1105
9464,3.659413268,2.119722196,799,773,2,43,801,816
9465,4.312211494,0.5549071542,777,718,4,30,781,748
9466,2.690444059,2.976829881,774,751,1,40,775,791
9467,1.719225998,0.2884788332,1090,1118,5,30,1095,1148
9468,2.86265029,2.843150901,1903,1648,10,88,1913,1736
9469,4.425040272,1.366102466,1302,1097,6,53,1308,1150
9470,3.130449108,0.5255590622,1010,956,5,39,1015,995
9471,4.109047111,2.469468754,795,723,3,35,798,758
9472,3.374561718,1.937124905,1313,1287,4,65,1317,1352
9473,2.472315257,1.202642149,922,855,4,38,926,893
9474,1.684258444,0.8841056955,1737,1642,9,72,1746,1714
9475,3.294832443,0.3470036934,1399,1261,9,53,1408,1314
9476,3.249627945,2.345294119,1477,1340,9,65,1486,1405
9477,1.472893518,2.099662769,1339,1240,9,67,1348,1307
9478,3.108533612,1.79624116,1188,1205,3,60,1191,1265
9479,2.917742701,0.3465599897,813,827,5,26,818,853
9480,2.491187317,0.3148883542,1048,989,4,29,1052,1018
9481,2.292965701,1.719609758,933,846,3,27,936,873
9482,3.145583135,0.7283419341,829,763,5,33,834,796
9483,2.003077958,0.06145430247,821,750,5,20,826,770
9484,3.027345816,2.607471989,673,610,4,36,677,646
9485,3.16750817,0.1818521093,1371,1294,5,31,1376,1325
9486,3.051973351,2.522954314,1165,1017,7,58,1172,1075
9487,1.790041938,2.832908905,1827,1664,10,82,1837,1746
9488,2.112442106,0.212029045,1467,1352,12,29,1479,1381
9489,3.160286326,2.558001761,1816,1680,9,87,1825,1767
9490,3.389470796,2.554536019,1696,1572,10,100,1706,1672
9491,4.822271142,1.431792348,986,899,4,49,990,948
9492,2.573064777,2.428976818,1446,1371,7,69,1453,1440
9493,3.196282618,1.416741615,1404,1225,3,52,1407,1277
9494,4.154505381,1.258054052,793,731,5,23,798,754
9495,2.133032955,0.8981677725,1600,1450,2,69,1602,1519
9496,2.836545146,1.431385448,1273,1193,7,53,1280,1246
9497,3.636787714,0.392899996,1434,1293,6,43,1440,1336
9498,2.536805332,1.333300886,1326,1231,5,50,1331,1281
9499,4.23560806,1.901685175,717,621,3,37,720,658
9500,2.21199847,0.8826005668,1357,1225,7,39,1364,1264
9501,4.988534197,2.827698388,1741,1669,8,98,1749,1767
9502,2.349318212,0.166353089,1697,1541,5,43,1702,1584
9503,2.203836693,1.711350831,812,791,8,36,820,827
9504,2.691428161,0.6120147562,1132,1075,6,40,1138,1115
9505,1.081733594,1.825847325,1365,1194,9,58,1374,1252
9506,4.703098847,1.005186655,1735,1618,6,63,1741,1681
9507,1.84432285,1.143871275,1488,1378,4,67,1492,1445
9508,4.09749915,1.765446596,1068,901,3,44,1071,945
9509,4.346858401,2.113809673,1135,967,4,67,1139,1034
9510,4.116555868,2.575364625,1653,1650,8,81,1661,1731
9511,1.366499403,1.805365906,1775,1633,7,71,1782,1704
9512,4.009282637,1.075854666,881,843,5,47,886,890
9513,4.886137556,2.163100432,1732,1567,7,78,1739,1645
9514,1.365645345,0.08266291388,1790,1721,9,51,1799,1772
9515,1.238989839,1.942513081,881,867,10,32,891,899
9516,4.240735991,1.734728575,1103,1092,10,58,1113,1150
9517,2.404655197,0.7435106255,1509,1338,4,48,1513,1386
9518,3.938840454,1.251909945,634,622,2,21,636,643
9519,2.779124956,1.237930802,1805,1672,5,75,1810,1747
9520,1.605873259,1.428399726,1869,1701,10,77,1879,1778
9521,2.388559877,1.867807813,773,733,2,36,775,769
9522,1.270701567,1.950053356,1748,1602,12,58,1760,1660
9523,3.635456264,0.01462767459,1615,1449,6,33,1621,1482
9524,3.767532041,0.1669005304,784,723,4,25,788,748
9525,2.453876351,1.151842027,860,762,6,29,866,791
9526,3.064431109,2.59942619,908,856,4,52,912,908
9527,2.285684544,1.806951247,694,677,3,20,697,697
9528,1.878376069,2.225490313,1242,1158,3,50,1245,1208
9529,1.777625033,2.921802934,1215,1124,6,51,1221,1175
9530,3.511911463,0.882180256,1013,926,1,39,1014,965
9531,4.342562777,2.525813957,1164,1074,6,46,1170,1120
9532,3.696144766,2.551533832,1301,1148,5,69,1306,1217
9533,2.621599564,1.940561118,804,739,6,45,810,784
9534,1.220230869,2.525350514,1482,1248,9,56,1491,1304
9535,1.59394381,2.994004591,1481,1386,10,64,1491,1450
9536,4.323365465,2.823010921,1465,1293,4,78,1469,1371
9537,2.375718797,2.039195001,680,622,1,25,681,647
9538,3.589305652,0.4867310466,1599,1538,5,67,1604,1605
9539,2.233865705,2.324285778,935,821,6,34,941,855
9540,3.274767714,0.6973752235,723,660,1,31,724,691
9541,4.516830843,1.983397032,814,718,7,40,821,758
9542,1.924575937,1.621472028,1152,1049,4,52,1156,1101
9543,3.915676024,1.249894901,1220,1076,6,42,1226,1118
9544,3.371300648,2.064080527,1024,956,5,60,1029,1016
9545,1.719024624,2.178220337,1381,1237,9,48,1390,1285
9546,2.686320815,1.389967919,1784,1569,6,73,1790,1642
9547,2.73856079,0.1968247998,1350,1261,3,40,1353,1301
9548,1.141002769,0.2330022704,1336,1345,9,37,1345,1382
9549,2.633535899,0.133303424,692,651,1,16,693,667
9550,3.099173687,1.452392091,780,701,1,28,781,729
9551,4.214482214,2.914237149,811,746,1,55,812,801
9552,1.984730691,0.4565755383,1383,1283,5,43,1388,1326
9553,4.563686482,0.9920060557,1534,1515,4,78,1538,1593
9554,2.794870794,2.392586735,727,611,2,31,729,642
9555,4.004953904,1.850664091,1249,1137,7,55,1256,1192
9556,3.041451156,1.39666272,1459,1386,9,63,1468,1449
9557,1.958221594,0.1043427417,804,788,1,24,805,812
9558,4.673796307,0.7673564652,775,725,6,28,781,753
9559,1.989712096,0.1531542302,1169,1079,3,35,1172,1114
9560,1.814598639,1.604987775,913,851,5,37,918,888
9561,4.693208995,1.17023668,1472,1348,7,63,1479,1411
9562,2.546362856,0.01713644245,1850,1762,6,42,1856,1804
9563,2.140507579,2.771003845,1406,1251,8,54,1414,1305
9564,1.350360288,1.534596188,1438,1274,5,55,1443,1329
9565,2.57325501,1.196848804,1658,1627,9,60,1667,1687
9566,2.806025055,1.726456901,803,767,2,43,805,810
9567,4.478631279,2.167479392,1751,1558,8,85,1759,1643
9568,2.125193038,0.5448778765,1028,936,2,34,1030,970
9569,3.435723933,1.662024538,820,725,3,41,823,766
9570,3.788611151,1.503617427,1579,1479,4,70,1583,1549
9571,4.86095282,0.833559117,1040,975,5,41,1045,1016
9572,1.670413429,2.283253693,662,628,4,30,666,658
9573,1.536714398,2.078382331,1619,1506,8,75,1627,1581
9574,3.828140089,2.055205892,1395,1325,6,70,1401,1395
9575,3.228728873,0.08057085555,1743,1622,6,54,1749,1676
9576,4.702269164,1.165265788,1426,1348,6,63,1432,1411
9577,3.675881346,1.013542963,1707,1575,6,85,1713,1660
9578,2.574937926,0.2832319472,1388,1240,3,52,1391,1292
9579,1.797345193,2.948212645,914,835,4,29,918,864
9580,2.599820974,1.192327515,782,707,5,33,787,740
9581,2.416995711,0.3624429936,888,895,3,21,891,916
9582,4.393532963,0.9920291225,669,694,2,33,671,727
9583,4.251612661,2.101940006,1218,1053,2,49,1220,1102
9584,2.131785516,1.127069992,1447,1327,10,50,1457,1377
9585,4.564121249,2.666769353,1746,1501,4,75,1750,1576
9586,3.177050664,0.6778916263,1431,1261,3,56,1434,1317
9587,3.115327187,0.1775219922,773,743,1,21,774,764
9588,4.36731913,0.5938895918,683,595,2,28,685,623
9589,3.442998222,2.138140485,716,596,1,33,717,629
9590,3.114053884,0.1570415843,842,737,1,28,843,765
9591,4.144234954,1.538846443,670,614,4,32,674,646
9592,2.443803951,2.613194097,1484,1351,4,69,1488,1420
9593,2.745588311,1.151336174,1163,1055,8,43,1171,1098
9594,3.367466596,2.544317546,1666,1445,3,77,1669,1522
9595,1.60004775,1.508600516,917,841,6,29,923,870
9596,4.781885617,2.511228117,790,716,1,39,791,755
9597,4.799678346,1.427577445,1013,922,3,52,1016,974
9598,4.783914124,0.8731015059,1028,915,3,35,1031,950
9599,4.824104493,1.31096,1783,1608,8,76,1791,1684
9600,3.003349245,1.133877078,698,648,7,23,705,671
9601,3.940934745,2.954727947,1038,877,4,59,1042,936
9602,4.244059169,0.9908514897,995,955,4,43,999,998
9603,1.120800431,0.8079457177,1013,946,4,31,1017,977
9604,4.224729567,1.381768749,1245,1136,7,55,1252,1191
9605,1.823591189,1.480173536,1860,1650,13,70,1873,1720
9606,4.958016226,1.689151402,912,898,3,37,915,935
9607,2.775104938,2.098699826,1817,1685,4,80,1821,1765
9608,1.073085614,2.543057851,1722,1586,13,69,1735,1655
9609,4.875823907,2.591934178,1255,1144,3,77,1258,1221
9610,3.387399504,1.162816186,837,861,4,37,841,898
9611,2.653398718,1.231788181,831,728,4,41,835,769
9612,2.253349508,0.3205589184,1680,1556,6,47,1686,1603
9613,2.181981373,0.3062009662,1816,1756,9,51,1825,1807
9614,4.535870031,0.4443279755,1247,1130,5,44,1252,1174
9615,4.133288101,1.199049194,1389,1282,7,55,1396,1337
9616,2.772360076,2.135480422,790,757,6,37,796,794
9617,1.611930279,2.487410811,1693,1555,7,81,1700,1636
9618,3.900525424,0.01729348319,1537,1496,7,53,1544,1549
9619,1.020583362,0.01654344581,915,850,6,15,921,865
9620,4.496940816,1.675791714,638,625,4,31,642,656
9621,3.712784793,0.8845819093,1022,1004,0,31,1022,1035
9622,1.825727948,1.337868767,1522,1485,3,65,1525,1550
9623,3.349309724,0.4850141843,1370,1267,5,42,1375,1309
9624,2.944328339,2.397058722,1247,1130,9,47,1256,1177
9625,4.019902989,1.436960332,1817,1701,6,85,1823,1786
9626,2.907446552,2.29991771,1780,1609,3,76,1783,1685
9627,4.633542489,0.9180175557,1622,1457,10,61,1632,1518
9628,1.332265124,0.1103940219,1755,1703,8,45,1763,1748
9629,1.137743204,1.216660363,1010,988,4,24,1014,1012
9630,4.389941843,0.7471006643,1269,1133,4,45,1273,1178
9631,3.428214282,0.4960219388,1079,1050,4,38,1083,1088
9632,4.690243268,0.2418730264,1027,957,3,41,1030,998
9633,2.245147474,1.39866517,1324,1201,7,43,1331,1244
9634,4.034718995,2.926893504,921,820,0,48,921,868
9635,3.385368884,1.626612932,1086,1067,5,64,1091,1131
9636,3.547807883,1.401661176,770,712,1,32,771,744
9637,1.887068544,1.704492323,1706,1623,10,60,1716,1683
9638,4.57669708,2.220633731,1502,1307,3,70,1505,1377
9639,1.250576158,2.123636715,1419,1333,8,61,1427,1394
9640,3.436983696,0.6372006169,1019,950,6,33,1025,983
9641,3.504773279,2.273574594,1279,1149,2,51,1281,1200
9642,2.834100736,2.749044615,1317,1261,6,65,1323,1326
9643,4.531783,0.587839589,877,862,10,39,887,901
9644,3.062628027,2.608423788,1244,1197,7,58,1251,1255
9645,4.027616855,2.744704061,1310,1231,6,66,1316,1297
9646,3.261546625,2.597980322,1704,1538,5,76,1709,1614
9647,1.891632368,0.7955051989,1824,1667,9,60,1833,1727
9648,4.885066244,1.87678649,1400,1225,4,50,1404,1275
9649,4.043750668,2.959389508,1739,1460,9,90,1748,1550
9650,2.151360172,0.0400070273,1655,1581,10,39,1665,1620
9651,2.991911747,1.765240801,988,980,5,44,993,1024
9652,1.281930787,1.255942876,1607,1459,14,57,1621,1516
9653,1.824782893,0.3400560117,764,747,6,23,770,770
9654,4.121847509,2.827937907,960,873,1,48,961,921
9655,2.519392325,0.7672182671,647,661,5,29,652,690
9656,1.806458034,0.4600088626,1019,967,3,30,1022,997
9657,2.693683852,1.769006755,1365,1311,4,54,1369,1365
9658,3.184827333,2.998538372,1337,1254,8,72,1345,1326
9659,2.485464301,1.636693082,713,616,5,28,718,644
9660,2.758399898,2.560791209,1467,1279,9,71,1476,1350
9661,2.201430817,1.737864146,1071,1114,7,47,1078,1161
9662,4.747780035,2.618579858,1316,1111,5,71,1321,1182
9663,2.632429576,1.768725922,1225,1119,7,62,1232,1181
9664,4.256941476,0.6625824001,1083,1081,5,45,1088,1126
9665,4.434805362,1.36453593,1686,1576,4,73,1690,1649
9666,4.277661023,1.936891745,1258,1176,4,50,1262,1226
9667,2.779633917,0.3439223881,1366,1215,4,38,1370,1253
9668,3.105357928,2.332364025,687,636,2,22,689,658
9669,3.027395449,2.541250031,1356,1281,6,57,1362,1338
9670,1.517709345,1.821738949,1165,1003,2,41,1167,1044
9671,1.860599385,1.233329005,955,827,3,39,958,866
9672,2.163389024,2.229262013,824,769,4,30,828,799
9673,4.7555919,0.1994481583,1134,1056,3,36,1137,1092
9674,1.071675143,1.535445483,1039,948,3,35,1042,983
9675,3.708127809,1.540308855,1048,937,5,49,1053,986
9676,2.561203262,2.216948801,1018,981,4,50,1022,1031
9677,2.648086554,2.914927233,1624,1456,6,68,1630,1524
9678,3.603086253,0.7210382239,1517,1351,7,64,1524,1415
9679,4.887194897,1.187166516,1233,1075,6,69,1239,1144
9680,2.649931632,1.775170372,891,880,0,47,891,927
9681,3.796680287,1.625495912,794,700,1,36,795,736
9682,2.173033441,0.236079807,1074,974,4,33,1078,1007
9683,1.649508721,2.241279396,825,737,3,36,828,773
9684,1.424728752,2.087608722,960,855,3,30,963,885
9685,4.225129611,1.510786944,1773,1666,13,93,1786,1759
9686,4.550340604,0.4544665456,781,721,2,37,783,758
9687,3.152120528,1.616633739,1763,1579,8,81,1771,1660
9688,2.913965491,1.134085554,1027,964,8,33,1035,997
9689,3.924427708,0.514187291,1040,931,2,47,1042,978
9690,3.200510003,0.662119081,1388,1281,8,36,1396,1317
9691,1.688330866,2.734071215,987,945,6,35,993,980
9692,3.760701788,1.005756766,680,633,4,28,684,661
9693,3.773776669,0.117365234,767,744,3,21,770,765
9694,2.975253104,1.458545917,936,820,7,43,943,863
9695,1.482212586,0.9373646221,1564,1537,11,48,1575,1585
9696,4.857002014,0.5242243507,1021,995,4,29,1025,1024
9697,3.695281234,2.452625721,1488,1373,9,67,1497,1440
9698,3.933822274,1.27497695,1496,1344,11,63,1507,1407
9699,2.187422138,1.691044282,1206,983,6,48,1212,1031
9700,1.155357313,0.1082789131,993,953,4,23,997,976
9701,3.848044823,1.403386915,1640,1421,6,73,1646,1494
9702,2.746872004,1.611462173,1262,1179,6,53,1268,1232
9703,4.000495138,2.817939143,778,796,5,44,783,840
9704,4.449885337,1.877481449,1607,1431,4,73,1611,1504
9705,3.93458363,1.735735775,1118,1085,5,42,1123,1127
9706,1.044938783,1.102448016,1069,935,10,28,1079,963
9707,4.439945193,2.321726412,1580,1489,3,84,1583,1573
9708,3.447120975,0.676058111,801,734,0,33,801,767
9709,2.698953273,0.9400754799,766,729,3,23,769,752
9710,3.645334672,0.4711795205,1864,1663,4,59,1868,1722
9711,1.62093046,0.8346590941,1435,1383,11,40,1446,1423
9712,1.902536431,2.950983286,1707,1590,8,69,1715,1659
9713,1.637574519,1.805994698,1805,1661,8,64,1813,1725
9714,1.603432387,1.636795416,1371,1245,5,52,1376,1297
9715,4.030663715,1.956655496,1846,1661,8,79,1854,1740
9716,3.136994883,1.169895683,758,734,2,31,760,765
9717,1.341830718,0.002547472328,1223,1151,11,16,1234,1167
9718,4.596278997,2.974022769,655,596,4,35,659,631
9719,4.469711551,0.7072343487,1609,1476,8,59,1617,1535
9720,4.460357567,2.980695704,1496,1337,4,81,1500,1418
9721,3.119769859,0.7382289215,1728,1563,9,59,1737,1622
9722,1.008451502,2.260344054,698,618,4,28,702,646
9723,3.130006133,0.5486742145,1191,1080,5,40,1196,1120
9724,3.525064676,1.821822243,1742,1560,4,79,1746,1639
9725,4.205619811,2.711037726,1069,977,4,59,1073,1036
9726,3.458042477,2.723258205,1011,885,3,46,1014,931
9727,3.798014967,0.5713327951,686,638,1,23,687,661
9728,2.423947893,0.5913408625,687,631,1,24,688,655
9729,2.19115326,0.7609620028,687,664,6,26,693,690
9730,3.149703402,0.7729860309,1421,1310,5,54,1426,1364
9731,4.643984514,2.338522786,857,727,1,44,858,771
9732,1.520333709,0.5136404848,1497,1354,4,40,1501,1394
9733,1.708646204,1.533279433,1357,1271,4,53,1361,1324
9734,3.407174993,1.813389908,1005,943,3,43,1008,986
9735,4.675453211,1.329103416,1717,1483,9,79,1726,1562
9736,4.255823289,0.2423081683,1016,941,5,29,1021,970
9737,3.076319312,1.973081918,1161,1080,5,49,1166,1129
9738,3.529638451,0.04415180975,1249,1188,3,36,1252,1224
9739,1.289701035,2.658747348,1587,1487,6,65,1593,1552
9740,3.726985481,1.555385409,1779,1644,11,70,1790,1714
9741,3.739131394,2.449260199,1375,1273,4,58,1379,1331
9742,4.230467715,2.265685038,1443,1371,4,75,1447,1446
9743,3.736487388,1.821372578,1628,1450,11,73,1639,1523
9744,2.185648545,1.474081772,1869,1685,7,63,1876,1748
9745,2.595911885,2.086036441,1468,1338,8,68,1476,1406
9746,3.600449638,1.602588131,637,654,4,31,641,685
9747,2.583813439,0.9935438816,1821,1701,10,53,1831,1754
9748,3.148199568,0.4379921882,1591,1569,1,48,1592,1617
9749,4.563356656,2.259950782,1181,1007,4,53,1185,1060
9750,2.463543267,2.469844929,1550,1441,6,78,1556,1519
9751,2.326157463,2.561182352,1362,1230,3,72,1365,1302
9752,1.612613149,1.267403287,1790,1651,9,64,1799,1715
9753,3.797800416,1.129416105,1179,1078,5,56,1184,1134
9754,1.659099179,1.175788857,1358,1243,8,64,1366,1307
9755,4.025036494,2.175250946,1330,1254,5,64,1335,1318
9756,4.530426722,1.988769122,1838,1656,8,108,1846,1764
9757,2.393901931,2.008458138,1019,948,6,39,1025,987
9758,2.337524648,0.2809404278,1440,1381,11,48,1451,1429
9759,3.012483578,1.996439768,1818,1680,9,89,1827,1769
9760,4.190611317,0.1754231262,1368,1326,8,39,1376,1365
9761,3.556257259,0.09893915129,799,751,1,18,800,769
9762,4.945242507,0.9346263804,995,924,3,46,998,970
9763,2.025194522,2.074208678,1049,970,4,47,1053,1017
9764,1.097627843,2.519972278,1707,1587,5,51,1712,1638
9765,2.901216741,2.652325415,1295,1238,9,70,1304,1308
9766,3.910952258,0.6854130052,1430,1261,3,53,1433,1314
9767,1.913157273,2.997419402,930,812,4,32,934,844
9768,1.534228445,2.528506807,1431,1328,8,50,1439,1378
9769,1.347206783,2.550012857,761,720,1,33,762,753
9770,4.721642839,1.162413547,1621,1446,5,64,1626,1510
9771,1.988739856,1.107062526,1816,1696,14,61,1830,1757
9772,4.20718825,0.07977382697,828,766,3,33,831,799
9773,4.030116429,2.969620007,1779,1683,5,98,1784,1781
9774,1.07504606,0.3935833195,1149,1041,3,22,1152,1063
9775,4.930811764,1.543613355,1157,1045,6,65,1163,1110
9776,4.113707106,1.830034231,917,801,2,47,919,848
9777,4.183116459,0.9729539451,1068,974,3,31,1071,1005
9778,1.67805841,2.399607298,1780,1652,9,73,1789,1725
9779,2.23810003,1.455996071,1824,1666,10,77,1834,1743
9780,4.968206695,1.078731364,1468,1388,7,54,1475,1442
9781,1.233890883,1.059684866,1797,1645,10,54,1807,1699
9782,4.853363679,0.7912467766,1499,1336,8,66,1507,1402
9783,4.861286157,0.09731977054,1140,1097,7,36,1147,1133
9784,3.884969571,1.16908708,1530,1379,5,56,1535,1435
9785,4.232766001,2.95235609,1369,1200,7,60,1376,1260
9786,2.392056056,1.9355648,1876,1697,6,87,1882,1784
9787,4.572988614,2.314376431,1499,1382,8,76,1507,1458
9788,2.021910384,0.02933570526,1520,1503,9,26,1529,1529
9789,3.42685544,0.6457580168,947,861,4,35,951,896
9790,2.041681482,2.571654584,1749,1577,7,83,1756,1660
9791,2.669964075,2.341628928,1309,1158,6,53,1315,1211
9792,3.34560633,1.694687926,958,798,4,40,962,838
9793,3.940291314,1.091414769,1488,1360,7,61,1495,1421
9794,3.140569802,0.1018128106,1657,1483,9,53,1666,1536
9795,3.961896478,2.900413935,730,739,1,36,731,775
9796,2.216284944,1.477076362,1500,1390,3,74,1503,1464
9797,1.694335421,1.595547129,1801,1660,9,67,1810,1727
9798,3.442617218,0.9715607893,1614,1507,8,80,1622,1587
9799,1.406269462,0.4838037748,637,628,3,22,640,650
9800,3.162052756,2.554293912,695,597,5,36,700,633
9801,1.198861252,2.393686852,1760,1557,8,49,1768,1606
9802,4.281585064,0.2030821163,1192,1162,5,35,1197,1197
9803,2.508375145,0.6799650381,1601,1425,7,58,1608,1483
9804,4.011200966,2.293646672,1479,1314,7,68,1486,1382
9805,4.642767618,2.977864214,1338,1214,4,78,1342,1292
9806,4.772864126,0.7526142768,1288,1305,5,47,1293,1352
9807,4.724839457,2.175778769,940,821,1,39,941,860
9808,1.555189938,2.55895741,1478,1395,9,61,1487,1456
9809,3.44467181,1.5316906,821,738,4,30,825,768
9810,2.550027731,0.5502626013,1349,1244,5,46,1354,1290
9811,4.216137744,2.801714654,896,815,6,55,902,870
9812,1.217532041,0.6509781776,1339,1264,7,40,1346,1304
9813,2.656352967,0.07896481863,1689,1640,10,45,1699,1685
9814,3.291400682,0.7250001683,1294,1190,2,43,1296,1233
9815,2.123277499,0.8438051344,1450,1389,6,53,1456,1442
9816,1.468387283,1.803697973,1573,1512,8,66,1581,1578
9817,3.993884281,2.81834361,995,887,5,51,1000,938
9818,1.551392879,1.894347117,943,776,4,39,947,815
9819,2.688864443,0.9890217689,1000,948,1,50,1001,998
9820,4.48627771,0.143669855,1568,1480,8,51,1576,1531
9821,3.494729788,1.741458519,634,610,1,30,635,640
9822,3.1937746,0.3060252253,796,724,3,26,799,750
9823,4.323329436,2.318591437,1520,1388,9,79,1529,1467
9824,2.80959966,0.3244752902,1715,1653,8,68,1723,1721
9825,4.707589545,2.520919385,1025,938,0,49,1025,987
9826,1.391729179,1.207028604,1763,1673,9,71,1772,1744
9827,2.467019208,2.092247511,1646,1459,9,62,1655,1521
9828,1.967261027,0.1476167417,1745,1623,4,41,1749,1664
9829,2.850614412,0.2209321754,1656,1548,7,53,1663,1601
9830,1.609441646,2.403916223,1580,1465,9,66,1589,1531
9831,3.054079523,0.247100582,775,759,3,28,778,787
9832,1.983717312,2.854247361,1494,1389,7,58,1501,1447
9833,3.150111019,0.197799298,1597,1517,14,47,1611,1564
9834,4.701640172,2.670951002,1224,1173,4,53,1228,1226
9835,3.090865221,0.04585511185,1746,1653,8,44,1754,1697
9836,2.135916692,2.618546602,707,623,3,22,710,645
9837,1.670899211,2.284157401,1611,1520,10,60,1621,1580
9838,2.500307326,2.756411261,878,811,4,39,882,850
9839,2.243603106,0.5897603336,1605,1501,9,51,1614,1552
9840,4.264921484,0.815645508,1452,1295,4,71,1456,1366
9841,3.841470594,1.773727332,937,844,1,40,938,884
9842,3.621412476,1.847452323,1770,1671,10,86,1780,1757
9843,1.922773196,0.5433807185,905,860,5,27,910,887
9844,2.304833208,0.9571515732,1877,1661,6,65,1883,1726
9845,3.283598666,1.756184264,759,740,4,40,763,780
9846,3.977838478,0.8898625123,1376,1361,3,60,1379,1421
9847,3.128271328,0.7489299229,1603,1470,7,63,1610,1533
9848,3.010966498,0.03544367129,1621,1492,10,35,1631,1527
9849,3.833655184,0.0007936505243,697,642,4,17,701,659
9850,1.816735343,0.1919416085,1391,1223,1,36,1392,1259
9851,2.547937326,2.759404306,1242,1129,2,68,1244,1197
9852,3.445305106,2.498891024,1573,1450,7,84,1580,1534
9853,1.40147046,1.243689552,1554,1518,11,46,1565,1564
9854,4.214431158,2.56784175,1313,1111,7,57,1320,1168
9855,1.362240286,2.736840795,664,617,5,27,669,644
9856,2.125402933,2.058669556,1377,1195,2,74,1379,1269
9857,2.406930828,2.906072286,1749,1542,3,71,1752,1613
9858,2.66617444,0.8503707046,947,871,9,37,956,908
9859,2.120021301,1.518897588,1647,1434,8,62,1655,1496
9860,1.657894984,1.742923547,1715,1644,7,52,1722,1696
9861,4.161822336,0.6952100244,877,916,4,35,881,951
9862,4.446142811,2.539574708,1422,1319,5,78,1427,1397
9863,3.845041746,1.607602759,803,726,1,29,804,755
9864,3.455140093,0.1953381594,1144,1028,7,38,1151,1066
9865,1.677141271,0.2244679837,929,880,2,24,931,904
9866,3.243535282,0.9247708887,1697,1515,8,67,1705,1582
9867,3.948768791,0.4661081783,1653,1642,5,59,1658,1701
9868,3.367086209,1.267067125,678,631,3,20,681,651
9869,3.550795067,2.988731734,1190,1130,7,68,1197,1198
9870,2.119782515,1.244741902,1890,1647,15,67,1905,1714
9871,2.133674743,1.257249696,1217,1077,3,47,1220,1124
9872,2.84158847,0.5296529538,1687,1552,7,62,1694,1614
9873,2.166043741,1.736314485,1251,1177,5,52,1256,1229
9874,2.901572575,0.1912013363,1308,1169,6,37,1314,1206
9875,2.61095962,1.027702678,690,658,2,37,692,695
9876,2.464781476,0.004294880915,1804,1679,8,50,1812,1729
9877,1.996095406,1.202168555,1235,1191,3,40,1238,1231
9878,4.274602886,1.939084088,707,613,1,32,708,645
9879,2.282615367,2.309168712,901,865,5,19,906,884
9880,1.383986501,1.083773429,1480,1422,10,54,1490,1476
9881,4.249048914,0.4995757564,804,739,2,29,806,768
9882,2.68691536,0.1404448538,1676,1533,6,51,1682,1584
9883,4.744914999,2.969004128,1803,1641,7,90,1810,1731
9884,2.742851823,2.04666588,896,861,2,54,898,915
9885,1.27421081,2.409186435,1246,1138,11,47,1257,1185
9886,2.529241214,0.6104498141,1605,1453,7,43,1612,1496
9887,4.028535089,0.5488300366,1109,1088,2,40,1111,1128
9888,2.742807494,2.18021435,803,709,5,24,808,733
9889,4.631227348,2.224229765,1255,1110,10,56,1265,1166
9890,2.031992104,2.77972393,1360,1223,5,66,1365,1289
9891,4.862074469,2.118804489,1213,1155,8,76,1221,1231
9892,3.861529775,1.297117013,1821,1690,6,73,1827,1763
9893,3.532989113,0.891766634,1812,1690,5,70,1817,1760
9894,4.236534223,2.556165168,1497,1352,7,90,1504,1442
9895,3.512759523,1.991486892,1557,1479,6,59,1563,1538
9896,3.480338163,2.663784594,1864,1672,7,95,1871,1767
9897,1.361062373,1.67128516,882,828,3,40,885,868
9898,2.506328162,1.712637364,764,728,2,40,766,768
9899,4.074729802,2.832606283,1708,1572,8,76,1716,1648
9900,2.10936173,1.59979915,1723,1631,6,67,1729,1698
9901,4.442463981,0.7312498749,1076,973,3,30,1079,1003
9902,2.388572727,0.28762305,1905,1741,9,58,1914,1799
9903,3.882490183,0.161360788,795,733,5,31,800,764
9904,4.767652605,1.938543399,1640,1457,3,80,1643,1537
9905,1.065300754,1.666443763,1697,1547,10,59,1707,1606
9906,1.619592868,1.47141256,1340,1285,7,47,1347,1332
9907,3.1827156,1.579873652,1455,1369,13,58,1468,1427
9908,2.5067647,2.607192643,1048,1011,2,46,1050,1057
9909,2.520318889,2.071881247,1040,987,6,41,1046,1028
9910,4.0186264,0.7057335393,1535,1366,5,67,1540,1433
9911,3.877775656,0.4026850678,1723,1586,9,51,1732,1637
9912,2.803318699,1.746852146,1568,1466,10,69,1578,1535
9913,1.181020805,1.098103589,844,755,3,25,847,780
9914,4.159742621,1.795945253,1626,1454,6,72,1632,1526
9915,1.010668349,2.636046723,1114,1025,7,40,1121,1065
9916,1.772409856,0.09774622333,1292,1199,6,36,1298,1235
9917,1.109121753,1.330652307,922,835,7,25,929,860
9918,3.422860711,1.719697342,1626,1454,17,61,1643,1515
9919,3.744993987,0.2305601474,1484,1362,6,41,1490,1403
9920,4.757742806,2.43722396,1231,1111,7,52,1238,1163
9921,4.940528307,2.024598516,1257,1065,7,60,1264,1125
9922,2.50073761,1.892743659,1867,1614,4,86,1871,1700
9923,1.165896975,1.482419787,1500,1364,8,44,1508,1408
9924,2.39724628,1.865094743,1459,1354,7,52,1466,1406
9925,4.807964478,2.093947862,957,958,8,49,965,1007
9926,3.666938595,1.685122793,917,839,5,46,922,885
9927,4.517006729,2.681149198,1246,1100,5,55,1251,1155
9928,2.691909757,0.4003509091,1410,1274,4,51,1414,1325
9929,3.558975361,0.7442273617,1594,1477,7,59,1601,1536
9930,4.696010538,0.8799082561,1338,1197,5,52,1343,1249
9931,3.879794594,0.2366656759,772,706,3,23,775,729
9932,2.677039328,1.909868165,1788,1677,7,81,1795,1758
9933,4.715297235,0.005737349037,703,630,4,9,707,639
9934,2.254113449,2.799459691,884,874,5,41,889,915
9935,1.533776691,1.52093171,1159,1034,5,41,1164,1075
9936,4.47816473,2.764663983,1269,1104,6,77,1275,1181
9937,2.93381851,0.7355063311,793,735,4,35,797,770
9938,4.252062898,2.759186205,1686,1571,8,86,1694,1657
9939,3.118843173,0.1522436996,1346,1253,4,34,1350,1287
9940,2.724641738,1.38569113,698,593,2,27,700,620
9941,1.545265551,1.213779049,1249,1164,3,45,1252,1209
9942,3.474609006,0.1998268799,908,798,4,26,912,824
9943,3.186693675,1.639387363,1203,1138,3,50,1206,1188
9944,3.390787168,1.32359091,768,684,2,30,770,714
9945,4.313923062,2.233025178,1368,1265,9,76,1377,1341
9946,3.200689299,0.5290686839,728,609,3,18,731,627
9947,1.891927379,1.790013673,1060,964,6,40,1066,1004
9948,2.270236823,2.939764329,1708,1551,8,81,1716,1632
9949,1.147122535,2.314168192,1393,1259,11,41,1404,1300
9950,4.039605466,0.3390091639,835,737,3,26,838,763
9951,3.363600908,1.820846015,1818,1664,8,95,1826,1759
9952,3.765523616,1.996977947,1655,1440,4,55,1659,1495
9953,4.64099834,0.4349460936,1698,1575,10,78,1708,1653
9954,2.131352233,1.279421811,1120,1054,9,34,1129,1088
9955,4.296399659,1.747285814,683,615,6,32,689,647
9956,1.606038643,1.89583309,1797,1695,8,77,1805,1772
9957,1.063735444,1.249781818,1601,1479,4,58,1605,1537
9958,3.612063395,0.4467986868,1739,1541,8,57,1747,1598
9959,3.543679731,1.037354147,1365,1258,1,54,1366,1312
9960,4.471299219,2.552561036,1134,968,6,69,1140,1037
9961,3.209498403,0.3683659937,1121,1064,6,33,1127,1097
9962,1.207395563,2.677936309,1462,1330,4,55,1466,1385
9963,1.133871143,0.9107057598,1464,1401,6,26,1470,1427
9964,4.657463837,2.011777314,1353,1219,2,73,1355,1292
9965,3.513942947,2.556218458,1870,1670,3,94,1873,1764
9966,2.619988456,1.190397101,892,837,4,36,896,873
9967,4.405821916,2.392800269,1369,1247,5,73,1374,1320
9968,3.321454568,0.5386887187,1618,1467,8,50,1626,1517
9969,3.828576084,2.09262408,1301,1151,2,53,1303,1204
9970,1.525346673,1.461611961,1392,1252,3,43,1395,1295
9971,4.374298954,2.455209117,1400,1180,6,68,1406,1248
9972,2.571825013,2.888352411,1082,1064,7,56,1089,1120
9973,2.787339198,0.3447679397,1020,927,6,29,1026,956
9974,4.222165984,2.215239262,1699,1542,6,94,1705,1636
9975,3.603663835,0.2165067311,1450,1349,6,46,1456,1395
9976,1.978251321,0.8799851257,1511,1409,2,61,1513,1470
9977,3.865105801,2.888402359,993,912,1,52,994,964
9978,4.612911075,0.3025210262,1565,1458,7,54,1572,1512
9979,3.2316349,0.9475933826,1117,1055,4,45,1121,1100
9980,4.485024714,0.6317649682,1136,1070,6,43,1142,1113
9981,4.871065658,0.1693106441,1076,1123,4,36,1080,1159
9982,1.971551149,2.346991486,1786,1637,9,81,1795,1718
9983,3.263954662,2.894397055,930,820,4,44,934,864
9984,3.590588084,2.864409299,887,812,3,39,890,851
9985,4.561532083,0.9276390402,1472,1421,8,64,1480,1485
9986,3.437431889,2.847428732,1271,1166,6,60,1277,1226
9987,1.489848063,2.237990449,1036,981,5,37,1041,1018
9988,2.668337182,1.721032732,968,877,6,30,974,907
9989,4.195370501,2.464544278,722,641,0,30,722,671
9990,4.455709169,0.05617062345,799,763,6,19,805,782
9991,1.003045228,1.440287594,930,863,4,21,934,884
9992,1.183639861,2.221572062,686,657,4,22,690,679
9993,1.545606319,0.9728697264,1606,1453,9,67,1615,1520
9994,1.721478107,0.07857952042,1701,1566,6,39,1707,1605
9995,2.52349884,0.5195434139,987,826,3,22,990,848
9996,1.415676241,2.561624411,1866,1700,7,67,1873,1767
9997,4.907935946,0.8050495084,669,660,3,17,672,677
9998,2.633000548,2.378347418,657,658,1,35,658,693
9999,4.136299202,0.7344369666,1145,1031,5,46,1150,1077
10000,4.407486689,0.3527989165,1434,1278,3,49,1437,1327
10001,4.568013197,1.900258407,1495,1427,8,76,1503,1503
10002,2.318936058,0.7684592365,1691,1578,11,54,1702,1632
10003,3.189560531,1.952527095,701,611,2,28,703,639
10004,1.395710852,0.7904234128,1411,1229,7,60,1418,1289
10005,1.233901131,2.889508546,824,737,5,24,829,761
10006,1.674843246,1.704705065,1251,1131,7,44,1258,1175
10007,4.898419634,0.9580811771,1140,1038,5,35,1145,1073
10008,3.644087256,0.4885956279,1522,1341,14,48,1536,1389
10009,2.342036787,1.193298072,702,593,0,18,702,611
10010,3.456791188,2.778007602,1514,1398,4,78,1518,1476
10011,1.15800979,1.469834932,999,940,6,23,1005,963
10012,2.712295795,0.1733076889,1387,1263,4,36,1391,1299
10013,1.495928185,1.976853147,940,890,4,38,944,928
10014,2.336699234,2.132662081,658,590,5,24,663,614
10015,1.880910102,0.02401180779,1656,1489,8,31,1664,1520
10016,1.372763451,2.524011662,1249,1108,7,46,1256,1154
10017,1.533309746,0.8570001227,826,723,4,29,830,752
10018,2.147238034,0.3807193809,686,623,1,18,687,641
10019,4.492497568,2.751839502,1381,1213,4,90,1385,1303
10020,3.528879555,1.018656417,1322,1232,3,58,1325,1290
10021,4.522942289,0.9959466978,1061,999,2,40,1063,1039
10022,1.657015608,2.53812472,686,676,4,31,690,707
10023,2.664930379,0.2523491255,1415,1252,6,34,1421,1286
10024,2.772732976,1.801872847,1871,1701,7,80,1878,1781
10025,1.747566963,2.660295635,1669,1610,10,80,1679,1690
10026,2.160125769,2.631766061,1485,1300,11,62,1496,1362
10027,2.093786675,1.295672237,1020,948,8,34,1028,982
10028,3.664147091,2.929163299,720,612,0,37,720,649
10029,4.897303471,1.369081241,707,628,3,41,710,669
10030,1.173322522,0.1289553769,1601,1519,7,36,1608,1555
10031,3.570423746,1.485086527,936,805,2,38,938,843
10032,1.206035111,2.387296566,1607,1505,7,57,1614,1562
10033,4.322242369,2.238525366,791,727,2,48,793,775
10034,1.233073903,0.2854467116,799,758,5,22,804,780
10035,3.520855762,0.398356284,713,643,3,23,716,666
10036,3.051257032,2.380454145,1112,1023,5,48,1117,1071
10037,3.340359671,1.710329105,1251,1147,6,62,1257,1209
10038,3.623986768,2.321842626,779,735,2,32,781,767
10039,2.56886096,0.003461036124,1232,1207,9,22,1241,1229
10040,3.289273784,0.02191145924,1601,1452,13,48,1614,1500
10041,3.737608293,0.4546631103,1372,1240,5,38,1377,1278
10042,3.673527645,0.3856452972,1593,1478,6,51,1599,1529
10043,4.565057028,0.02050696071,1652,1589,11,57,1663,1646
10044,1.02650519,1.287155788,1836,1684,9,57,1845,1741
10045,4.889241156,1.19694698,903,850,6,34,909,884
10046,2.379284524,2.196881337,1153,1047,4,50,1157,1097
10047,2.931252786,1.34995481,1133,1095,6,42,1139,1137
10048,3.133099086,0.06613530453,1174,1017,4,46,1178,1063
10049,4.543064281,1.11910873,781,718,4,37,785,755
10050,1.915622702,2.828564635,1620,1485,9,65,1629,1550
10051,2.063879902,1.448037012,1784,1725,10,65,1794,1790
10052,1.474090843,0.06996439779,931,855,2,19,933,874
10053,4.521342224,1.383415781,1226,1125,5,61,1231,1186
10054,4.040336235,0.8466659892,1407,1244,4,63,1411,1307
10055,3.22931842,0.2708958971,1711,1522,10,56,1721,1578
10056,4.173468677,1.6062471,1362,1276,4,62,1366,1338
10057,1.264586554,1.050733269,1149,1060,4,31,1153,1091
10058,2.603948053,0.853516323,1338,1127,10,38,1348,1165
10059,4.212737019,0.3035746444,889,856,7,32,896,888
10060,4.298236766,1.931767867,831,703,2,38,833,741
10061,2.021508083,1.176012057,792,687,1,27,793,714
10062,4.651555121,1.757723717,1585,1472,7,82,1592,1554
10063,4.556276668,0.5119301782,792,751,2,28,794,779
10064,3.741302729,1.692747928,1121,1013,4,46,1125,1059
10065,1.950774751,2.431524129,1209,1101,5,60,1214,1161
10066,1.448941984,2.817154861,806,743,3,27,809,770
10067,1.686309185,0.2302743963,1715,1593,7,33,1722,1626
10068,4.961459479,1.840738078,1006,936,8,70,1014,1006
10069,2.854559151,2.656422877,1158,1079,4,45,1162,1124
10070,1.982771198,2.372528923,1525,1411,8,91,1533,1502
10071,4.321977556,1.628022632,1460,1293,8,83,1468,1376
10072,2.078743469,0.3969931503,779,687,6,21,785,708
10073,4.268231029,1.333089809,1202,1135,2,50,1204,1185
10074,4.000891704,0.2281649608,689,586,0,29,689,615
10075,2.985368393,1.606339578,1375,1240,7,55,1382,1295
10076,4.937131531,0.5241265547,1754,1683,7,72,1761,1755
10077,1.428049754,1.028937707,1379,1282,9,53,1388,1335
10078,2.432373767,0.9717135772,1352,1261,7,57,1359,1318
10079,4.505047609,1.768754064,767,754,5,52,772,806
10080,3.92221255,2.393583513,1117,1042,4,61,1121,1103
10081,3.839835143,1.136169902,1679,1601,10,72,1689,1673
10082,3.968656689,2.370155461,1400,1334,7,74,1407,1408
10083,4.180423293,1.148760075,1143,1062,5,49,1148,1111
10084,1.608309818,1.020328062,999,940,4,33,1003,973
10085,4.612983209,1.194041775,949,822,4,31,953,853
10086,4.221276169,1.940863198,1577,1521,5,84,1582,1605
10087,3.056809732,1.182689993,703,637,5,23,708,660
10088,1.712404764,0.9595668137,834,736,1,21,835,757
10089,4.305712651,1.886393033,1857,1661,4,87,1861,1748
10090,3.847568597,1.958165541,1387,1252,8,58,1395,1310
10091,2.392596939,2.510571516,652,625,3,28,655,653
10092,1.244972218,1.247525502,1780,1687,5,57,1785,1744
10093,4.819734007,1.527284716,1805,1680,11,91,1816,1771
10094,3.340980493,0.193214032,1152,938,3,44,1155,982
10095,2.378028912,1.787497886,1069,952,3,34,1072,986
10096,1.95701705,1.230250304,1048,951,5,35,1053,986
10097,1.086314602,2.983768182,1365,1252,9,61,1374,1313
10098,1.153957831,0.7411060801,1526,1489,8,39,1534,1528
10099,2.138415877,2.301970357,1595,1530,9,61,1604,1591
10100,4.624473596,0.8100395099,1533,1420,7,71,1540,1491
10101,2.133763603,2.873061304,1168,1088,5,47,1173,1135
10102,1.50074018,0.1999957746,1155,1047,10,21,1165,1068
10103,1.540164828,2.873479831,1037,981,9,37,1046,1018
10104,3.564228243,2.657056678,1109,976,8,54,1117,1030
10105,1.67820176,2.81131702,1590,1524,6,71,1596,1595
10106,4.720967179,2.638726105,706,623,2,52,708,675
10107,3.762336884,2.739272898,955,842,1,44,956,886
10108,2.506534903,1.953739299,1351,1244,11,75,1362,1319
10109,1.959450352,1.068818261,697,601,4,28,701,629
10110,1.225469881,2.231317249,1775,1635,12,56,1787,1691
10111,1.982703904,2.316496542,1608,1418,2,65,1610,1483
10112,2.04930822,0.7753923689,1749,1743,8,56,1757,1799
10113,3.685144216,0.1096881995,1179,999,3,29,1182,1028
10114,4.970973733,0.9750718635,1460,1336,5,69,1465,1405
10115,1.601394487,2.863855826,702,649,6,30,708,679
10116,1.114192374,2.374087185,1273,1180,8,52,1281,1232
10117,2.310138554,2.681278361,1342,1283,4,62,1346,1345
10118,4.087121824,1.487112355,929,782,6,39,935,821
10119,3.18612574,1.563056741,1010,974,9,48,1019,1022
10120,4.875637685,1.089383369,1041,982,3,48,1044,1030
10121,3.59824632,1.484600394,1353,1237,4,52,1357,1289
10122,4.384425902,1.984377627,1389,1256,8,67,1397,1323
10123,2.017350604,2.314169876,1776,1609,9,80,1785,1689
10124,4.754935674,0.282213229,1475,1400,4,44,1479,1444
10125,2.317889579,0.1298365685,782,741,3,21,785,762
10126,1.833396666,2.675700487,1592,1437,8,73,1600,1510
10127,4.834809803,1.75465405,1452,1348,8,74,1460,1422
10128,2.161444879,0.8674865069,919,857,6,24,925,881
10129,4.541233081,2.176217121,982,943,5,55,987,998
10130,3.848443768,0.03614446979,869,883,3,20,872,903
10131,2.066155266,1.668998268,1534,1311,4,60,1538,1371
10132,1.667996075,0.5020666924,1273,1154,2,32,1275,1186
10133,2.805777235,2.209768556,1299,1191,5,53,1304,1244
10134,1.973252135,0.09143789918,1240,1200,3,32,1243,1232
10135,4.317189033,2.11583193,1151,1068,6,57,1157,1125
10136,2.513159667,2.159734617,1263,1165,8,57,1271,1222
10137,2.858665475,0.9507363163,1614,1450,9,57,1623,1507
10138,4.952023536,2.827864762,1224,1128,1,76,1225,1204
10139,3.752298613,1.277006087,679,610,6,28,685,638
10140,2.52875305,0.9449508857,775,736,4,19,779,755
10141,3.257754314,2.291596281,1797,1568,10,86,1807,1654
10142,3.50360362,2.566708583,677,606,2,34,679,640
10143,3.293854808,1.173524534,1289,1182,7,39,1296,1221
10144,4.402992016,0.2975081671,869,812,2,38,871,850
10145,3.793615045,1.229994231,1636,1502,7,64,1643,1566
10146,3.167239111,1.010891818,1639,1504,6,65,1645,1569
10147,1.080295925,0.09754899896,1683,1628,13,46,1696,1674
10148,3.811728518,2.620243607,1070,1100,2,57,1072,1157
10149,4.301373597,1.173963573,1012,927,2,34,1014,961
10150,3.882200572,0.1565207435,1125,1069,3,27,1128,1096
10151,4.457272946,2.30729762,1299,1128,6,61,1305,1189
10152,2.91799641,0.3427285832,1724,1585,7,66,1731,1651
10153,3.715498758,1.958065053,873,823,5,45,878,868
10154,2.791815449,0.4890828989,1800,1713,6,65,1806,1778
10155,2.503993145,0.6004025537,1301,1269,5,52,1306,1321
10156,3.115837855,0.5168327582,1291,1156,5,45,1296,1201
10157,1.181188717,0.2016267201,1877,1674,7,54,1884,1728
10158,1.926118342,1.360932573,1683,1606,7,65,1690,1671
10159,2.964328391,1.834387622,1836,1664,11,74,1847,1738
10160,2.28153691,2.423116802,681,621,0,37,681,658
10161,2.662278706,0.000480810251,1748,1625,17,39,1765,1664
10162,4.987251789,2.656399735,1498,1371,3,83,1501,1454
10163,1.255524485,2.832306288,1544,1428,8,57,1552,1485
10164,4.936230849,0.8266363118,1438,1389,6,51,1444,1440
10165,2.987581989,1.822030391,1143,1121,2,50,1145,1171
10166,1.53209832,2.722433581,1267,1146,5,53,1272,1199
10167,4.353141754,2.451354034,1346,1290,5,65,1351,1355
10168,1.474830124,0.1278066637,858,816,5,22,863,838
10169,3.021145782,0.6030044086,1731,1562,11,57,1742,1619
10170,1.695394619,0.76088453,1472,1350,10,47,1482,1397
10171,2.335804187,0.9110882079,838,758,1,22,839,780
10172,1.216257729,1.208038896,1782,1721,8,42,1790,1763
10173,3.856487534,1.436727897,690,656,6,31,696,687
10174,2.48938548,1.402743768,713,633,3,26,716,659
10175,1.116451658,2.722432857,1849,1662,12,61,1861,1723
10176,4.182507797,1.867518126,1156,1009,5,66,1161,1075
10177,2.534316906,2.509719728,1173,1122,8,47,1181,1169
10178,3.206328938,2.938687121,1611,1445,4,75,1615,1520
10179,2.091449749,0.4359164456,1096,1080,5,34,1101,1114
10180,3.932113938,1.193057409,1672,1598,8,68,1680,1666
10181,3.669242522,0.5353849293,1175,1041,5,35,1180,1076
10182,4.575385482,0.6931407686,1216,1125,10,46,1226,1171
10183,1.946890702,2.750297267,1073,945,4,45,1077,990
10184,2.635088469,2.171757659,1353,1217,7,54,1360,1271
10185,2.158694754,1.333096695,682,653,1,33,683,686
10186,4.248273424,0.7234664795,816,721,2,22,818,743
10187,2.716007883,1.367214721,1283,1121,7,49,1290,1170
10188,3.525783998,2.169674013,662,641,0,27,662,668
10189,3.979717868,0.2983612499,853,841,5,34,858,875
10190,4.12450319,0.118748544,1230,1223,4,43,1234,1266
10191,3.06166601,0.09913737926,1317,1272,4,38,1321,1310
10192,4.655653528,1.619090313,1276,1101,3,65,1279,1166
10193,4.946405127,2.550234152,1407,1315,6,67,1413,1382
10194,3.538915744,1.906244907,1353,1203,4,83,1357,1286
10195,1.559365204,2.123359275,1517,1392,11,62,1528,1454
10196,1.376199364,1.031853426,730,717,4,33,734,750
10197,2.965432423,1.073723517,701,589,3,29,704,618
10198,3.455953017,1.467498095,1216,1124,7,43,1223,1167
10199,4.711927662,0.2700050962,1637,1399,6,58,1643,1457
10200,4.943374913,1.090536813,642,642,2,25,644,667
10201,2.98700969,0.1825211343,1728,1556,7,47,1735,1603
10202,1.345819766,0.1901584863,701,648,4,14,705,662
10203,3.042339054,2.100617645,1398,1255,6,57,1404,1312
10204,4.563377885,2.061982346,1504,1340,7,78,1511,1418
10205,1.710526212,1.921750896,942,863,4,33,946,896
10206,1.08322569,2.351391363,1115,1046,10,39,1125,1085
10207,2.342589029,0.3273406022,1352,1320,5,43,1357,1363
10208,3.198704186,0.8869953301,1264,1182,4,49,1268,1231
10209,2.666242449,0.3114734584,1261,1212,4,39,1265,1251
10210,3.592446017,2.553503962,1132,1018,9,56,1141,1074
10211,3.864124422,1.748519057,677,648,2,35,679,683
10212,4.446285439,1.362510126,675,613,8,31,683,644
10213,4.422603835,0.9399547003,1248,1099,7,47,1255,1146
10214,2.393956602,2.793841569,867,831,6,44,873,875
10215,2.11921776,2.183110012,1909,1625,15,85,1924,1710
10216,2.146386346,1.938096964,860,807,4,39,864,846
10217,2.109133108,0.3366496328,1481,1380,4,38,1485,1418
10218,2.803133512,1.588063064,1283,1190,2,63,1285,1253
10219,3.095760809,1.66601437,769,752,3,38,772,790
10220,1.903523726,2.159062655,1447,1384,9,62,1456,1446
10221,1.518287456,1.606805033,1047,919,4,55,1051,974
10222,1.279584172,1.596761231,812,695,6,22,818,717
10223,3.277078801,0.1366734714,1785,1743,8,57,1793,1800
10224,4.474764835,2.916506339,1166,1020,4,57,1170,1077
10225,2.6745197,0.9957816571,1343,1262,7,52,1350,1314
10226,2.58891839,1.086186291,1125,1062,1,43,1126,1105
10227,1.2136792,2.84875936,1242,1131,4,46,1246,1177
10228,3.332069922,0.8159869637,1457,1403,3,50,1460,1453
10229,1.356604292,1.16401779,941,818,3,30,944,848
10230,2.544042003,2.746460962,1363,1258,5,62,1368,1320
10231,1.973277342,0.6912377488,1026,929,5,45,1031,974
10232,4.215111872,2.684598703,1212,1176,5,76,1217,1252
10233,3.580723214,0.5920455405,1496,1383,6,47,1502,1430
10234,4.495046122,0.52750321,1860,1720,3,65,1863,1785
10235,4.091833726,0.163980677,1709,1596,10,39,1719,1635
10236,2.403530026,0.7760851448,1161,1058,3,46,1164,1104
10237,4.003517246,0.344242986,1258,1135,10,37,1268,1172
10238,1.956298171,0.2596874784,1744,1575,6,62,1750,1637
10239,3.513617263,1.650545078,772,740,4,35,776,775
10240,3.501442746,1.823316209,1631,1491,2,72,1633,1563
10241,3.24658009,2.497148483,1352,1295,7,62,1359,1357
10242,1.782831083,1.212022374,1225,1193,10,48,1235,1241
10243,3.693557806,0.03281038205,1677,1643,10,42,1687,1685
10244,3.676855417,0.2757174711,829,779,1,28,830,807
10245,1.893820089,2.170102206,1756,1601,8,75,1764,1676
10246,2.535659215,1.320623036,1228,1141,8,43,1236,1184
10247,4.384523648,0.987305161,1699,1592,11,76,1710,1668
10248,1.570172762,1.980110858,1176,1043,5,55,1181,1098
10249,2.488450958,1.791138218,886,820,3,34,889,854
10250,3.862084453,2.284015986,1301,1155,5,48,1306,1203
10251,3.252125163,1.444917598,915,870,2,37,917,907
10252,4.772689825,1.933887698,675,599,8,39,683,638
10253,3.373711683,0.9370257874,1369,1287,6,57,1375,1344
10254,1.850965278,0.5271564573,929,866,2,23,931,889
10255,3.386695036,1.521437559,1243,1160,9,53,1252,1213
10256,1.799721126,0.3942396543,1175,1134,7,29,1182,1163
10257,4.982248547,0.1088019363,787,715,6,22,793,737
10258,3.945317861,2.903608909,675,626,2,34,677,660
10259,2.472732749,1.488793214,1216,1105,4,46,1220,1151
10260,3.764424713,2.654877403,1271,1144,4,65,1275,1209
10261,1.0310765,0.08057320223,1494,1367,10,29,1504,1396
10262,2.284887688,1.95865726,1254,1147,8,49,1262,1196
10263,2.020755452,1.879457721,1375,1219,6,61,1381,1280
10264,4.703411272,0.5566249304,1602,1463,6,59,1608,1522
10265,1.531386536,0.4406284608,1381,1268,7,30,1388,1298
10266,4.221478527,2.130588268,1740,1518,7,91,1747,1609
10267,2.17636115,0.4041413124,1845,1707,10,57,1855,1764
10268,2.488534651,2.879566589,1260,1146,4,47,1264,1193
10269,3.339373706,1.09519504,1427,1421,9,61,1436,1482
10270,1.57487307,1.448421842,1823,1603,14,78,1837,1681
10271,1.175720153,1.98206645,1138,1080,6,45,1144,1125
10272,1.044877373,0.3195113673,1552,1366,13,29,1565,1395
10273,2.83896919,0.05222675088,790,741,5,12,795,753
10274,4.312692902,0.4648098516,1164,1056,4,38,1168,1094
10275,3.856865018,0.6783828897,1830,1675,13,72,1843,1747
10276,3.489697825,2.986301017,1025,985,4,53,1029,1038
10277,1.748466493,1.164408995,1237,1144,5,50,1242,1194
10278,4.917536641,1.552975873,1499,1374,8,68,1507,1442
10279,4.416390707,2.033731303,1623,1436,8,77,1631,1513
10280,3.56040558,1.235791904,1297,1293,10,48,1307,1341
10281,2.624670246,0.3289209847,796,720,3,17,799,737
10282,2.744988252,1.618538964,900,854,4,36,904,890
10283,3.041996321,1.997500037,903,833,5,38,908,871
10284,3.230629451,1.12749852,1035,932,6,51,1041,983
10285,1.148391764,1.446357872,848,838,6,35,854,873
10286,4.237505046,2.437460753,1777,1686,5,103,1782,1789
10287,1.053444371,1.60123346,1402,1237,4,50,1406,1287
10288,2.529897889,2.999086334,1043,896,7,63,1050,959
10289,1.998818732,0.225584435,1722,1536,6,55,1728,1591
10290,4.701207059,0.7197553634,635,623,5,23,640,646
10291,1.438729116,0.07466294388,1688,1497,12,41,1700,1538
10292,1.173138096,0.383321345,797,721,3,21,800,742
10293,2.261412601,2.130291736,679,615,4,29,683,644
10294,1.083960183,0.3793012558,706,648,2,27,708,675
10295,3.331793016,1.863496306,670,621,5,31,675,652
10296,2.67626382,0.5139043643,895,850,6,19,901,869
10297,2.718303234,0.3840115286,1551,1478,5,40,1556,1518
10298,4.30141001,1.219979763,1029,908,6,43,1035,951
10299,1.442178393,2.956357901,680,605,5,20,685,625
10300,2.705715391,0.1461538341,998,956,6,31,1004,987
10301,3.20772864,1.557823407,1342,1245,8,71,1350,1316
10302,4.720114926,0.1608980003,795,712,3,24,798,736
10303,2.880258052,1.211990144,1211,1076,8,58,1219,1134
10304,3.481298919,1.406313906,1133,1006,3,56,1136,1062
10305,3.874643654,1.014258474,1238,1151,4,44,1242,1195
10306,4.987181976,0.2877878976,1613,1437,6,57,1619,1494
10307,4.354654085,1.626690867,1575,1457,6,86,1581,1543
10308,3.18040031,1.455096298,1356,1231,7,63,1363,1294
10309,2.597582649,2.29274277,915,811,3,40,918,851
10310,3.475362498,0.5242384829,1575,1501,6,57,1581,1558
10311,3.959684617,0.1952566744,1395,1401,7,51,1402,1452
10312,4.812470734,1.388527032,1459,1324,5,76,1464,1400
10313,1.124550678,2.289554574,1004,940,7,31,1011,971
10314,1.096633514,1.152846847,1255,1193,7,42,1262,1235
10315,1.445855452,1.685697909,1120,1013,3,50,1123,1063
10316,1.892407277,1.11908203,1121,1057,5,37,1126,1094
10317,3.028607379,2.04080013,1297,1284,7,47,1304,1331
10318,1.670408015,0.5807197722,695,660,7,18,702,678
10319,2.623155038,0.4370157818,1371,1316,9,48,1380,1364
10320,1.016006043,0.3443884212,1644,1486,9,39,1653,1525
10321,1.926267684,0.9437088091,1300,1243,9,50,1309,1293
10322,2.405400379,2.028396016,972,877,2,53,974,930
10323,4.198908953,1.907074961,1692,1600,11,99,1703,1699
10324,3.584801755,1.760902916,710,592,4,21,714,613
10325,4.601600045,2.014689775,1760,1733,7,84,1767,1817
10326,1.945671822,2.0665098,792,754,3,30,795,784
10327,1.924667828,2.891725057,952,835,3,48,955,883
10328,1.082423911,1.606730979,852,747,2,27,854,774
10329,4.484505448,1.570859203,1395,1223,5,62,1400,1285
10330,4.50991112,2.601997638,1542,1321,8,59,1550,1380
10331,1.362556165,0.7631586907,865,843,3,25,868,868
10332,3.866870682,0.8414746987,879,821,3,31,882,852
10333,3.104031097,0.3456815886,802,747,2,17,804,764
10334,3.125431438,0.8172441942,945,843,3,37,948,880
10335,2.26185261,0.1191553674,917,885,4,30,921,915
10336,3.348534057,2.827083009,1140,1044,3,47,1143,1091
10337,2.730069632,2.626990314,1832,1670,7,89,1839,1759
10338,2.115590551,1.265245991,1580,1505,8,54,1588,1559
10339,1.487973109,1.483265572,1160,1113,14,35,1174,1148
10340,4.656315954,0.03713420683,1044,960,5,21,1049,981
10341,4.680079791,2.046927215,1064,902,6,57,1070,959
10342,3.620700477,0.466817956,1139,1076,11,43,1150,1119
10343,2.878939624,1.485311264,1708,1529,5,72,1713,1601
10344,1.523117186,2.683221236,1658,1427,3,81,1661,1508
10345,2.650432055,0.125131709,1054,987,7,34,1061,1021
10346,3.689799583,2.976179623,1528,1382,6,77,1534,1459
10347,2.56403547,0.6097820568,1623,1457,11,53,1634,1510
10348,4.715149568,0.9869863245,1260,1143,6,51,1266,1194
10349,4.203412914,0.7553768234,926,839,2,32,928,871
10350,4.393114668,2.320749843,1475,1243,6,70,1481,1313
10351,1.685460251,1.426784651,923,828,3,37,926,865
10352,2.458934354,0.2680470813,1199,1021,8,26,1207,1047
10353,1.006437034,2.2123982,1062,970,5,38,1067,1008
10354,1.272289363,1.185131744,1745,1515,5,51,1750,1566
10355,4.321748946,0.2243086115,1068,998,6,33,1074,1031
10356,3.196637245,1.751125088,1137,1034,5,52,1142,1086
10357,2.058205282,2.012425315,1823,1657,8,84,1831,1741
10358,4.16818388,0.3368084512,1086,974,6,29,1092,1003
10359,3.297679071,0.1109386831,1844,1701,10,59,1854,1760
10360,1.136042564,0.500944795,1581,1498,9,48,1590,1546
10361,2.58739284,1.170654284,1208,1191,10,54,1218,1245
10362,1.127700594,1.158916314,1472,1418,6,53,1478,1471
10363,4.898027349,2.134232807,1353,1297,6,70,1359,1367
10364,3.787153887,0.8668305779,1005,995,2,37,1007,1032
10365,4.962423668,0.04585164575,729,650,1,14,730,664
10366,1.568090931,0.8210134308,1687,1660,4,60,1691,1720
10367,1.382022314,1.000920828,681,626,7,21,688,647
10368,1.581937244,1.059981878,690,623,4,22,694,645
10369,3.620414666,2.817239366,778,739,3,32,781,771
10370,4.819014243,2.821319153,1509,1349,9,81,1518,1430
10371,4.854469494,2.51083442,794,759,2,32,796,791
10372,1.643606323,2.650651819,1496,1352,11,63,1507,1415
10373,1.52519644,0.8575108357,1451,1350,8,51,1459,1401
10374,2.575566165,1.033987663,1359,1342,9,50,1368,1392
10375,2.513915161,2.765210623,1159,1067,5,47,1164,1114
10376,2.526700693,2.907250638,1244,1185,2,48,1246,1233
10377,4.8614059,2.419082894,1157,1076,5,57,1162,1133
10378,3.906988619,2.056002516,1625,1492,6,71,1631,1563
10379,2.58092041,1.403315942,1213,1144,5,53,1218,1197
10380,1.06269146,2.330276211,910,819,5,48,915,867
10381,2.571552056,0.7035853494,1082,905,3,25,1085,930
10382,4.48063969,0.4317300704,711,671,1,16,712,687
10383,2.001531638,2.780052095,1274,1183,3,51,1277,1234
10384,1.62780406,2.988245466,1266,1122,6,58,1272,1180
10385,1.564082427,1.548101718,1820,1650,13,70,1833,1720
10386,1.747560387,0.4927924118,1864,1693,10,48,1874,1741
10387,3.933218747,2.512008868,1080,1005,3,55,1083,1060
10388,3.987449294,1.459520869,680,623,2,33,682,656
10389,3.577069633,2.126562744,1446,1235,3,66,1449,1301
10390,2.045953002,0.8908435742,715,628,1,17,716,645
10391,3.509643828,2.796806681,679,633,4,30,683,663
10392,2.888095131,0.9648406327,1365,1239,5,58,1370,1297
10393,1.14815129,2.918120361,882,884,9,23,891,907
10394,2.801700298,2.848982629,1454,1391,10,58,1464,1449
10395,2.791373556,1.659064198,1595,1435,10,71,1605,1506
10396,2.572313333,2.447918747,1669,1582,8,89,1677,1671
10397,1.580860747,2.593048232,1888,1716,8,75,1896,1791
10398,2.667911792,1.298092681,1732,1560,6,69,1738,1629
10399,2.090499657,2.939944063,800,739,4,37,804,776
10400,2.846837618,1.563697288,684,634,1,18,685,652
10401,4.35609672,0.09219391913,1755,1561,4,59,1759,1620
10402,1.168097758,2.721492597,1089,938,7,43,1096,981
10403,1.606709983,1.524777184,1841,1672,6,61,1847,1733
10404,3.61783764,1.068649815,933,808,4,27,937,835
10405,1.668860813,0.1479949643,1359,1310,5,31,1364,1341
10406,4.544182468,2.735723598,995,905,3,55,998,960
10407,1.250038977,2.587275975,689,669,2,19,691,688
10408,4.352455382,2.325904666,1724,1577,12,90,1736,1667
10409,2.630254847,0.4083925057,1447,1402,7,44,1454,1446
10410,2.831386774,1.879012681,654,617,2,32,656,649
10411,2.256299724,0.7354766068,1141,1019,2,29,1143,1048
10412,2.038759812,1.289832069,1020,900,10,45,1030,945
10413,2.424020381,0.009421310022,1277,1222,7,37,1284,1259
10414,1.5958902,2.643247274,761,745,1,36,762,781
10415,3.836618551,2.937965349,829,742,4,39,833,781
10416,2.799700701,2.689041979,1349,1264,5,58,1354,1322
10417,3.250861105,2.726052642,1696,1544,10,97,1706,1641
10418,3.149221478,2.234888064,1788,1673,9,93,1797,1766
10419,2.029488407,1.04402479,1092,1038,3,42,1095,1080
10420,4.632223489,2.477676224,1290,1186,7,58,1297,1244
10421,3.769591391,1.668632253,1583,1482,7,79,1590,1561
10422,3.864300606,2.289129424,1644,1444,3,76,1647,1520
10423,1.637543895,2.124967688,1486,1407,10,58,1496,1465
10424,3.043197574,2.825214945,1800,1669,10,88,1810,1757
10425,2.004021222,0.00305151198,1772,1671,12,45,1784,1716
10426,3.591865248,2.710359108,1202,1074,4,55,1206,1129
10427,2.060133797,1.755679238,1212,1113,7,45,1219,1158
10428,4.10462433,2.941679849,1419,1313,5,72,1424,1385
10429,4.761760111,1.651644891,1068,890,6,46,1074,936
10430,4.283421501,0.2867167335,1028,958,4,43,1032,1001
10431,4.912386375,0.0409179059,1143,1084,8,32,1151,1116
10432,4.452421509,1.979613721,1596,1444,8,72,1604,1516
10433,2.169010127,2.607672417,1366,1248,3,65,1369,1313
10434,1.433898214,2.157350774,892,831,3,34,895,865
10435,4.826219695,2.045189116,1901,1692,9,88,1910,1780
10436,2.143804276,1.945933672,950,902,4,27,954,929
10437,4.3734654,1.591728394,1650,1613,8,70,1658,1683
10438,2.340694702,1.205570669,1314,1197,3,51,1317,1248
10439,1.75420623,1.786700533,1704,1604,3,64,1707,1668
10440,2.799311475,2.093069148,1256,1192,4,59,1260,1251
10441,3.355171248,2.97891132,1435,1333,5,63,1440,1396
10442,1.329925159,0.738148062,1150,1038,7,28,1157,1066
10443,2.785444181,2.051746752,983,920,4,51,987,971
10444,4.306160375,1.271047331,701,633,2,32,703,665
10445,4.252607286,2.71209018,1682,1566,5,71,1687,1637
10446,1.415536437,2.866640624,1590,1409,8,74,1598,1483
10447,3.453404711,0.1032398913,1357,1283,6,44,1363,1327
10448,2.407798536,2.95948181,912,852,4,36,916,888
10449,2.121605361,1.158475027,1701,1541,9,66,1710,1607
10450,3.327984387,2.946651125,684,631,0,31,684,662
10451,2.469935755,1.510538324,1280,1148,9,51,1289,1199
10452,4.298037718,0.4219401215,1362,1249,3,48,1365,1297
10453,3.117057717,1.257465837,786,708,3,39,789,747
10454,4.5774937,2.068514754,1601,1444,5,75,1606,1519
10455,1.023041796,1.809957093,1747,1618,5,65,1752,1683
10456,1.672127197,0.5158091038,1041,897,0,32,1041,929
10457,1.308103654,2.648023706,1758,1638,4,78,1762,1716
10458,4.398109372,2.84845411,1040,883,4,55,1044,938
10459,4.653041267,1.581355341,1367,1292,4,57,1371,1349
10460,1.037290913,2.961891739,1800,1666,11,79,1811,1745
10461,3.308260819,2.865870892,687,614,3,42,690,656
10462,1.721604474,0.769485215,988,934,6,32,994,966
10463,4.852366859,2.015992376,1467,1347,2,71,1469,1418
10464,3.348654707,1.909587237,1682,1659,5,88,1687,1747
10465,2.164852185,1.276231312,1198,1141,7,54,1205,1195
10466,1.876688563,2.47943125,681,615,4,22,685,637
10467,3.868320002,1.863119832,1610,1489,3,76,1613,1565
10468,2.397150247,1.969277024,1173,1060,5,54,1178,1114
10469,1.09843478,1.984950946,1180,1090,6,38,1186,1128
10470,2.2383411,1.789178142,1771,1697,6,87,1777,1784
10471,3.536708736,1.648001844,1742,1591,7,59,1749,1650
10472,2.903469621,2.026707657,1252,1050,3,53,1255,1103
10473,4.189882462,0.628762416,1857,1701,9,72,1866,1773
10474,4.761241591,1.312161896,941,815,2,39,943,854
10475,4.60125013,2.355225383,1057,993,9,43,1066,1036
10476,2.619366063,2.060158344,1140,935,3,45,1143,980
10477,3.718396562,1.455519416,1469,1368,3,71,1472,1439
10478,1.755402356,2.628131412,909,826,3,36,912,862
10479,2.999638965,2.121241994,1027,1019,5,53,1032,1072
10480,1.918899513,1.173026014,1557,1302,10,65,1567,1367
10481,4.738298655,2.523914348,1248,1198,5,61,1253,1259
10482,2.157643143,2.695277168,1927,1602,6,91,1933,1693
10483,3.482008225,0.09049344371,1286,1164,5,36,1291,1200
10484,4.077273152,1.717816263,1132,1058,9,52,1141,1110
10485,3.173710029,1.274245212,1613,1499,7,67,1620,1566
10486,1.236081398,0.7000688263,1039,959,7,34,1046,993
10487,1.671138915,1.452428491,1453,1360,10,59,1463,1419
10488,4.086863653,1.465113369,1290,1141,6,46,1296,1187
10489,2.372093718,0.3281346413,1680,1514,9,51,1689,1565
10490,4.480719057,2.237044076,1162,1054,5,49,1167,1103
10491,3.167031173,1.802754095,1009,954,2,36,1011,990
10492,1.627660715,0.6935788113,1821,1703,9,36,1830,1739
10493,1.968794932,2.83319703,1820,1727,10,88,1830,1815
10494,4.931447038,0.1227957193,654,641,3,14,657,655
10495,3.219051827,0.9094093819,791,754,6,30,797,784
10496,3.702163483,0.9760902516,666,637,4,24,670,661
10497,1.058992004,0.02982869482,666,617,7,16,673,633
10498,2.994428083,0.6663929638,1047,1018,5,48,1052,1066
10499,4.703931065,2.205914737,793,774,2,34,795,808
10500,2.143711607,0.08369636919,1775,1678,4,44,1779,1722
10501,4.121367393,0.1043063021,1213,1176,4,40,1217,1216
10502,2.397190627,0.3527987339,985,966,7,26,992,992
10503,1.96540852,1.240628793,1686,1603,4,56,1690,1659
10504,4.787291114,0.8853195393,885,868,2,37,887,905
10505,1.404730904,1.060495102,902,832,3,26,905,858
10506,1.880045124,0.3767664304,1744,1641,11,47,1755,1688
10507,4.695182079,1.675862767,1809,1694,7,76,1816,1770
10508,3.477459817,0.8933208909,706,618,3,25,709,643
10509,1.503902832,1.68035172,750,726,2,29,752,755
10510,4.396884442,2.875378659,1722,1605,5,102,1727,1707
10511,2.332464036,1.133911233,1613,1458,9,69,1622,1527
10512,2.659164006,0.8194475177,1331,1211,7,40,1338,1251
10513,3.443205613,1.294461997,1575,1475,7,60,1582,1535
10514,1.045672349,0.8848995443,1013,926,5,29,1018,955
10515,2.936664922,1.635978818,1447,1367,10,61,1457,1428
10516,2.885844422,0.1231615361,1659,1549,6,49,1665,1598
10517,4.550042259,1.233803612,1879,1742,8,67,1887,1809
10518,3.400795281,0.9811731647,830,791,2,30,832,821
10519,3.001418221,1.180802823,713,621,2,26,715,647
10520,4.332528327,2.130125608,686,616,4,36,690,652
10521,1.167737994,1.865021176,1141,1044,7,38,1148,1082
10522,3.056895795,2.739332446,1067,929,4,37,1071,966
10523,3.216251483,2.338517294,1337,1267,5,65,1342,1332
10524,4.324736014,0.4954635455,1826,1706,8,68,1834,1774
10525,4.703547826,0.6153488475,1346,1290,2,45,1348,1335
10526,2.382503057,1.03788582,705,623,2,13,707,636
10527,2.888158021,2.460060411,1611,1447,13,62,1624,1509
10528,2.594712444,0.08135730149,923,884,3,17,926,901
10529,3.099728997,0.2286204235,1504,1299,7,47,1511,1346
10530,3.96795628,1.967786746,1219,1145,6,54,1225,1199
10531,3.231218042,1.587416968,1316,1331,11,64,1327,1395
10532,3.404271808,0.1004558098,1164,1078,2,25,1166,1103
10533,1.699456926,0.0008248739664,1818,1743,13,45,1831,1788
10534,4.729894984,1.909868366,698,649,3,29,701,678
10535,1.247949308,0.04353173108,1156,1073,4,27,1160,1100
10536,4.843758453,1.949195871,1026,956,2,47,1028,1003
10537,1.832514597,0.1802717009,1801,1589,6,49,1807,1638
10538,4.280989199,0.7652114975,1101,1022,5,42,1106,1064
10539,4.658470717,0.9462793623,1262,1204,3,58,1265,1262
10540,3.221704967,1.173507025,1765,1684,11,65,1776,1749
10541,3.545725819,0.2322923113,689,636,1,26,690,662
10542,4.608984734,1.333066608,805,767,3,41,808,808
10543,3.780265188,0.608837699,682,637,4,27,686,664
10544,2.224180799,2.006432869,1029,956,7,44,1036,1000
10545,4.73806707,1.637425386,1258,1131,3,62,1261,1193
10546,3.439482761,1.770231399,1787,1634,4,79,1791,1713
10547,4.773787568,2.373666634,691,660,5,26,696,686
10548,1.534219613,2.570619804,1730,1599,10,84,1740,1683
10549,3.363123025,0.5281555766,1017,984,2,35,1019,1019
10550,1.933899047,0.7702048869,1467,1316,7,49,1474,1365
10551,3.000647409,2.502989718,1422,1289,7,44,1429,1333
10552,4.013744147,1.073169863,1055,990,1,42,1056,1032
10553,3.499878402,2.494907221,922,779,5,50,927,829
10554,4.087325161,0.8318066085,975,931,3,44,978,975
10555,4.973159901,0.1623226895,1596,1535,3,48,1599,1583
10556,4.120542868,2.940798238,683,583,2,26,685,609
10557,1.144258661,0.07634725627,673,624,7,9,680,633
10558,4.906750249,1.890123955,1369,1234,5,72,1374,1306
10559,1.509907585,0.7971052488,1365,1199,5,34,1370,1233
10560,4.212917261,0.4574561183,938,872,5,28,943,900
10561,1.94753573,0.4519096432,906,866,9,38,915,904
10562,4.732374571,2.997749875,1172,1016,5,62,1177,1078
10563,2.17063782,0.506928643,1740,1592,9,55,1749,1647
10564,3.259977929,1.249059859,1323,1303,8,58,1331,1361
10565,2.522020877,1.314539258,935,872,7,35,942,907
10566,1.466812411,2.86247946,1165,1088,4,47,1169,1135
10567,3.989778094,1.928035141,639,623,3,30,642,653
10568,1.521686368,2.913207787,1794,1566,8,77,1802,1643
10569,2.258707528,1.320541998,1267,1200,5,41,1272,1241
10570,1.463465587,2.105392317,1131,1030,3,45,1134,1075
10571,4.2726034,1.997054269,803,737,3,21,806,758
10572,3.851613286,0.8499649123,1489,1390,8,46,1497,1436
10573,1.596729302,0.01592390121,1159,998,8,19,1167,1017
10574,1.921117328,1.881332971,681,623,4,18,685,641
10575,1.672905383,1.752148101,1821,1708,7,75,1828,1783
10576,3.371820086,0.4342684458,1486,1302,9,55,1495,1357
10577,4.235765154,1.983544663,776,745,4,43,780,788
10578,1.719417317,1.393127544,1840,1710,7,76,1847,1786
10579,3.639417419,0.8098687975,1357,1266,5,52,1362,1318
10580,1.023026581,2.299658819,790,691,4,31,794,722
10581,2.886238842,1.528633715,662,608,6,19,668,627
10582,4.130142924,0.8136686888,718,678,4,33,722,711
10583,3.659616795,1.560018622,1536,1503,7,75,1543,1578
10584,3.058226436,0.7946464326,1564,1460,10,71,1574,1531
10585,4.448492788,0.3228875956,1837,1657,11,62,1848,1719
10586,1.588548935,1.574609215,1120,1013,7,44,1127,1057
10587,2.288314216,1.138393954,1301,1114,4,40,1305,1154
10588,3.84886822,1.685452981,921,860,4,50,925,910
10589,4.185741905,1.072738515,1749,1710,9,71,1758,1781
10590,4.103968791,1.034078025,1835,1755,9,77,1844,1832
10591,4.880370446,2.502161913,1478,1347,8,85,1486,1432
10592,4.058172561,0.9655657463,800,738,3,31,803,769
10593,4.713329949,1.016906134,927,827,4,32,931,859
10594,4.810358437,0.03047402222,1663,1569,7,38,1670,1607
10595,1.131489335,1.51450637,1177,1057,8,36,1185,1093
10596,4.219241604,2.012166829,1022,950,5,43,1027,993
10597,2.511203598,2.308449143,1555,1467,7,77,1562,1544
10598,3.222257726,1.778915235,893,856,2,32,895,888
10599,3.650524744,2.67661178,1671,1542,6,101,1677,1643
10600,3.68076397,1.215704099,1886,1702,13,69,1899,1771
10601,1.089934068,2.326999773,1192,1095,8,40,1200,1135
10602,1.604994356,0.5129107857,1559,1401,8,50,1567,1451
10603,2.10878576,1.765664049,1582,1489,6,61,1588,1550
10604,3.600749198,2.016420928,1218,1157,5,61,1223,1218
10605,4.97179972,0.4748962833,1208,1158,6,44,1214,1202
10606,1.770670792,2.989698485,1011,907,1,54,1012,961
10607,3.942084,0.6558327674,1838,1650,7,69,1845,1719
10608,3.436827458,2.89948228,1713,1517,6,90,1719,1607
10609,1.991770519,2.830910792,1600,1440,4,75,1604,1515
10610,2.917202541,0.2556904919,809,783,1,37,810,820
10611,3.137644125,0.2121385387,911,893,3,26,914,919
10612,1.035169236,0.7401138111,1624,1448,13,43,1637,1491
10613,2.050254808,0.4567551877,1282,1200,2,40,1284,1240
10614,4.440021868,0.9944244757,1347,1232,1,63,1348,1295
10615,4.665827414,1.733059882,794,726,2,43,796,769
10616,2.972879806,1.926057364,1337,1281,5,68,1342,1349
10617,3.27655108,0.1862743456,677,650,5,20,682,670
10618,2.279683154,0.4564549336,1253,1168,4,32,1257,1200
10619,2.143920512,0.8614331131,1145,1057,3,45,1148,1102
10620,3.093658962,1.12544236,921,844,3,41,924,885
10621,3.726086623,1.282124274,781,790,4,33,785,823
10622,2.290870111,1.257924336,796,702,3,31,799,733
10623,1.357125729,2.154410374,1508,1441,6,55,1514,1496
10624,3.045117126,0.3208465355,995,943,5,32,1000,975
10625,2.863301315,0.7865736782,665,652,3,25,668,677
10626,2.927899866,1.369579196,758,714,2,34,760,748
10627,4.298930968,0.433414461,1159,1029,3,35,1162,1064
10628,4.564595917,1.836332433,1634,1442,4,72,1638,1514
10629,1.858585,0.7142841324,1497,1382,7,47,1504,1429
10630,4.761041191,2.433539578,1411,1227,5,72,1416,1299
10631,3.330193895,1.849483817,1846,1675,3,86,1849,1761
10632,1.287483936,1.316351511,867,884,4,31,871,915
10633,1.515014756,1.315350384,824,718,1,33,825,751
10634,2.918328126,1.998539588,1833,1604,6,89,1839,1693
10635,1.67328146,1.347032431,1604,1486,7,60,1611,1546
10636,1.469903957,2.843177403,994,926,4,44,998,970
10637,4.767810938,1.586062037,785,758,4,34,789,792
10638,3.709003237,1.626112635,772,796,5,31,777,827
10639,2.560352971,1.175169989,1039,980,5,47,1044,1027
10640,3.921151313,0.8355801616,1462,1382,6,57,1468,1439
10641,3.345642936,2.344967476,1631,1496,7,72,1638,1568
10642,1.39826219,0.005716531176,1704,1654,8,38,1712,1692
10643,1.728885209,2.849342125,1031,967,5,42,1036,1009
10644,4.983034695,2.921139697,1249,1197,2,66,1251,1263
10645,3.617289383,1.621656214,1125,1088,3,46,1128,1134
10646,3.361055532,0.9244697011,1848,1752,6,75,1854,1827
10647,2.461356334,2.085132954,709,660,1,37,710,697
10648,4.750541395,2.559539641,1679,1489,4,109,1683,1598
10649,2.668802693,2.479028,1494,1343,7,75,1501,1418
10650,4.623689597,1.496132039,1014,904,6,48,1020,952
10651,3.746885285,0.5171999208,680,626,1,16,681,642
10652,3.404194771,2.5764635,820,700,5,39,825,739
10653,1.317437704,0.5504394629,1112,1043,7,37,1119,1080
10654,4.920800881,0.05375495235,759,716,2,29,761,745
10655,4.839951718,2.207098983,956,939,2,58,958,997
10656,1.119713085,1.25161245,1589,1498,7,50,1596,1548
10657,1.752576767,2.728145313,917,832,5,41,922,873
10658,3.025461933,1.198397251,1591,1476,7,53,1598,1529
10659,3.744962814,1.255392218,1519,1467,5,65,1524,1532
10660,1.971467706,2.408131766,1143,1084,4,49,1147,1133
10661,2.028846999,1.875812612,1665,1380,6,73,1671,1453
10662,4.6177324,0.5524226346,739,751,3,44,742,795
10663,4.551492442,1.380564614,1586,1485,6,64,1592,1549
10664,4.726307598,0.116909037,1001,983,4,34,1005,1017
10665,3.488315202,0.6376150491,1776,1668,10,76,1786,1744
10666,4.49556399,0.003984034364,1275,1243,7,41,1282,1284
10667,1.354425094,2.039300109,1415,1371,8,48,1423,1419
10668,2.143721151,2.283174878,1216,1151,8,53,1224,1204
10669,2.959170413,0.7600551761,1509,1361,8,50,1517,1411
10670,1.55725312,1.450489081,1587,1421,16,63,1603,1484
10671,2.670159026,1.634702016,1476,1343,6,71,1482,1414
10672,3.851473695,1.764201667,1526,1335,4,61,1530,1396
10673,2.698148602,2.484869713,1510,1322,8,54,1518,1376
10674,2.416970433,1.540731561,1176,1171,6,51,1182,1222
10675,1.729960232,0.8934942568,811,755,3,18,814,773
10676,4.699493064,0.4872830506,676,635,1,20,677,655
10677,2.920182431,0.6419855763,1084,980,6,39,1090,1019
10678,3.918928787,1.023646652,746,711,4,36,750,747
10679,1.429089844,0.9437562351,944,827,2,25,946,852
10680,2.442713853,0.1882265135,1688,1567,12,42,1700,1609
10681,4.753020906,2.682352865,1048,900,1,54,1049,954
10682,2.128978723,2.11961147,1094,1115,3,64,1097,1179
10683,3.368188682,2.346138312,1856,1634,7,85,1863,1719
10684,1.159079826,0.673319336,1380,1218,7,35,1387,1253
10685,4.244526872,2.206026333,1721,1558,8,83,1729,1641
10686,4.847642966,0.6779128518,1236,1249,5,51,1241,1300
10687,4.304744273,0.8719818538,1525,1344,6,64,1531,1408
10688,3.768557604,1.629493057,780,778,3,39,783,817
10689,4.813691138,1.314108618,1199,1082,6,46,1205,1128
10690,3.417861515,2.134362387,680,637,3,35,683,672
10691,4.061080307,1.106269991,1038,991,4,46,1042,1037
10692,3.587854386,0.01107650536,1393,1236,7,26,1400,1262
10693,4.927396857,0.627045265,1349,1237,8,43,1357,1280
10694,4.884020091,0.8134158189,784,749,4,34,788,783
10695,3.066745551,2.322015983,1311,1128,8,60,1319,1188
10696,2.972499093,1.837942093,1783,1688,9,71,1792,1759
10697,3.587364497,2.175903415,928,880,3,47,931,927
10698,4.580644461,0.512599496,1594,1472,6,65,1600,1537
10699,1.059857481,0.8004569205,729,674,5,16,734,690
10700,3.018617685,1.646094833,925,838,6,30,931,868
10701,4.74997687,0.7918727049,1646,1476,9,68,1655,1544
10702,4.599615563,0.6636559805,910,881,2,42,912,923
10703,1.00229996,0.8550012168,697,655,1,24,698,679
10704,1.153868885,0.1754597962,833,709,6,22,839,731
10705,2.884866481,1.581409271,680,654,2,33,682,687
10706,1.602051452,1.00820917,641,652,3,16,644,668
10707,2.380800249,0.4900698008,1476,1386,4,46,1480,1432
10708,4.397865762,1.472240165,932,811,4,36,936,847
10709,3.971065979,2.293043287,1786,1502,10,78,1796,1580
10710,1.441446486,1.564819892,938,839,3,30,941,869
10711,4.088168665,0.08461994985,1028,982,3,33,1031,1015
10712,3.93971388,0.1732479509,1078,935,3,35,1081,970
10713,3.469626263,1.429257077,1714,1533,6,62,1720,1595
10714,2.990465455,1.103426739,1019,923,1,31,1020,954
10715,3.922271304,0.4294359472,1603,1462,8,57,1611,1519
10716,1.202032956,0.0748559653,1340,1299,6,32,1346,1331
10717,1.312988311,0.815920637,1427,1413,7,43,1434,1456
10718,3.101608746,1.582796764,1566,1486,7,63,1573,1549
10719,1.298853257,2.397843551,878,809,3,39,881,848
10720,3.877346676,1.196323637,1093,1024,8,40,1101,1064
10721,4.041439044,0.2471379837,1919,1715,6,59,1925,1774
10722,3.645123747,2.922109523,1737,1627,6,70,1743,1697
10723,3.091746099,2.104547593,1635,1482,4,65,1639,1547
10724,4.283580706,0.9136141904,1709,1519,8,71,1717,1590
10725,1.306195129,0.05765903224,881,830,9,17,890,847
10726,3.308732073,1.069156353,1257,1162,3,50,1260,1212
10727,4.57542292,1.885176939,1739,1613,10,67,1749,1680
10728,1.744041361,2.256899673,1207,1185,5,53,1212,1238
10729,4.894973275,2.154131003,982,942,4,50,986,992
10730,1.862221746,0.3091336919,1575,1488,10,45,1585,1533
10731,1.148121052,1.246176966,1321,1261,7,36,1328,1297
10732,2.617364953,0.05751692126,1410,1445,2,50,1412,1495
10733,2.649933186,1.115609587,1152,1044,9,43,1161,1087
10734,2.86263228,0.8094641639,659,611,2,29,661,640
10735,3.335504079,0.3197401138,1192,1188,3,54,1195,1242
10736,1.397668567,2.675827147,1594,1503,9,69,1603,1572
10737,2.024221333,1.757926698,818,753,4,37,822,790
10738,2.52035019,1.951311747,1215,1080,7,53,1222,1133
10739,3.67555399,2.922990086,1313,1229,9,73,1322,1302
10740,1.847135012,1.756290554,1027,908,4,33,1031,941
10741,1.418506121,2.901882426,1253,1213,7,49,1260,1262
10742,1.319906151,2.223677393,1080,889,3,29,1083,918
10743,4.202482484,2.179478354,1290,1177,3,53,1293,1230
10744,4.504083888,2.826636996,1829,1671,8,104,1837,1775
10745,3.600170287,1.589054161,681,621,5,26,686,647
10746,1.481323185,2.699590054,1271,1169,8,56,1279,1225
10747,2.111522946,1.877678813,1382,1279,8,67,1390,1346
10748,1.941755166,2.873421033,650,617,6,31,656,648
10749,2.44528571,1.487509614,947,854,6,34,953,888
10750,3.629810046,2.741998662,951,839,3,49,954,888
10751,1.159448203,1.813929768,683,661,4,20,687,681
10752,2.982174665,0.2551457662,790,760,1,23,791,783
10753,2.277189728,0.4951966283,1712,1583,10,51,1722,1634
10754,4.923776896,2.96516489,1711,1537,4,87,1715,1624
10755,1.596774917,0.3003013601,1360,1269,7,51,1367,1320
10756,3.562370347,2.971273218,1260,1179,8,73,1268,1252
10757,4.555945653,1.161944428,1864,1700,9,80,1873,1780
10758,3.649957751,2.56857267,1042,902,3,54,1045,956
10759,4.431426281,0.8012417656,1764,1524,5,71,1769,1595
10760,3.520945406,0.9978028333,1542,1343,3,63,1545,1406
10761,2.790651819,1.707500779,1480,1404,10,76,1490,1480
10762,1.634029304,1.867376154,1206,1184,5,47,1211,1231
10763,1.681373241,0.505408446,1171,1030,9,35,1180,1065
10764,4.454429218,1.718079021,877,852,5,42,882,894
10765,2.005698796,0.176707196,747,757,5,28,752,785
10766,3.822174779,2.132585243,1320,1277,6,53,1326,1330
10767,2.082350392,0.4379225391,1044,921,10,35,1054,956
10768,1.133440998,1.485413369,1067,976,4,28,1071,1004
10769,2.748039471,2.325387675,929,868,3,35,932,903
10770,1.024388413,2.13595551,1720,1535,18,61,1738,1596
10771,2.880362569,2.46257219,1383,1287,5,71,1388,1358
10772,2.267422823,1.60285304,798,741,1,34,799,775
10773,4.298887484,0.890795237,672,585,3,24,675,609
10774,2.45110515,2.164811794,1644,1443,6,81,1650,1524
10775,1.722933278,1.735629508,795,723,4,17,799,740
10776,2.468170153,2.037906654,1602,1432,2,76,1604,1508
10777,4.378905078,2.698226315,1147,1040,2,59,1149,1099
10778,1.757504083,2.728839447,1635,1416,7,72,1642,1488
10779,1.309593783,1.995371995,895,868,4,27,899,895
10780,2.959806566,1.107479235,1756,1567,5,76,1761,1643
10781,4.115167084,2.444633406,794,735,4,47,798,782
10782,4.525215233,2.779790457,991,938,4,61,995,999
10783,4.470190533,1.955618596,1121,1074,3,67,1124,1141
10784,1.825131512,2.217521657,814,730,3,42,817,772
10785,2.806188988,1.811864748,1037,949,7,41,1044,990
10786,1.336587759,0.8372412002,1118,1081,7,39,1125,1120
10787,2.322647611,1.374039838,1465,1345,1,50,1466,1395
10788,1.715063763,0.1128620912,1004,959,6,33,1010,992
10789,4.645752379,1.746145544,1310,1153,7,64,1317,1217
10790,2.973567747,2.187402493,799,733,6,38,805,771
10791,1.46218371,0.6660353353,1038,931,1,29,1039,960
10792,4.613411622,2.437502644,1524,1327,8,57,1532,1384
10793,2.246335128,1.686994102,1557,1351,6,60,1563,1411
10794,1.27307369,0.4732905064,1734,1580,16,47,1750,1627
10795,2.422336079,1.03719063,1774,1712,5,78,1779,1790
10796,4.841902543,0.2534201497,1249,1137,7,54,1256,1191
10797,3.832064457,0.264031336,1436,1278,8,62,1444,1340
10798,3.828823394,0.1889725909,1429,1370,5,65,1434,1435
10799,3.202625301,2.179156256,1673,1613,4,91,1677,1704
10800,2.189499916,1.984487405,911,829,5,40,916,869
10801,2.976251662,1.926247627,1802,1687,9,80,1811,1767
10802,3.997245217,1.850330973,1842,1624,6,97,1848,1721
10803,4.647618076,0.5522180408,1626,1415,7,60,1633,1475
10804,1.803259934,0.1945322362,1011,951,4,23,1015,974
10805,1.769251327,0.6477735595,1106,1073,5,43,1111,1116
10806,1.32971108,2.485186363,1005,913,4,44,1009,957
10807,2.91025255,2.283780552,1636,1498,12,76,1648,1574
10808,3.391868356,2.794242304,1822,1585,6,99,1828,1684
10809,3.624672464,1.017554559,1649,1473,4,60,1653,1533
10810,4.319327008,0.8215804322,705,630,3,34,708,664
10811,3.298847369,0.7782916037,1474,1340,5,53,1479,1393
10812,4.155698218,0.1448080859,1655,1599,6,61,1661,1660
10813,2.928404792,0.7463575246,1026,974,2,37,1028,1011
10814,1.359835401,0.3384096831,1250,1168,4,26,1254,1194
10815,4.018001495,1.451329189,717,610,2,28,719,638
10816,4.090325703,2.458681155,699,607,1,30,700,637
10817,1.583325798,0.406278414,1453,1358,14,41,1467,1399
10818,1.332586461,1.481323754,1260,1205,5,37,1265,1242
10819,3.571561364,1.734523549,1777,1651,11,83,1788,1734
10820,3.307397988,1.213379928,928,852,2,29,930,881
10821,4.323859557,0.08400495534,1802,1640,9,59,1811,1699
10822,1.610099415,2.488322477,1138,1027,4,53,1142,1080
10823,2.605364967,0.6809641624,1463,1387,9,47,1472,1434
10824,4.103473485,1.299016622,1645,1569,10,89,1655,1658
10825,3.04040612,1.548361049,1717,1566,9,75,1726,1641
10826,2.244760741,1.542810055,797,723,4,37,801,760
10827,4.848377065,1.846379046,682,672,3,37,685,709
10828,4.683165386,0.452225055,754,711,0,23,754,734
10829,4.39397408,2.094188633,1197,1041,2,49,1199,1090
10830,2.574486109,0.1103815551,1619,1460,8,40,1627,1500
10831,1.784346374,2.04574972,1004,934,5,37,1009,971
10832,3.117829801,2.889516857,1233,1241,3,61,1236,1302
10833,2.78869295,2.873140777,951,815,1,38,952,853
10834,1.258147546,2.236740342,1799,1743,6,54,1805,1797
10835,4.92003471,0.6127888051,1060,921,3,33,1063,954
10836,1.277010306,1.466373939,1698,1496,7,54,1705,1550
10837,2.601831204,1.903748907,1642,1566,4,92,1646,1658
10838,1.410152954,2.627919208,1479,1378,6,57,1485,1435
10839,2.041853044,1.482664845,1828,1648,10,69,1838,1717
10840,2.083029114,0.4235339533,709,631,4,23,713,654
10841,3.233212499,0.7313198451,1876,1725,7,79,1883,1804
10842,4.831525986,1.624148689,1842,1807,11,76,1853,1883
10843,4.499963025,2.523951909,1224,1147,3,64,1227,1211
10844,2.256536707,2.071117916,1614,1451,9,78,1623,1529
10845,1.220965907,1.6590988,1556,1447,13,60,1569,1507
10846,3.372552423,2.085625296,1702,1559,6,84,1708,1643
10847,1.198521804,2.377414071,919,793,3,36,922,829
10848,3.786553429,1.369413991,691,644,2,31,693,675
10849,1.175022019,0.5490694653,1720,1560,7,40,1727,1600
10850,2.478109213,1.118472603,1606,1504,7,63,1613,1567
10851,2.72250925,1.757574943,1339,1220,8,69,1347,1289
10852,4.641903136,2.731621318,1278,1170,3,72,1281,1242
10853,2.803289557,2.071204138,1785,1731,4,83,1789,1814
10854,4.687606452,2.052230134,1137,1037,12,50,1149,1087
10855,4.866842628,2.899909615,1448,1262,5,79,1453,1341
10856,2.142567147,2.696059822,622,651,4,19,626,670
10857,4.077623013,0.2798569931,1007,982,2,31,1009,1013
10858,3.022594788,0.3255941554,822,750,4,32,826,782
10859,2.496007955,1.918491958,1033,910,3,43,1036,953
10860,3.90015568,1.978420495,1762,1716,6,94,1768,1810
10861,1.554938197,2.710333413,1635,1434,5,77,1640,1511
10862,2.362155142,2.594344193,702,624,3,30,705,654
10863,3.315370387,2.2743147,1780,1678,4,94,1784,1772
10864,3.113428869,1.291173068,1260,1153,5,56,1265,1209
10865,2.853086105,0.6372584525,622,670,4,24,626,694
10866,4.542579714,2.080202911,1253,1136,2,50,1255,1186
10867,1.13177492,1.784417669,891,863,3,26,894,889
10868,2.108150947,0.9981583039,1497,1443,8,59,1505,1502
10869,1.462761811,1.718698504,902,817,3,30,905,847
10870,4.480203812,2.60948024,942,881,2,44,944,925
10871,3.555762605,2.358285184,1025,920,4,43,1029,963
10872,1.279648209,0.2427793181,776,771,3,15,779,786
10873,4.39778158,2.837870677,1512,1330,1,93,1513,1423
10874,2.949098509,2.891510589,1835,1620,8,88,1843,1708
10875,4.768407398,2.169996954,1854,1650,5,103,1859,1753
10876,3.803567098,1.907787907,1311,1154,6,58,1317,1212
10877,4.249871288,2.049045992,1695,1651,3,82,1698,1733
10878,1.576703937,1.229139506,1424,1188,6,40,1430,1228
10879,2.165916753,0.6736841173,1101,1110,4,35,1105,1145
10880,3.857905563,1.263360824,1812,1592,5,92,1817,1684
10881,1.616464639,2.191922693,1078,989,5,41,1083,1030
10882,1.755752802,0.1858117026,1575,1395,6,40,1581,1435
10883,1.765141084,1.873381903,994,940,7,35,1001,975
10884,4.94270363,2.51095579,1161,1049,5,57,1166,1106
10885,4.324531797,1.153695895,815,745,1,36,816,781
10886,2.109081617,2.507030569,1760,1593,8,67,1768,1660
10887,1.822832395,0.1728447281,1135,1077,5,33,1140,1110
10888,1.901117428,0.4555494051,1630,1496,13,40,1643,1536
10889,4.857498836,2.498944539,704,629,3,36,707,665
10890,1.098612058,2.01943423,1733,1571,9,58,1742,1629
10891,1.752994118,2.423388013,1801,1576,10,86,1811,1662
10892,4.360211301,2.717160196,1503,1369,4,77,1507,1446
10893,1.564929907,0.1467676695,638,649,3,24,641,673
10894,3.930957752,0.7347013689,1392,1260,5,52,1397,1312
10895,3.290540354,0.08479035333,733,756,1,14,734,770
10896,3.285306148,2.065506695,1020,974,5,50,1025,1024
10897,4.025195265,0.620934329,935,790,4,29,939,819
10898,2.602915655,1.502378781,1009,942,5,49,1014,991
10899,3.956633223,2.906633359,950,798,4,42,954,840
10900,3.811307244,1.656696975,1859,1676,6,87,1865,1763
10901,3.250017572,2.281371491,918,816,7,43,925,859
10902,4.131220269,0.1953217708,1755,1623,5,43,1760,1666
10903,2.570356281,2.266223157,1429,1397,7,60,1436,1457
10904,3.880972687,2.023910556,723,609,3,33,726,642
10905,3.473293179,1.075583669,739,717,1,27,740,744
10906,2.251417507,2.713932779,1158,1055,1,38,1159,1093
10907,1.25877712,2.316273706,1550,1457,5,56,1555,1513
10908,3.086317899,0.6668859017,1094,1032,6,31,1100,1063
10909,1.89317569,0.02671801895,1296,1195,5,26,1301,1221
10910,2.098544763,0.4651868263,1489,1371,6,46,1495,1417
10911,3.038570097,1.672516873,1750,1550,7,71,1757,1621
10912,3.690439016,2.436474983,682,642,2,50,684,692
10913,3.627298908,1.096819682,1114,1027,7,49,1121,1076
10914,3.885427898,2.507511578,1763,1652,6,100,1769,1752
10915,3.897665463,0.758475375,682,625,5,30,687,655
10916,3.075036349,1.739133909,1160,1012,9,40,1169,1052
10917,2.379135121,1.226896645,973,941,5,31,978,972
10918,2.438898653,1.422121068,909,796,7,29,916,825
10919,1.282457065,1.914721878,1503,1375,3,58,1506,1433
10920,2.287821455,2.586159348,1855,1650,9,72,1864,1722
10921,4.448034619,1.814193831,1412,1389,5,73,1417,1462
10922,3.340704526,1.530086444,1002,976,6,47,1008,1023
10923,4.430631596,1.354575518,1458,1315,3,64,1461,1379
10924,1.274281183,1.713823244,1483,1409,8,39,1491,1448
10925,4.887894124,0.7113663554,1564,1495,6,67,1570,1562
10926,4.552123763,0.5009636159,1454,1390,10,48,1464,1438
10927,3.412797219,2.614406035,1182,1099,6,63,1188,1162
10928,1.377604348,1.848499627,1412,1401,7,63,1419,1464
10929,3.702699681,0.8395353521,786,746,2,30,788,776
10930,4.833322448,1.267830947,775,773,3,50,778,823
10931,1.851526992,1.129316995,1368,1244,6,40,1374,1284
10932,3.491374409,2.723737064,881,808,2,42,883,850
10933,4.820239562,2.164064674,1480,1333,4,91,1484,1424
10934,1.532733096,2.572763872,1020,979,5,33,1025,1012
10935,1.817507316,2.490254725,1102,1064,3,51,1105,1115
10936,1.079288267,2.702540292,1802,1742,8,71,1810,1813
10937,2.945052194,0.3404162274,1801,1660,8,50,1809,1710
10938,3.324234513,1.877687544,1702,1586,8,75,1710,1661
10939,2.789005431,1.757987821,1444,1371,4,65,1448,1436
10940,2.187978705,1.739662142,751,764,3,34,754,798
10941,3.216745916,2.89692653,1028,927,3,44,1031,971
10942,1.191570541,2.393597369,1520,1344,6,58,1526,1402
10943,2.550569908,1.934855466,1118,1040,7,48,1125,1088
10944,2.654222621,1.861949079,1408,1213,3,58,1411,1271
10945,1.328005872,0.5301781063,666,638,4,17,670,655
10946,2.544959078,0.6105693228,836,790,4,20,840,810
10947,3.2455386,0.1333665932,1476,1423,8,40,1484,1463
10948,1.312720074,0.8507414905,827,734,2,28,829,762
10949,3.333483949,0.7226051933,776,792,4,21,780,813
10950,4.481218714,0.2610733634,687,646,4,16,691,662
10951,3.391959981,2.521303196,687,687,2,43,689,730
10952,2.162330703,2.346134809,691,657,5,35,696,692
10953,3.382385269,1.742738916,899,799,4,40,903,839
10954,1.714217148,2.918892374,1169,1057,8,47,1177,1104
10955,3.421466101,1.390706559,872,857,7,36,879,893
10956,4.795863179,2.851188279,751,738,2,43,753,781
10957,1.141098281,0.2843384895,1425,1291,7,38,1432,1329
10958,2.294877555,0.005896960648,1596,1486,4,39,1600,1525
10959,1.350204003,0.2305766791,1494,1347,5,41,1499,1388
10960,4.694756665,0.3742182741,1021,979,10,40,1031,1019
10961,2.844155624,1.626850475,1686,1562,9,71,1695,1633
10962,2.798206733,0.054846803,1549,1465,11,49,1560,1514
10963,4.332089103,1.983332499,682,607,0,41,682,648
10964,3.245946512,0.7738520029,1377,1310,9,50,1386,1360
10965,4.987380374,1.083643429,1666,1607,10,77,1676,1684
10966,4.073115104,0.6321515732,980,882,1,38,981,920
10967,1.925431448,0.970816344,1592,1443,5,42,1597,1485
10968,4.954914058,0.6396441934,1662,1619,5,65,1667,1684
10969,1.664811116,1.711694205,1185,1066,12,34,1197,1100
10970,2.941346597,1.271976034,1296,1185,7,55,1303,1240
10971,3.815148761,0.9382387391,1456,1367,14,58,1470,1425
10972,1.520158867,2.97551149,1654,1556,3,84,1657,1640
10973,1.614290692,0.1790267489,1265,1143,5,42,1270,1185
10974,2.541629135,2.429596047,1346,1263,11,71,1357,1334
10975,1.482156713,1.064233545,769,716,3,24,772,740
10976,1.421840606,0.155309312,1598,1489,2,38,1600,1527
10977,1.907550174,2.72399284,1210,1019,11,48,1221,1067
10978,4.850618454,0.08941237024,1567,1508,9,50,1576,1558
10979,2.307674639,0.3290775701,1589,1439,9,43,1598,1482
10980,4.206290054,2.412578074,821,742,6,37,827,779
10981,2.415662619,2.013375369,1713,1589,10,80,1723,1669
10982,1.916463037,1.984376208,773,732,1,36,774,768
10983,2.948562189,2.715944358,1557,1450,8,82,1565,1532
10984,3.423085312,0.6063951891,1454,1446,8,42,1462,1488
10985,1.682339348,0.5080607713,1096,1073,4,41,1100,1114
10986,4.009380395,2.231799162,800,762,4,38,804,800
10987,1.72907733,0.9816736388,1243,1129,4,40,1247,1169
10988,1.306469996,0.1482914641,1376,1257,11,29,1387,1286
10989,1.140495117,2.322544334,788,764,5,25,793,789
10990,4.609474445,1.811267495,954,784,4,50,958,834
10991,3.445298218,0.6227645435,1662,1596,8,64,1670,1660
10992,2.627557456,2.705026175,1554,1515,10,76,1564,1591
10993,3.399920113,0.296255449,1603,1444,6,55,1609,1499
10994,2.454763899,0.09961315306,1477,1398,9,39,1486,1437
10995,4.389065339,2.368661964,788,699,0,49,788,748
10996,1.891252615,1.33303908,872,847,0,32,872,879
10997,2.909067386,2.658512476,1424,1274,5,77,1429,1351
10998,4.544278478,2.485295148,1228,1128,8,76,1236,1204
10999,1.044517045,2.741259663,1423,1388,7,62,1430,1450
11000,1.160372851,2.603229958,886,829,4,30,890,859
11001,2.998743245,2.662998817,1784,1642,4,81,1788,1723
11002,4.177195603,1.353356058,1355,1240,4,76,1359,1316
11003,1.780219355,1.184892668,1096,1076,8,46,1104,1122
11004,4.975759591,2.708607256,1245,1131,5,71,1250,1202
11005,1.310912439,1.783757295,857,866,3,36,860,902
11006,2.740081832,1.442407738,663,620,7,33,670,653
11007,2.579518048,1.148350977,1663,1555,11,82,1674,1637
11008,2.3940269,2.977574902,1043,963,4,52,1047,1015
11009,4.133002308,2.443052392,931,855,6,45,937,900
11010,4.377891781,1.398412717,1578,1487,7,75,1585,1562
11011,1.478777079,0.3723056221,1831,1663,11,52,1842,1715
11012,3.097219273,0.5000342528,1839,1731,5,68,1844,1799
11013,1.772948013,0.7340224566,1593,1475,4,54,1597,1529
11014,2.66971735,1.516587041,899,840,3,28,902,868
11015,3.798962627,1.765626181,1567,1486,8,70,1575,1556
11016,4.823740419,0.2706576213,1602,1499,6,55,1608,1554
11017,3.237209454,2.286266541,1629,1424,9,64,1638,1488
11018,4.815839112,2.89826096,1399,1244,6,61,1405,1305
11019,4.856720562,2.213224462,1513,1355,8,84,1521,1439
11020,1.275389503,1.861578721,1026,919,10,16,1036,935
11021,1.176033573,1.651875044,1189,1051,6,40,1195,1091
11022,2.359400146,1.885357683,851,726,2,25,853,751
11023,1.413014519,2.181622418,656,634,1,32,657,666
11024,2.974649567,0.6910331613,1740,1519,7,59,1747,1578
11025,1.166833827,0.05024287337,918,875,7,25,925,900
11026,4.254580398,0.131500047,1818,1647,11,46,1829,1693
11027,1.359277299,1.665289083,654,646,7,23,661,669
11028,4.026898863,0.982278254,1411,1284,2,58,1413,1342
11029,1.507780208,2.78429195,1695,1547,3,67,1698,1614
11030,1.829750876,1.301276121,1894,1673,9,65,1903,1738
11031,3.442658102,1.33081689,1139,1068,6,45,1145,1113
11032,1.184303075,0.1269929404,1453,1366,5,33,1458,1399
11033,2.212691683,2.19002114,1246,1117,5,36,1251,1153
11034,4.122728011,2.972080982,1562,1340,4,79,1566,1419
11035,3.582464065,2.80112779,918,815,6,50,924,865
11036,1.658162615,0.8638795431,1223,1144,6,37,1229,1181
11037,3.524807547,0.3232394866,908,800,4,29,912,829
11038,1.377454638,1.221271628,1288,1158,7,40,1295,1198
11039,4.287709204,1.64476499,667,632,2,43,669,675
11040,1.295292076,0.7470566482,1720,1597,9,43,1729,1640
11041,3.145648037,1.969340912,1440,1381,6,72,1446,1453
11042,3.15091465,1.784286408,1178,1065,1,52,1179,1117
11043,1.181290516,0.6899973356,698,644,2,15,700,659
11044,1.392080754,0.5047306097,1198,1179,5,27,1203,1206
11045,3.839836673,1.638498017,1380,1198,7,46,1387,1244
11046,3.666281715,1.898461266,1340,1262,6,51,1346,1313
11047,1.039755365,1.450976042,1133,1036,8,34,1141,1070
11048,4.348308121,0.3417467411,1028,915,3,32,1031,947
11049,3.387917965,0.2426877389,666,597,2,17,668,614
11050,4.17444166,1.504647505,1101,1035,5,46,1106,1081
11051,4.620808794,1.896515105,1146,1034,1,45,1147,1079
11052,1.848315953,1.295444458,677,618,2,25,679,643
11053,1.192182283,1.48429047,1662,1593,10,58,1672,1651
11054,1.569494659,0.9861560239,1011,908,5,24,1016,932
11055,4.125251766,1.969547106,1530,1453,12,90,1542,1543
11056,3.397675547,1.75915892,1000,939,6,35,1006,974
11057,1.204641515,2.770026911,1274,1180,7,59,1281,1239
11058,1.301264848,2.935031675,776,737,2,36,778,773
11059,4.091470229,1.191910404,1785,1681,5,77,1790,1758
11060,1.540477206,2.893675453,667,629,3,24,670,653
11061,2.414549561,2.066473543,630,611,3,32,633,643
11062,2.461466052,0.5422618062,967,855,4,34,971,889
11063,1.507990643,1.759156124,1700,1541,10,61,1710,1602
11064,4.85106065,1.591653778,767,718,4,31,771,749
11065,1.92814577,2.657488281,1035,952,4,46,1039,998
11066,4.503989643,0.740971001,1010,975,5,36,1015,1011
11067,2.71544676,1.520982518,1349,1244,4,53,1353,1297
11068,4.733289829,0.2563606237,1694,1560,8,51,1702,1611
11069,2.63548865,0.361133924,1272,1206,7,45,1279,1251
11070,1.050664087,2.916544638,1148,1028,4,48,1152,1076
11071,4.390110849,1.906700134,1484,1330,2,85,1486,1415
11072,3.696218772,0.8180226819,1255,1142,5,50,1260,1192
11073,2.86711438,1.655620806,683,618,2,35,685,653
11074,4.455508543,2.407846717,1606,1433,4,100,1610,1533
11075,3.013769467,1.773766112,1277,1150,5,54,1282,1204
11076,2.31605986,1.58417923,889,836,6,22,895,858
11077,3.672093073,0.9284914989,1357,1293,5,58,1362,1351
11078,4.963152805,2.519993226,699,618,4,35,703,653
11079,2.811585551,2.496867068,1243,1139,7,58,1250,1197
11080,4.135132107,0.1100176319,1388,1293,6,41,1394,1334
11081,1.427686483,2.180766643,1546,1435,13,67,1559,1502
11082,4.189904582,1.861592716,1122,1052,5,47,1127,1099
11083,4.986375116,0.1158816497,882,858,6,31,888,889
11084,1.292218112,1.199412276,1752,1632,7,48,1759,1680
11085,2.023374415,0.5874454211,1056,983,4,32,1060,1015
11086,3.610300031,1.463550108,1378,1243,8,55,1386,1298
11087,4.776313202,2.460414173,1295,1141,2,51,1297,1192
11088,1.317081205,1.938265126,1082,1020,4,43,1086,1063
11089,1.106644835,0.977788542,1611,1530,9,60,1620,1590
11090,4.81088812,2.512091223,1066,944,3,46,1069,990
11091,1.462742174,2.377241025,1806,1632,7,71,1813,1703
11092,4.792369254,1.908418816,1746,1693,12,101,1758,1794
11093,4.680670845,2.500800897,944,826,2,47,946,873
11094,3.095007018,0.386937132,1384,1234,3,50,1387,1284
11095,1.077177477,1.105578105,1856,1718,12,44,1868,1762
11096,2.274969896,1.558968574,1763,1564,7,65,1770,1629
11097,1.747614408,2.907111423,1676,1610,8,80,1684,1690
11098,1.953195285,1.275487629,1467,1366,8,57,1475,1423
11099,4.215780267,1.436210321,887,861,0,45,887,906
11100,3.543653993,2.582749724,1280,1123,5,53,1285,1176
11101,4.903117562,1.437553492,810,755,3,41,813,796
11102,4.104049553,2.227626392,1253,1142,5,61,1258,1203
11103,4.197206118,2.072770139,616,605,1,42,617,647
11104,2.80041091,0.283473379,1708,1589,6,56,1714,1645
11105,4.87454618,1.407572898,1445,1417,4,64,1449,1481
11106,1.715151367,2.503545682,1231,1128,5,40,1236,1168
11107,1.102543197,0.3286250445,805,766,5,28,810,794
11108,1.237653256,1.439358407,685,611,5,29,690,640
11109,4.706116183,1.835711018,1150,1029,4,58,1154,1087
11110,3.797299867,2.60195091,1474,1327,5,82,1479,1409
11111,1.562639604,1.76583594,1686,1538,13,65,1699,1603
11112,1.589266532,2.130972015,1613,1490,11,71,1624,1561
11113,4.643749619,2.620285315,977,810,1,43,978,853
11114,3.646780979,0.9049681079,690,646,3,22,693,668
11115,2.784320457,1.944348868,1702,1574,2,77,1704,1651
11116,4.461231795,0.7112312092,1448,1361,1,55,1449,1416
11117,2.06247618,0.179063652,1346,1228,6,40,1352,1268
11118,3.219825126,0.09596635891,1677,1571,9,45,1686,1616
11119,4.113615058,2.434644825,888,825,2,50,890,875
11120,4.563069389,0.8370537664,992,939,5,45,997,984
11121,3.056488761,1.030098939,780,751,4,30,784,781
11122,1.39350485,2.730915004,1327,1282,11,59,1338,1341
11123,2.332607717,2.637812507,1172,1128,3,53,1175,1181
11124,4.128969603,0.3769148238,1253,1142,4,47,1257,1189
11125,3.969055383,2.480393496,1256,1139,6,60,1262,1199
11126,2.480952184,1.996010806,1147,1050,0,51,1147,1101
11127,1.199825944,2.683016308,929,806,3,31,932,837
11128,3.226713376,1.882019588,1778,1685,3,86,1781,1771
11129,2.327957989,0.3758299471,1124,1105,4,31,1128,1136
11130,4.17637677,1.816783094,1630,1415,6,77,1636,1492
11131,2.330184771,2.98197474,934,822,1,36,935,858
11132,1.814241282,0.652989721,848,726,4,28,852,754
11133,3.169108972,1.653565936,1621,1532,8,76,1629,1608
11134,2.016561137,2.106875373,1667,1584,13,62,1680,1646
11135,4.063125391,2.686214318,1748,1538,13,80,1761,1618
11136,2.757490944,1.483242734,1411,1241,10,58,1421,1299
11137,3.66559645,1.693863892,698,638,4,34,702,672
11138,3.235323549,0.3005701303,1075,979,5,30,1080,1009
11139,1.246797064,0.8096280249,701,653,2,19,703,672
11140,2.799016858,2.402117469,1156,1083,1,57,1157,1140
11141,3.049177454,2.664849667,1391,1218,9,62,1400,1280
11142,3.93519876,2.257160032,1146,1010,12,44,1158,1054
11143,2.579107935,0.5223978383,798,739,6,29,804,768
11144,2.385451451,1.267722246,1226,1208,4,46,1230,1254
11145,2.353311783,1.518478232,1245,1206,7,50,1252,1256
11146,3.200443367,1.780744616,1819,1721,7,76,1826,1797
11147,2.323103423,1.762918637,837,699,6,36,843,735
11148,1.168505622,1.404891115,1190,1043,9,42,1199,1085
11149,1.308217451,0.4555355899,1352,1219,10,36,1362,1255
11150,3.556451028,2.425600235,1098,1020,4,54,1102,1074
11151,3.307330412,1.928284331,1726,1581,9,100,1735,1681
11152,1.769825177,2.044884662,904,847,6,34,910,881
11153,4.109984759,1.907930245,1340,1255,3,65,1343,1320
11154,2.778242037,1.313710487,783,742,3,27,786,769
11155,3.133686516,2.654916918,899,818,2,26,901,844
11156,2.912005845,1.404637901,1499,1396,7,49,1506,1445
11157,2.00956375,2.776118227,1048,926,4,44,1052,970
11158,1.33508297,1.483852388,1078,961,3,32,1081,993
11159,2.28563559,1.873159612,1516,1320,6,56,1522,1376
11160,1.215583281,2.180837731,1157,1081,4,49,1161,1130
11161,2.664065687,2.865489078,1637,1535,7,77,1644,1612
11162,1.490095873,0.8944591422,1807,1744,6,55,1813,1799
11163,1.513842915,1.994944419,1432,1302,8,60,1440,1362
11164,2.333330563,2.824075776,1183,1035,3,51,1186,1086
11165,3.785746178,0.61864459,644,601,3,19,647,620
11166,2.263946692,2.095250547,1698,1552,8,78,1706,1630
11167,3.520000561,2.381914497,1096,1039,2,58,1098,1097
11168,3.310949148,1.900749395,1132,984,6,50,1138,1034
11169,1.720500961,1.297393506,1769,1642,12,69,1781,1711
11170,1.722603187,1.562995968,1575,1528,6,48,1581,1576
11171,2.034468118,0.3557702532,1842,1680,6,62,1848,1742
11172,4.645305566,2.543481052,1619,1532,3,81,1622,1613
11173,3.471447475,0.1899774057,1380,1263,4,35,1384,1298
11174,1.500044184,0.08686941742,1724,1652,5,36,1729,1688
11175,1.205127139,1.612930263,1437,1328,8,61,1445,1389
11176,1.051611683,2.686387024,685,610,2,20,687,630
11177,2.637220179,1.681269992,1858,1634,10,97,1868,1731
11178,2.708199385,0.9159712638,964,822,7,34,971,856
11179,2.152884391,1.20065642,813,714,2,30,815,744
11180,2.107719468,2.80114493,752,677,4,42,756,719
11181,1.077601771,1.996660504,1010,916,3,37,1013,953
11182,1.179048035,0.8467929693,1840,1668,12,64,1852,1732
11183,3.859956454,1.376735171,774,720,5,32,779,752
11184,3.276438522,0.397291556,1059,981,1,33,1060,1014
11185,2.060347959,2.3601792,1555,1535,6,71,1561,1606
11186,3.028837514,1.882405318,1307,1191,6,77,1313,1268
11187,3.882412467,1.002393634,1018,960,9,45,1027,1005
11188,4.413427412,1.433354157,1208,1182,6,62,1214,1244
11189,3.035072409,1.974755482,1367,1273,5,60,1372,1333
11190,2.687495277,2.36966042,1518,1385,9,74,1527,1459
11191,4.654689631,1.328460747,828,750,3,30,831,780
11192,1.052540371,2.55825281,1336,1210,6,53,1342,1263
11193,3.663839482,2.367423323,1378,1262,6,63,1384,1325
11194,3.527911092,2.804733697,713,625,1,29,714,654
11195,4.610586751,1.401050949,678,644,3,24,681,668
11196,1.109124868,0.3814631967,895,879,7,26,902,905
11197,2.769946407,1.516160481,1185,1056,6,42,1191,1098
11198,1.098068782,1.565020643,1022,940,5,39,1027,979
11199,1.064225532,0.8563584017,806,756,2,22,808,778
11200,2.564878598,0.5335943642,1775,1593,9,57,1784,1650
11201,4.107162605,1.02979606,891,846,4,32,895,878
11202,4.004148743,1.888038954,839,737,7,38,846,775
11203,1.545393257,2.521177374,1048,954,3,34,1051,988
11204,4.519907613,0.8915704019,823,782,4,39,827,821
11205,1.294491675,0.170726479,1633,1508,10,51,1643,1559
11206,3.579903237,2.486052685,1047,1079,6,56,1053,1135
11207,2.033789421,0.4391318367,1236,1162,4,47,1240,1209
11208,1.528783403,2.025357279,927,839,7,32,934,871
11209,3.813528338,1.480115336,829,695,4,30,833,725
11210,2.458017753,1.841318141,1375,1307,2,57,1377,1364
11211,3.287118158,1.699865109,1009,899,6,38,1015,937
11212,1.952618151,1.012126559,792,743,5,32,797,775
11213,1.067380998,1.450013864,1230,1115,9,39,1239,1154
11214,1.053814884,2.799643447,1258,1191,4,47,1262,1238
11215,3.279081908,0.2642195731,1067,923,5,28,1072,951
11216,4.618161784,2.269683258,1127,1094,9,58,1136,1152
11217,1.846674388,1.319005138,1515,1368,4,63,1519,1431
11218,3.40619457,2.755560468,1350,1248,5,78,1355,1326
11219,3.823716289,0.3290383443,782,725,7,29,789,754
11220,4.099646643,1.206419987,1115,1054,4,46,1119,1100
11221,1.024542436,1.819878495,1285,1133,6,40,1291,1173
11222,4.927580263,1.724750818,1168,1011,2,51,1170,1062
11223,3.636533392,1.389340357,942,820,4,31,946,851
11224,2.597339166,0.3731734297,1148,1065,6,34,1154,1099
11225,4.603715906,1.614515811,801,720,6,34,807,754
11226,3.860905165,2.347025246,1408,1284,2,63,1410,1347
11227,3.754277456,0.3367770636,876,797,2,32,878,829
11228,1.179458975,1.050120552,1030,989,8,28,1038,1017
11229,2.804242578,1.84527431,1292,1171,8,42,1300,1213
11230,3.700466807,0.2236749433,1790,1728,9,52,1799,1780
11231,1.726462181,0.8667674515,1482,1352,6,57,1488,1409
11232,2.81067662,2.326490411,894,824,4,40,898,864
11233,1.929909747,0.708797217,990,939,2,26,992,965
11234,2.098163148,2.576821703,679,590,4,21,683,611
11235,1.352937765,0.1474387211,1551,1495,10,40,1561,1535
11236,2.00410619,1.338003615,680,642,3,26,683,668
11237,1.479040468,1.220573191,1434,1338,8,54,1442,1392
11238,3.160169487,0.6312770146,1539,1432,8,57,1547,1489
11239,3.378542848,0.2822664819,1839,1648,8,67,1847,1715
11240,1.165496254,1.882189838,1321,1170,12,51,1333,1221
11241,1.033150542,1.830753499,1885,1712,6,58,1891,1770
11242,4.801305646,2.128126648,1743,1536,9,92,1752,1628
11243,4.825875862,0.1589361376,1470,1339,5,46,1475,1385
11244,2.410948968,1.931852644,1234,1142,3,63,1237,1205
11245,2.927013012,0.4858905159,1349,1272,11,46,1360,1318
11246,2.932768723,1.929673463,1052,948,6,51,1058,999
11247,4.704431684,2.532897192,1452,1320,5,82,1457,1402
11248,1.882768323,1.202184951,1709,1544,12,74,1721,1618
11249,4.146437078,1.663360583,1215,1163,7,57,1222,1220
11250,3.342002708,0.4457960934,1332,1302,4,44,1336,1346
11251,1.861748738,0.02572079294,1493,1436,6,27,1499,1463
11252,4.968931116,2.833451071,780,712,3,53,783,765
11253,1.332091444,0.4131921316,1867,1702,17,51,1884,1753
11254,2.0837875,1.246584741,1397,1271,4,45,1401,1316
11255,2.888360735,2.678378489,1166,1032,2,47,1168,1079
11256,3.812470589,2.606578322,1345,1263,3,56,1348,1319
11257,2.422202165,2.171636224,1454,1357,10,57,1464,1414
11258,1.327075256,0.7696501516,1588,1476,5,53,1593,1529
11259,1.203308092,2.873135661,1751,1516,7,60,1758,1576
11260,4.078711161,2.326828202,1834,1646,11,77,1845,1723
11261,3.836319378,1.675626091,1859,1684,6,78,1865,1762
11262,2.259080567,1.932169971,1847,1660,11,76,1858,1736
11263,2.667158316,2.042398897,769,711,4,38,773,749
11264,3.270972585,2.636560242,1301,1119,6,66,1307,1185
11265,4.663837575,0.1993335564,1814,1623,4,66,1818,1689
11266,3.919418836,1.131994208,1345,1200,6,61,1351,1261
11267,3.303833095,1.015957224,1903,1653,11,77,1914,1730
11268,3.591439034,1.38394055,1132,1023,1,62,1133,1085
11269,1.567701706,1.561083809,1832,1626,17,75,1849,1701
11270,1.044098883,1.685249918,698,662,5,19,703,681
11271,3.432821558,1.681889338,1164,1079,1,44,1165,1123
11272,4.209384471,1.140142068,710,597,2,31,712,628
11273,2.278070446,1.433056061,820,705,2,37,822,742
11274,3.546731125,1.967645131,1053,896,5,54,1058,950
11275,3.980896134,2.684194972,857,836,5,41,862,877
11276,3.795040462,0.3820591046,1716,1626,11,59,1727,1685
11277,4.688243499,2.818640605,1154,1077,4,57,1158,1134
11278,1.489987534,0.9476992429,1593,1508,6,47,1599,1555
11279,2.439540372,1.345754295,1318,1229,3,54,1321,1283
11280,4.287217615,0.4954028751,1727,1543,9,63,1736,1606
11281,3.515573576,1.435619022,810,771,7,38,817,809
11282,3.56651321,2.396151568,1516,1419,3,56,1519,1475
11283,2.190124869,2.389463834,869,850,2,46,871,896
11284,4.548466074,0.8682796328,839,723,3,30,842,753
11285,2.197721513,1.207190433,1677,1589,9,74,1686,1663
11286,2.143526425,1.613376158,1739,1653,7,68,1746,1721
11287,4.800597683,1.901744026,1394,1197,6,70,1400,1267
11288,3.011651407,0.3484100726,1556,1327,5,53,1561,1380
11289,1.580658248,1.337581188,1266,1207,2,35,1268,1242
11290,2.436255118,2.649188422,1416,1249,9,58,1425,1307
11291,4.27680334,2.411651789,1344,1208,12,69,1356,1277
11292,3.126326128,1.673436977,1441,1387,4,80,1445,1467
11293,4.483338743,1.788651696,1628,1417,2,82,1630,1499
11294,1.966864561,2.557247235,754,722,3,29,757,751
11295,2.010921723,2.304431492,1167,1066,6,59,1173,1125
11296,3.95581408,1.267220206,1566,1482,9,65,1575,1547
11297,1.229419927,0.1459089356,1604,1504,6,32,1610,1536
11298,2.482919055,0.9342290839,1451,1314,4,52,1455,1366
11299,4.608806006,0.5483869646,1492,1382,8,58,1500,1440
11300,3.557465408,0.3579103347,1296,1283,3,47,1299,1330
11301,4.032178198,1.758749561,1494,1279,2,51,1496,1330
11302,1.633010119,0.07817763779,1146,1081,4,33,1150,1114
11303,3.304806695,0.7950482368,1589,1487,8,53,1597,1540
11304,3.779995499,1.741651042,972,929,5,50,977,979
11305,3.037796112,1.058636576,1383,1238,10,59,1393,1297
11306,3.714268199,0.5330011067,790,736,4,31,794,767
11307,4.224589737,2.206221621,1725,1528,9,82,1734,1610
11308,2.470555919,1.170192912,1560,1480,9,61,1569,1541
11309,1.776544106,2.428553286,1781,1578,9,82,1790,1660
11310,4.623937445,0.7273136705,1693,1521,2,52,1695,1573
11311,3.354554314,1.851252515,1560,1356,4,55,1564,1411
11312,1.0186268,0.543106168,855,757,1,30,856,787
11313,3.350499967,1.544384586,1457,1350,5,53,1462,1403
11314,4.797413443,0.009315739847,886,855,5,21,891,876
11315,2.405391327,0.6208171144,667,639,2,17,669,656
11316,2.465956958,1.087885208,1570,1499,5,58,1575,1557
11317,1.590714946,1.670595195,1242,1206,3,33,1245,1239
11318,1.668320894,0.5640084631,1549,1308,9,41,1558,1349
11319,4.015850485,2.079204869,1341,1212,6,79,1347,1291
11320,1.886646249,1.364775855,1802,1694,9,68,1811,1762
11321,3.511124938,0.4238523297,1868,1769,5,65,1873,1834
11322,2.911708525,0.6391384668,1035,867,3,40,1038,907
11323,1.015767477,0.8017254801,1044,915,6,27,1050,942
11324,3.990801449,0.8221888411,1054,1004,7,33,1061,1037
11325,1.080176479,2.900776173,1089,1077,7,27,1096,1104
11326,1.868763096,2.094475502,1494,1364,7,57,1501,1421
11327,4.075057743,0.09264918591,1627,1521,10,49,1637,1570
11328,4.773296692,2.823729712,1498,1328,3,85,1501,1413
11329,1.538577776,2.837413068,1046,1020,3,38,1049,1058
11330,1.899120317,0.6096338385,1445,1443,9,43,1454,1486
11331,2.797745078,2.48340639,818,771,2,44,820,815
11332,2.636402163,1.705653185,1277,1148,8,37,1285,1185
11333,3.515907084,1.075076706,1293,1175,6,44,1299,1219
11334,1.934940871,1.565215305,1683,1528,12,78,1695,1606
11335,3.376324656,2.81353473,1487,1331,2,78,1489,1409
11336,1.259402719,1.966954471,691,607,4,21,695,628
11337,1.20244677,2.972029216,771,773,2,40,773,813
11338,4.260711118,1.035380903,1722,1604,6,79,1728,1683
11339,3.732011421,0.446133744,784,761,4,18,788,779
11340,3.760685087,1.377049424,1823,1717,10,81,1833,1798
11341,4.76795142,2.743302008,1731,1449,8,73,1739,1522
11342,3.716544295,1.172831237,699,640,3,31,702,671
11343,2.540824288,0.134735628,1798,1584,10,53,1808,1637
11344,4.900402928,0.4522919626,1508,1365,5,60,1513,1425
11345,4.458735303,2.892115807,1861,1643,9,108,1870,1751
11346,4.912506052,1.551015767,1257,1195,5,60,1262,1255
11347,3.85046849,0.7060735639,915,817,2,45,917,862
11348,1.557460648,2.737348616,1852,1683,7,73,1859,1756
11349,3.257744929,1.127782144,832,728,5,32,837,760
11350,4.257770028,2.268908622,1737,1624,7,93,1744,1717
11351,2.211770528,2.737597607,1620,1483,7,72,1627,1555
11352,4.225641321,1.821005819,1642,1433,5,71,1647,1504
11353,2.989401602,0.4532182524,931,822,5,40,936,862
11354,4.397980809,2.437392633,667,582,3,35,670,617
11355,4.427313226,1.146659221,1530,1339,4,62,1534,1401
11356,4.453985078,2.308246039,1799,1643,6,69,1805,1712
11357,1.413548354,0.05450679472,1792,1673,7,39,1799,1712
11358,3.207980503,2.572278563,1475,1285,5,67,1480,1352
11359,4.391851731,1.180637125,918,817,3,47,921,864
11360,2.778754617,1.308320651,1135,1033,3,44,1138,1077
11361,2.652200745,1.754879375,1046,929,2,40,1048,969
11362,1.969420317,2.738281919,661,615,4,28,665,643
11363,2.351207581,0.4074061859,1680,1572,6,58,1686,1630
11364,1.322440175,0.1678330343,1300,1176,8,35,1308,1211
11365,4.950851797,0.4145403548,1431,1360,7,59,1438,1419
11366,2.953411705,2.833302176,1397,1265,4,55,1401,1320
11367,1.253520167,1.272549678,1360,1283,9,46,1369,1329
11368,4.595365715,1.386345397,826,729,2,28,828,757
11369,1.943121623,1.633219063,1037,956,4,30,1041,986
11370,2.333569576,2.846491388,1065,918,3,52,1068,970
11371,3.814780415,2.375227208,1574,1480,8,61,1582,1541
11372,1.075978487,1.504924545,1772,1684,7,66,1779,1750
11373,1.991607063,1.277660149,1767,1793,10,75,1777,1868
11374,3.459568398,0.2203698614,658,666,1,20,659,686
11375,3.302312599,2.224224783,1859,1700,10,86,1869,1786
11376,4.096792478,2.326812768,1795,1682,7,102,1802,1784
11377,2.652139648,0.5064287129,1452,1342,4,48,1456,1390
11378,2.68805104,0.3294005645,716,592,4,20,720,612
11379,4.806598086,2.76588414,1281,1125,5,70,1286,1195
11380,3.12404231,1.631887331,1528,1327,9,41,1537,1368
11381,4.404344703,1.52665169,1893,1625,4,93,1897,1718
11382,3.240053184,2.691942864,1238,1155,2,77,1240,1232
11383,1.095675753,0.9146737463,1621,1482,11,53,1632,1535
11384,2.184269001,2.926256011,1826,1630,7,100,1833,1730
11385,1.175006134,0.8082686591,1574,1473,8,54,1582,1527
11386,1.647551011,2.911403541,1012,940,2,34,1014,974
11387,1.49870807,0.05574226819,1111,1051,5,27,1116,1078
11388,4.394370667,2.007585466,1586,1456,4,73,1590,1529
11389,4.217157153,0.3736524936,1388,1267,7,58,1395,1325
11390,4.50119913,2.530636932,1476,1365,4,84,1480,1449
11391,3.637559546,1.861415888,1835,1701,7,94,1842,1795
11392,4.74078514,1.904382292,1588,1476,3,95,1591,1571
11393,1.342189799,1.623917628,1457,1389,6,55,1463,1444
11394,4.875338311,0.6041180708,648,649,2,25,650,674
11395,3.890829518,0.8051870603,1030,895,3,43,1033,938
11396,4.054472213,2.047615825,1622,1493,8,70,1630,1563
11397,2.142657036,2.965684796,1710,1556,12,86,1722,1642
11398,4.915375293,2.703403093,1367,1238,6,68,1373,1306
11399,2.293255974,0.9997653786,1623,1546,10,60,1633,1606
11400,1.724756236,0.9888554797,989,1003,8,34,997,1037
11401,2.369509913,2.448784778,1761,1548,6,82,1767,1630
11402,4.148400076,1.705248708,1832,1628,5,109,1837,1737
11403,3.854292614,2.25043655,1669,1610,7,85,1676,1695
11404,4.489004275,0.9261521121,635,662,4,15,639,677
11405,2.359008012,0.8724042952,899,803,3,27,902,830
11406,1.047232061,1.370665352,654,613,4,23,658,636
11407,4.147792162,2.521533889,909,812,6,51,915,863
11408,3.274570425,2.714285837,1475,1359,8,79,1483,1438
11409,3.38003893,0.138975302,1151,1074,5,37,1156,1111
11410,1.19796143,2.130849057,1525,1444,11,65,1536,1509
11411,2.302543064,0.0482557947,704,628,2,12,706,640
11412,1.974619695,1.486848213,1235,1159,3,50,1238,1209
11413,3.648203062,2.691293022,890,786,2,58,892,844
11414,3.738229148,2.654011301,1351,1244,2,71,1353,1315
11415,4.953637412,2.04778211,1416,1251,2,68,1418,1319
11416,4.896019829,0.8384637929,1532,1373,9,66,1541,1439
11417,2.455565464,0.1657497842,1319,1319,7,49,1326,1368
11418,1.497486509,2.435071397,1067,922,2,34,1069,956
11419,4.264547442,2.79267998,1263,1111,2,74,1265,1185
11420,4.113057919,1.933270824,1370,1228,4,67,1374,1295
11421,1.191122287,2.112154431,1121,1075,3,44,1124,1119
11422,1.293214559,0.9794628804,1771,1713,10,67,1781,1780
11423,4.187445844,0.5614773788,1343,1246,11,43,1354,1289
11424,1.114807018,2.588461604,1142,1089,8,44,1150,1133
11425,1.100222134,0.4208554849,1364,1246,14,48,1378,1294
11426,2.498659397,1.804779159,1423,1215,6,53,1429,1268
11427,1.933078752,1.208351319,927,847,10,21,937,868
11428,3.315778685,2.299323804,1569,1382,7,93,1576,1475
11429,1.734458378,1.032633266,707,604,4,17,711,621
11430,2.359029662,0.6471203005,1506,1346,9,45,1515,1391
11431,3.406402834,0.7082646225,1190,1041,5,51,1195,1092
11432,4.029414793,2.319559162,827,757,4,52,831,809
11433,1.656619901,2.438430167,1605,1503,9,75,1614,1578
11434,3.980410325,2.630678844,1373,1273,3,64,1376,1337
11435,4.036934574,2.589509541,696,668,2,27,698,695
11436,2.963430918,1.496763155,696,667,2,31,698,698
11437,2.522092584,0.09547218605,942,866,1,22,943,888
11438,2.063912345,1.765371197,1383,1224,7,61,1390,1285
11439,1.250771701,1.314477151,652,652,2,26,654,678
11440,1.099576032,1.764737828,1248,1150,5,40,1253,1190
11441,1.338643995,2.462997303,1166,1076,7,46,1173,1122
11442,3.072710455,0.6381705873,1740,1532,10,54,1750,1586
11443,1.827981101,2.077275165,1046,970,3,45,1049,1015
11444,3.296241364,0.5322625524,889,843,3,39,892,882
11445,2.861587848,1.019456032,811,740,2,27,813,767
11446,1.328303989,2.256053809,1026,980,5,38,1031,1018
11447,3.282319687,0.04709433723,1298,1320,7,34,1305,1354
11448,4.492720734,0.6617267571,1438,1363,1,57,1439,1420
11449,3.735903342,1.564842433,1355,1221,4,79,1359,1300
11450,4.365055058,2.530254808,696,605,0,34,696,639
11451,2.988127656,1.520559292,1476,1303,2,67,1478,1370
11452,2.072403729,2.675610376,1562,1459,3,65,1565,1524
11453,4.164215251,0.6134023698,1600,1531,7,64,1607,1595
11454,2.774158477,1.596957018,1302,1148,5,61,1307,1209
11455,1.720741509,1.126565691,893,858,4,29,897,887
11456,3.602532191,0.06499970964,776,723,1,29,777,752
11457,4.986170783,1.474567733,1221,1120,3,62,1224,1182
11458,2.558974529,2.129842153,797,732,2,38,799,770
11459,4.208834639,2.251768658,1509,1296,6,84,1515,1380
11460,2.80594163,2.476077091,794,752,2,45,796,797
11461,1.321909312,0.20458225,1700,1535,9,47,1709,1582
11462,4.4232699,2.380372623,989,1011,2,50,991,1061
11463,1.630072196,1.38597756,1080,1097,4,51,1084,1148
11464,4.936464476,2.40570072,1755,1623,7,93,1762,1716
11465,1.924015899,2.839092275,1427,1354,6,69,1433,1423
11466,3.111044621,0.7893928144,1396,1230,3,55,1399,1285
11467,2.155957679,0.07912996051,1678,1588,7,45,1685,1633
11468,2.918907027,2.327115529,1328,1248,5,71,1333,1319
11469,2.900374357,0.4707709843,1063,944,4,47,1067,991
11470,2.975494719,2.344007023,1635,1430,11,76,1646,1506
11471,4.039418847,1.938229703,1567,1424,7,91,1574,1515
11472,1.215168267,2.278803995,720,612,3,30,723,642
11473,1.576312393,1.080408743,794,709,5,30,799,739
11474,4.255880677,1.140360896,1180,1166,3,43,1183,1209
11475,1.344776099,0.3020710521,1021,978,6,25,1027,1003
11476,1.423821624,1.724920076,1865,1659,9,72,1874,1731
11477,1.053300585,1.836800478,911,811,5,26,916,837
11478,4.512578834,1.550676652,722,632,2,40,724,672
11479,1.015528141,0.1269134546,1497,1369,14,24,1511,1393
11480,2.012693774,1.929909055,1144,1042,5,47,1149,1089
11481,4.397086264,1.52084053,1173,1079,3,36,1176,1115
11482,2.898701798,0.7095958262,946,852,4,35,950,887
11483,1.240493449,2.286514047,1004,983,8,27,1012,1010
11484,4.969741358,0.6982031716,1305,1136,6,45,1311,1181
11485,3.026848859,1.993495539,1165,1077,2,52,1167,1129
11486,1.395735628,0.6029771564,851,769,8,22,859,791
11487,3.97212268,2.231658049,643,645,4,23,647,668
11488,1.895971107,1.296435381,920,874,7,29,927,903
11489,2.703473901,0.4350413813,1410,1253,7,43,1417,1296
11490,1.127211637,1.244701829,1844,1647,7,58,1851,1705
11491,4.920681656,0.1183804627,1838,1690,13,55,1851,1745
11492,1.4889063,2.487336267,1624,1462,3,56,1627,1518
11493,4.974078901,1.492825177,1373,1226,8,71,1381,1297
11494,2.092711982,0.2193541534,792,756,2,16,794,772
11495,3.050863935,1.429542712,793,744,2,35,795,779
11496,1.2567733,1.205026295,1806,1708,12,60,1818,1768
11497,1.456814494,0.7055169015,1803,1710,13,65,1816,1775
11498,1.325384181,0.2025278228,799,773,2,15,801,788
11499,3.565634107,0.3353407544,1846,1746,14,54,1860,1800
11500,2.560061601,0.03290122526,913,828,9,21,922,849
11501,3.545955788,1.792803646,1797,1643,1,75,1798,1718
11502,2.693056447,2.953682221,1755,1537,7,87,1762,1624
11503,2.284935975,0.8863547813,914,801,4,31,918,832
11504,3.166345865,0.5650384718,1709,1735,8,74,1717,1809
11505,2.004207632,0.2609999505,1197,1191,11,38,1208,1229
11506,2.627914854,1.304992507,1176,1079,7,35,1183,1114
11507,1.47303298,1.140549889,1455,1322,5,44,1460,1366
11508,3.361105637,0.6417571589,826,710,4,22,830,732
11509,4.39780514,0.2056214842,1327,1287,6,34,1333,1321
11510,1.758358076,0.3467339665,1422,1307,7,31,1429,1338
11511,4.417196794,0.2688359081,668,625,1,21,669,646
11512,1.38256522,1.052508599,1363,1261,6,52,1369,1313
11513,2.496895918,1.427676002,686,651,3,24,689,675
11514,4.304926506,2.556160304,1776,1663,7,81,1783,1744
11515,1.995207701,1.420370119,1776,1677,7,69,1783,1746
11516,2.207294108,1.189909949,997,900,5,37,1002,937
11517,2.523284008,1.554221789,1260,1167,4,77,1264,1244
11518,3.466729199,2.398510752,834,698,4,32,838,730
11519,1.116314698,1.838927853,1355,1280,11,61,1366,1341
11520,3.043610235,1.111927234,1315,1104,6,54,1321,1158
11521,4.095182634,0.7985467014,1019,914,1,40,1020,954
11522,4.016204391,1.056010745,890,835,5,34,895,869
11523,2.863069145,1.080619648,692,630,4,25,696,655
11524,1.84573603,1.381360303,1570,1450,4,63,1574,1513
11525,2.986316619,0.9881583847,774,729,3,35,777,764
11526,3.472694729,2.065166149,1662,1483,10,72,1672,1555
11527,2.34840884,2.677281141,808,748,2,38,810,786
11528,4.567380968,0.7369819476,1885,1652,7,71,1892,1723
11529,1.003320404,1.397416783,760,741,7,27,767,768
11530,2.675848924,2.974005545,810,755,3,44,813,799
11531,1.933713615,0.1120653209,1471,1353,8,39,1479,1392
11532,4.936089555,2.116543674,792,756,5,40,797,796
11533,4.925935079,2.522122575,1837,1637,7,106,1844,1743
11534,2.300857672,0.1944811949,1214,1048,3,31,1217,1079
11535,3.067874986,2.303544879,1599,1450,7,91,1606,1541
11536,2.776834861,0.3085680144,1291,1097,2,44,1293,1141
11537,1.09456175,0.6582282697,904,893,5,22,909,915
11538,3.510875555,2.407175837,1257,1076,4,62,1261,1138
11539,2.737242289,2.182419419,1034,925,6,38,1040,963
11540,3.829715,2.499842335,1007,955,3,56,1010,1011
11541,1.54358236,0.4223117774,1285,1191,3,32,1288,1223
11542,2.970698873,1.96422368,1816,1649,4,69,1820,1718
11543,4.09116749,2.154235873,709,652,4,39,713,691
11544,1.774666225,1.625297374,1422,1261,6,52,1428,1313
11545,1.85112652,1.621254705,1212,1151,3,45,1215,1196
11546,4.964029183,2.76188794,1135,1062,2,55,1137,1117
11547,3.588020277,2.107180637,1612,1471,6,74,1618,1545
11548,1.380998335,0.5269778151,1487,1352,5,46,1492,1398
11549,2.145000406,0.3097428143,1537,1349,6,41,1543,1390
11550,3.06850507,0.9789335438,1075,969,6,34,1081,1003
11551,2.468295095,1.186808169,801,758,2,22,803,780
11552,4.120970312,2.329067297,1823,1678,6,91,1829,1769
11553,3.231569762,1.94854182,1832,1642,10,81,1842,1723
11554,4.615476529,1.970450956,1234,1158,8,67,1242,1225
11555,3.044800149,1.387942368,810,719,3,37,813,756
11556,1.279240351,2.780791387,1315,1247,7,45,1322,1292
11557,3.618302822,0.5081271698,1160,1041,5,40,1165,1081
11558,1.639289182,1.908283916,1444,1386,5,65,1449,1451
11559,2.247780998,2.609013258,1596,1475,7,75,1603,1550
11560,3.887871797,2.389863588,1515,1349,5,77,1520,1426
11561,2.368310369,2.438310972,1059,930,5,53,1064,983
11562,4.644714329,0.09940317636,1859,1711,8,64,1867,1775
11563,2.602752083,2.924558095,801,732,7,45,808,777
11564,4.385547125,0.2624353507,1581,1420,7,46,1588,1466
11565,1.329184756,2.036772842,873,920,4,27,877,947
11566,1.40901621,2.893794934,1676,1628,6,76,1682,1704
11567,1.944999348,1.305674537,1585,1488,8,53,1593,1541
11568,2.585653072,0.8877966558,1345,1259,2,53,1347,1312
11569,1.86940231,0.6825877685,971,857,4,25,975,882
11570,4.830274587,0.3951877946,893,854,5,55,898,909
11571,1.505053046,0.4084971109,791,691,2,20,793,711
11572,3.252068482,2.92486246,878,829,3,42,881,871
11573,1.528064536,1.409400999,744,754,5,31,749,785
11574,1.756895378,2.942890024,821,725,3,34,824,759
11575,4.579869386,2.846148588,1675,1617,4,99,1679,1716
11576,1.325072907,2.257932226,1474,1367,6,52,1480,1419
11577,1.525862862,0.5069877816,715,649,2,12,717,661
11578,3.786739209,1.203093145,1257,1122,6,60,1263,1182
11579,4.360209253,0.6644771448,1612,1462,10,62,1622,1524
11580,3.294779038,1.017846455,934,868,4,27,938,895
11581,1.075613924,0.5956197671,921,816,2,26,923,842
11582,2.25965315,2.955141465,641,616,1,31,642,647
11583,1.340948533,0.1163640589,661,636,5,15,666,651
11584,1.573991526,2.838974698,1015,924,1,41,1016,965
11585,4.627905061,2.016656681,955,813,2,40,957,853
11586,1.407437029,2.903900906,1877,1720,3,73,1880,1793
11587,3.942204383,1.15505638,1105,1019,5,60,1110,1079
11588,1.661561775,1.607313014,1239,1108,3,43,1242,1151
11589,2.91406922,2.744720538,643,600,4,32,647,632
11590,3.359849824,0.04207266236,1297,1135,5,43,1302,1178
11591,3.819361193,2.263112335,665,579,1,41,666,620
11592,1.698944426,0.6547852759,1242,1157,8,41,1250,1198
11593,4.972315163,1.994035409,1319,1161,8,67,1327,1228
11594,4.744990152,0.8453672588,1027,933,4,45,1031,978
11595,2.307540336,0.3715305187,1334,1296,8,48,1342,1344
11596,1.416019416,1.314034581,947,844,5,35,952,879
11597,3.886239711,2.629771962,1527,1352,9,70,1536,1422
11598,1.233756958,1.204417034,631,650,2,14,633,664
11599,2.307359912,1.195675655,815,752,0,30,815,782
11600,2.900390487,2.249654838,1713,1581,7,82,1720,1663
11601,1.82866375,2.235379157,765,732,5,30,770,762
11602,3.577785165,0.7258237225,1641,1532,7,55,1648,1587
11603,3.13114681,0.9665197595,1147,1079,8,60,1155,1139
11604,3.886482016,1.794148032,792,731,6,30,798,761
11605,2.973975741,0.344405582,727,673,6,22,733,695
11606,3.265877976,0.4904407869,1008,962,4,31,1012,993
11607,4.012484507,2.333260308,1681,1475,4,82,1685,1557
11608,1.791136638,2.227869606,1265,1109,8,45,1273,1154
11609,3.305957855,2.448272722,1800,1673,11,85,1811,1758
11610,4.846784825,2.519347428,1493,1369,5,73,1498,1442
11611,2.097510646,0.36039468,1249,1163,6,28,1255,1191
11612,1.392645915,1.304153021,1590,1464,10,60,1600,1524
11613,1.440883201,1.787929025,1051,917,4,33,1055,950
11614,1.584477863,0.914900479,813,728,5,27,818,755
11615,4.482706975,1.456273052,1106,1023,3,56,1109,1079
11616,4.725635623,1.640004641,1390,1224,4,81,1394,1305
11617,1.197371694,0.6522941402,1669,1668,8,60,1677,1728
11618,2.826987206,1.022561619,1295,1183,6,46,1301,1229
11619,1.663945903,2.23740745,1404,1380,8,49,1412,1429
11620,3.987830167,0.6280482785,1713,1546,3,52,1716,1598
11621,2.908367172,1.692493174,1630,1492,9,77,1639,1569
11622,1.909745255,0.2546238299,1044,976,8,31,1052,1007
11623,1.67148355,2.704222646,1293,1223,4,62,1297,1285
11624,3.081708539,1.222401354,726,612,2,31,728,643
11625,4.669355605,2.811625721,1173,1006,7,67,1180,1073
11626,1.081400834,2.047048509,1614,1517,11,57,1625,1574
11627,3.166565017,1.28028339,1482,1290,3,66,1485,1356
11628,1.267443924,1.280440403,1567,1504,9,60,1576,1564
11629,3.726185511,1.704127625,1769,1573,9,60,1778,1633
11630,1.501033128,0.2178965699,1165,1068,5,32,1170,1100
11631,4.610959336,2.600899645,1455,1370,8,78,1463,1448
11632,3.3905948,1.926776885,1431,1370,5,56,1436,1426
11633,2.40567319,2.324046606,1336,1224,3,69,1339,1293
11634,4.006005467,0.6466336965,1639,1614,8,56,1647,1670
11635,4.130244815,1.836405096,1249,1179,6,68,1255,1247
11636,4.42159406,1.275449144,1232,1124,7,54,1239,1178
11637,3.228458447,0.8833254005,1038,1007,2,39,1040,1046
11638,2.095186218,1.038299263,1561,1481,7,52,1568,1533
11639,2.572206077,2.143342897,1250,1182,4,55,1254,1237
11640,1.095273364,2.493235133,945,818,4,43,949,861
11641,1.978927627,0.6855376832,689,653,3,26,692,679
11642,1.309768193,1.337919708,1727,1629,10,45,1737,1674
11643,4.028224886,1.893741588,1185,1012,2,54,1187,1066
11644,4.933270243,2.391748739,1317,1281,6,76,1323,1357
11645,4.104652505,1.394733867,1367,1275,6,70,1373,1345
11646,1.690063358,0.9329876338,1393,1192,4,42,1397,1234
11647,4.820759527,1.769121343,1567,1461,5,65,1572,1526
11648,2.856755736,0.5106898246,1155,1063,10,44,1165,1107
11649,1.341302138,0.4759794137,1130,1103,5,36,1135,1139
11650,2.38069488,0.9295316035,1167,1026,4,40,1171,1066
11651,1.196932737,0.8096226466,1701,1566,14,47,1715,1613
11652,4.883904388,0.2520919612,809,756,1,18,810,774
11653,1.49438893,2.314167771,944,850,4,32,948,882
11654,4.963804927,2.930571188,1700,1522,3,98,1703,1620
11655,4.008759416,0.156952582,921,844,6,23,927,867
11656,1.007659248,1.845386285,1432,1282,7,49,1439,1331
11657,3.744600947,0.2203859293,1496,1396,5,50,1501,1446
11658,2.693219819,1.966746295,1357,1259,8,65,1365,1324
11659,1.830092102,0.06869320427,1125,1068,6,24,1131,1092
11660,4.500424117,2.420795545,1228,1146,4,71,1232,1217
11661,4.865086344,1.39659766,1295,1139,5,58,1300,1197
11662,3.72021799,1.72670096,1645,1557,6,95,1651,1652
11663,1.281793493,2.424239163,928,804,5,48,933,852
11664,4.33700041,0.568691979,1343,1327,4,46,1347,1373
11665,1.920546615,2.529812196,1128,1071,5,43,1133,1114
11666,4.893908983,1.637409423,1732,1497,6,73,1738,1570
11667,4.245878658,0.2633762282,1035,961,0,37,1035,998
11668,3.885761517,0.3643815447,893,851,2,26,895,877
11669,2.953275626,1.629500418,1288,1175,9,63,1297,1238
11670,4.53184912,2.184583167,1065,948,4,63,1069,1011
11671,3.794101802,0.7219092695,802,759,6,34,808,793
11672,2.068698077,1.205855728,1134,1066,8,40,1142,1106
11673,4.209756339,2.117607012,1179,992,5,65,1184,1057
11674,3.892184664,0.2557594307,726,685,3,24,729,709
11675,2.46800956,0.5801663727,703,636,0,24,703,660
11676,2.475251441,0.2403207528,822,726,4,28,826,754
11677,3.653857138,2.300469038,1373,1198,6,71,1379,1269
11678,3.488213899,1.97721661,1032,954,6,48,1038,1002
11679,4.775017688,2.64590895,810,726,6,39,816,765
11680,3.767479761,2.504540263,1871,1680,4,88,1875,1768
11681,1.353303892,2.253839941,1712,1645,5,62,1717,1707
11682,3.995287861,1.717883072,796,782,2,36,798,818
11683,2.648289162,2.93645477,1570,1421,10,78,1580,1499
11684,1.370131795,2.034178122,1527,1391,5,64,1532,1455
11685,2.36532465,0.9260829367,1664,1602,8,65,1672,1667
11686,4.006342303,0.4913567743,1754,1685,5,62,1759,1747
11687,3.43040181,2.813509691,1737,1539,7,85,1744,1624
11688,3.476745169,2.967672187,883,801,0,53,883,854
11689,1.150573499,1.032389888,1288,1363,6,48,1294,1411
11690,3.164776303,0.9209150859,1695,1523,4,69,1699,1592
11691,3.99354696,1.704738929,817,741,2,26,819,767
11692,2.807629054,0.7816545094,679,600,5,23,684,623
11693,1.240118794,0.3171075879,787,693,7,19,794,712
11694,3.054557569,0.214253592,965,960,4,46,969,1006
11695,3.691456145,0.4568332767,1051,1000,7,30,1058,1030
11696,1.907619465,2.900558906,1700,1469,5,56,1705,1525
11697,2.914171565,2.948274096,1409,1241,6,81,1415,1322
11698,4.791755913,0.4018927525,1224,1161,1,40,1225,1201
11699,3.457268461,0.1744086129,1371,1308,6,36,1377,1344
11700,3.573252464,1.607164031,1826,1725,8,84,1834,1809
11701,4.628099561,1.423132468,1671,1616,7,57,1678,1673
11702,2.31732624,2.527456669,1290,1115,5,64,1295,1179
11703,1.368678446,1.258755351,1850,1740,10,66,1860,1806
11704,4.172959338,0.05485154143,1461,1400,3,41,1464,1441
11705,1.828451946,1.437309006,1654,1497,8,52,1662,1549
11706,4.54509656,0.4213415963,713,690,0,24,713,714
11707,3.090203555,0.2833524803,1131,1114,5,38,1136,1152
11708,1.002375365,0.6191389042,1252,1132,9,25,1261,1157
11709,1.427256111,1.487885843,807,758,0,29,807,787
11710,1.08871484,1.050859767,1593,1508,9,50,1602,1558
11711,2.195735543,2.129669697,880,833,5,41,885,874
11712,4.589329329,0.9277406034,1393,1262,7,58,1400,1320
11713,1.297021923,0.4186086113,1392,1271,4,36,1396,1307
11714,1.78610724,2.619963301,785,710,7,38,792,748
11715,2.843137836,2.609406956,1164,1056,1,49,1165,1105
11716,3.536341356,1.756103105,873,817,3,42,876,859
11717,3.914501422,1.94363639,914,884,1,41,915,925
11718,3.983477723,2.297828624,1492,1334,6,69,1498,1403
11719,4.140105556,0.707425657,1855,1723,9,71,1864,1794
11720,3.77045893,1.628631433,1717,1557,11,69,1728,1626
11721,4.940294654,2.638055073,1652,1434,5,91,1657,1525
11722,3.638769956,0.6649424257,988,979,6,46,994,1025
11723,3.112032291,2.931670933,1028,873,4,36,1032,909
11724,1.308769575,2.461676579,1256,1084,7,54,1263,1138
11725,1.081760836,2.306509058,670,641,3,28,673,669
11726,1.044637287,0.8818913287,1379,1329,9,36,1388,1365
11727,1.610764706,1.139979949,1113,1077,5,40,1118,1117
11728,2.46031744,2.283920028,717,623,2,20,719,643
11729,1.317698184,2.135096492,1486,1382,6,58,1492,1440
11730,1.312094037,0.7656679597,1164,1109,5,21,1169,1130
11731,1.980468542,2.517015741,1469,1334,2,53,1471,1387
11732,2.729232085,1.692600685,1244,1173,5,56,1249,1229
11733,4.760646614,0.3026371938,769,721,4,19,773,740
11734,2.452853146,1.193368081,836,733,4,32,840,765
11735,1.477374231,0.2485920822,1507,1374,6,41,1513,1415
11736,3.677898781,0.6596982737,1236,1191,5,38,1241,1229
11737,2.418338136,2.346833368,881,842,6,37,887,879
11738,1.906500847,1.354841169,1548,1325,2,57,1550,1382
11739,2.434048799,2.321176786,1342,1211,7,60,1349,1271
11740,2.427429841,1.212992734,1346,1217,6,57,1352,1274
11741,2.963175828,0.4381127093,1422,1213,5,42,1427,1255
11742,3.990045818,0.6808556334,1357,1248,3,52,1360,1300
11743,4.018506495,1.978057561,1517,1317,5,68,1522,1385
11744,4.877887403,0.04624100848,1713,1612,9,55,1722,1667
11745,1.111116883,0.1650801801,1626,1534,9,35,1635,1569
11746,2.436369706,0.7263234136,1354,1350,7,44,1361,1394
11747,3.443708159,1.152794606,668,682,2,34,670,716
11748,2.932312159,2.486620016,1411,1331,8,71,1419,1402
11749,2.394067693,0.5426376002,842,738,3,17,845,755
11750,2.874080357,0.4341251829,804,705,6,24,810,729
11751,3.604051736,0.6218632323,771,755,6,23,777,778
11752,4.372880785,0.874513742,1234,1142,5,49,1239,1191
11753,4.346262298,2.541633414,1568,1489,9,92,1577,1581
11754,4.026822507,1.024905818,1643,1503,7,73,1650,1576
11755,2.220423596,2.417061173,804,725,3,41,807,766
11756,1.84496357,0.7789548874,1326,1250,6,42,1332,1292
11757,3.105655847,1.317605501,792,765,4,26,796,791
11758,3.615540348,0.1919284141,1353,1292,10,39,1363,1331
11759,3.767688866,0.6871478451,1814,1686,6,57,1820,1743
11760,4.753507782,2.888855834,1049,887,6,50,1055,937
11761,4.773375909,2.674384853,930,857,2,55,932,912
11762,4.416785571,1.577933003,746,712,3,39,749,751
11763,1.672919528,2.892187951,1265,1202,4,46,1269,1248
11764,2.02526065,1.12409058,1360,1310,2,63,1362,1373
11765,1.476972045,2.629724448,722,646,1,31,723,677
11766,4.753618233,0.2849069714,1210,1173,9,40,1219,1213
11767,3.213654149,2.587313041,904,832,2,51,906,883
11768,1.149217865,0.828072327,712,620,1,18,713,638
11769,2.230042279,2.583691778,679,664,4,36,683,700
11770,3.013391322,1.417888246,1354,1292,2,53,1356,1345
11771,4.776059408,1.022333176,881,885,1,35,882,920
11772,1.941911779,0.5473105328,1495,1395,6,36,1501,1431
11773,2.475973203,2.507662023,1865,1638,4,89,1869,1727
11774,4.621314069,1.639128912,1151,1018,6,60,1157,1078
11775,2.807091852,2.653539744,950,837,5,47,955,884
11776,2.549154913,0.5699891698,1661,1475,6,56,1667,1531
11777,3.058740015,2.455206649,822,730,5,34,827,764
11778,1.585484787,2.561218374,711,598,3,33,714,631
11779,1.694241192,0.211443381,1253,1211,4,34,1257,1245
11780,1.795896579,2.888799447,1195,1149,3,63,1198,1212
11781,1.284740233,1.212284477,753,711,2,27,755,738
11782,3.711292876,1.405909413,933,878,3,40,936,918
11783,1.901042569,2.520968023,1193,1073,4,60,1197,1133
11784,3.583243008,2.139685364,920,813,3,47,923,860
11785,1.228647289,1.459029695,1897,1658,11,46,1908,1704
11786,4.686244758,0.4251472878,1596,1432,3,62,1599,1494
11787,3.113678782,2.897849251,1802,1651,10,89,1812,1740
11788,3.910916489,1.11819454,946,840,4,32,950,872
11789,2.608161907,0.03897540469,772,747,3,25,775,772
11790,1.540920546,2.998443361,1159,1138,6,40,1165,1178
11791,2.192305625,0.2131438544,717,642,1,17,718,659
11792,1.510720246,0.5159973731,1032,956,6,27,1038,983
11793,3.249326729,2.647759411,1548,1476,4,79,1552,1555
11794,4.13909,0.06748183256,1668,1592,8,47,1676,1639
11795,4.570924584,0.9893793446,1544,1532,3,77,1547,1609
11796,1.750356706,1.299302476,1586,1476,10,69,1596,1545
11797,3.981601989,1.643743346,1116,1024,5,50,1121,1074
11798,3.661409842,0.344093994,1160,1069,4,33,1164,1102
11799,2.454164503,0.3430802714,1751,1609,5,59,1756,1668
11800,2.92132245,0.9199846196,1789,1696,11,58,1800,1754
11801,3.032405822,0.9936906726,680,678,2,19,682,697
11802,3.202121049,1.62211765,1597,1463,11,69,1608,1532
11803,2.670798787,1.08040784,663,577,5,23,668,600
11804,4.640385225,1.361852781,1680,1601,7,76,1687,1677
11805,3.386720883,0.4016547936,1666,1635,4,60,1670,1695
11806,3.519322698,1.425706237,816,698,4,38,820,736
11807,3.280749002,0.4270402186,1518,1450,2,49,1520,1499
11808,1.094583906,1.556468736,623,690,2,22,625,712
11809,4.430060325,1.785906679,1641,1490,4,62,1645,1552
11810,4.710620908,1.759806293,1354,1354,3,84,1357,1438
11811,2.439412234,2.932430975,1654,1538,8,77,1662,1615
11812,1.973130359,1.103736572,1235,1188,8,39,1243,1227
11813,3.447198621,1.673254229,990,965,4,42,994,1007
11814,2.594965371,1.611941781,1018,980,2,55,1020,1035
11815,1.155268886,1.481029823,1678,1534,12,36,1690,1570
11816,3.390318236,0.4299347014,1246,1198,6,44,1252,1242
11817,1.515650425,0.05463612377,1655,1638,8,40,1663,1678
11818,4.026383425,0.8684335123,1244,1129,3,55,1247,1184
11819,3.867505323,2.984709221,1562,1403,10,72,1572,1475
11820,2.205855429,0.8300312271,639,623,2,28,641,651
11821,4.871656124,1.867150387,716,615,5,35,721,650
11822,3.078569561,1.061527564,1708,1576,13,71,1721,1647
11823,4.163835675,0.7559323981,1028,939,5,46,1033,985
11824,3.144949322,2.895254068,1168,1027,6,57,1174,1084
11825,3.85649283,0.6528420272,1382,1230,5,62,1387,1292
11826,2.919851491,0.06740393686,1849,1710,8,61,1857,1771
11827,4.67352881,1.954591332,843,741,4,43,847,784
11828,1.077665579,1.155460132,1518,1364,8,43,1526,1407
11829,3.853013204,1.232978506,1177,1137,7,51,1184,1188
11830,1.849945693,0.4998447324,1145,1042,8,31,1153,1073
11831,3.672277692,0.6271270204,778,717,4,34,782,751
11832,1.721888346,1.299578012,1101,1045,6,40,1107,1085
11833,4.713050108,1.16378995,1813,1671,8,88,1821,1759
11834,2.771063988,1.860424228,1684,1575,5,84,1689,1659
11835,2.444449493,2.470734655,1792,1734,9,91,1801,1825
11836,4.297953133,2.894474905,1569,1398,5,83,1574,1481
11837,4.365832906,2.939775163,819,701,1,35,820,736
11838,3.15134025,0.152575715,1608,1491,4,46,1612,1537
11839,3.477157264,2.633791058,687,629,2,34,689,663
11840,3.344275041,2.063159906,713,605,2,36,715,641
11841,2.414288899,2.780328378,1240,1082,2,48,1242,1130
11842,2.354393343,2.78382892,1707,1560,9,66,1716,1626
11843,1.308064663,2.868419689,1894,1690,7,83,1901,1773
11844,3.95030927,1.815685584,1367,1265,7,78,1374,1343
11845,3.547191338,0.4816241626,1770,1707,6,81,1776,1788
11846,3.592921692,0.3668518321,926,834,4,32,930,866
11847,2.356217919,0.5065084576,1431,1396,9,50,1440,1446
11848,1.270857773,0.8815749867,968,974,1,27,969,1001
11849,1.556843667,2.780022986,1351,1277,9,52,1360,1329
11850,3.111515655,1.403299856,1358,1305,5,62,1363,1367
11851,1.740702153,1.158813786,1723,1628,11,44,1734,1672
11852,4.763472048,0.7118731065,1462,1487,6,59,1468,1546
11853,2.349117652,1.227665017,911,843,5,39,916,882
11854,2.190050855,1.005663017,1346,1227,9,48,1355,1275
11855,2.500994556,1.076937827,1414,1219,6,66,1420,1285
11856,3.439200127,0.3988842901,927,823,4,35,931,858
11857,1.071982459,0.5685677466,1800,1687,11,51,1811,1738
11858,3.277672379,2.155871632,1545,1465,5,84,1550,1549
11859,4.302873546,1.407253418,1563,1416,7,78,1570,1494
11860,4.735622946,1.526304566,1238,1318,2,69,1240,1387
11861,3.441939419,2.001059414,1718,1558,8,70,1726,1628
11862,1.469322561,2.334813338,1581,1477,10,67,1591,1544
11863,3.203586299,0.1841810477,644,656,1,24,645,680
11864,1.671112978,2.732210247,673,657,1,29,674,686
11865,2.50085342,1.643395665,1590,1510,4,56,1594,1566
11866,4.203742375,2.119048317,1268,1127,6,54,1274,1181
11867,4.349536712,2.322354535,1651,1534,4,70,1655,1604
11868,3.966811306,2.895557544,929,809,3,57,932,866
11869,3.812977453,2.691754654,1556,1465,6,74,1562,1539
11870,1.611715404,0.4648509665,1718,1607,10,47,1728,1654
11871,2.585164538,0.5238216299,1216,1172,3,45,1219,1217
11872,2.522889059,0.7786399354,680,670,3,25,683,695
11873,1.355085751,2.224380575,1872,1709,9,69,1881,1778
11874,4.861300067,2.82363061,1586,1397,10,87,1596,1484
11875,4.963436401,0.1697489737,813,742,4,33,817,775
11876,3.798777594,1.528909034,746,738,2,43,748,781
11877,3.227849208,1.653569076,1277,1175,9,64,1286,1239
11878,3.344464566,2.017602394,926,849,3,37,929,886
11879,1.466484767,1.979830821,1806,1628,10,63,1816,1691
11880,2.961328804,1.952933303,1495,1370,5,72,1500,1442
11881,1.837102699,2.440695027,1151,1069,4,47,1155,1116
11882,2.529477323,1.827871429,1139,1019,3,63,1142,1082
11883,2.137116543,1.416779011,788,721,3,35,791,756
11884,3.310742826,2.845614635,1433,1418,2,76,1435,1494
11885,2.132286376,0.9460600548,1499,1361,9,45,1508,1406
11886,1.084691162,1.141809224,771,729,4,23,775,752
11887,4.065500135,0.2264413173,908,860,3,29,911,889
11888,3.333326572,1.952101034,1618,1409,5,81,1623,1490
11889,2.371456744,2.808751458,668,619,3,31,671,650
11890,4.898052451,1.312529822,787,703,5,37,792,740
11891,1.889926945,2.103818091,1728,1584,8,84,1736,1668
11892,2.364447583,2.173115831,1518,1409,7,49,1525,1458
11893,2.989442858,1.818936588,727,635,3,29,730,664
11894,1.44118473,0.7845839103,1676,1655,8,53,1684,1708
11895,3.39150184,0.2295774225,1500,1376,5,48,1505,1424
11896,4.8382644,1.65588924,936,778,7,39,943,817
11897,3.324273818,2.206146577,670,600,5,32,675,632
11898,2.573907925,1.033580655,1015,939,11,47,1026,986
11899,3.859827495,0.5353388374,1151,988,4,33,1155,1021
11900,2.444700277,2.34143125,1470,1340,8,70,1478,1410
11901,1.299050451,1.952451919,1038,953,3,42,1041,995
11902,2.227673544,0.8110028663,1871,1713,9,67,1880,1780
11903,2.491139982,0.5010465206,1217,1170,3,53,1220,1223
11904,2.553971349,1.705121736,673,625,0,31,673,656
11905,3.074845249,2.960690536,1015,946,6,68,1021,1014
11906,2.355281726,2.159215207,1639,1478,5,63,1644,1541
11907,1.108821231,0.5217432984,927,892,3,24,930,916
11908,3.026941108,2.627178721,919,821,3,39,922,860
11909,1.431488944,0.2875608306,1902,1696,11,40,1913,1736
11910,2.868396167,0.6808885918,813,716,0,29,813,745
11911,3.164724528,1.857264407,822,712,6,38,828,750
11912,3.72791759,0.5189435993,704,645,5,32,709,677
11913,1.242642986,1.429034316,1049,969,4,38,1053,1007
11914,4.402378118,2.285020049,907,859,2,50,909,909
11915,1.025548843,2.62773083,665,645,3,27,668,672
11916,3.684773221,2.849520919,1356,1250,10,59,1366,1309
11917,1.814395009,0.8838079553,1233,1220,6,44,1239,1264
11918,2.556434964,0.04380606095,783,783,4,19,787,802
11919,4.866018295,2.224435187,1592,1444,6,72,1598,1516
11920,2.614509348,0.877531219,1641,1569,9,70,1650,1639
11921,2.114276926,1.937018167,809,715,6,43,815,758
11922,3.741763424,0.05359393996,1605,1491,9,49,1614,1540
11923,4.013802305,1.77762507,952,867,5,34,957,901
11924,4.455006737,0.01410286211,783,758,4,16,787,774
11925,1.614364699,2.937371983,932,842,4,29,936,871
11926,2.98122604,1.701708053,1766,1510,4,69,1770,1579
11927,2.136490006,1.168036892,1380,1292,8,59,1388,1351
11928,1.839460311,2.344609022,1341,1338,6,61,1347,1399
11929,2.30497273,0.6097360066,1756,1596,4,50,1760,1646
11930,2.283698638,1.291625815,1607,1557,7,62,1614,1619
11931,3.27012396,2.48149013,685,622,2,34,687,656
11932,3.870583854,0.7963011269,1773,1736,10,64,1783,1800
11933,4.681969064,1.845692314,1267,1148,6,67,1273,1215
11934,2.747149301,1.216607459,664,631,6,30,670,661
11935,4.130179995,0.005776840733,663,642,7,18,670,660
11936,2.411795301,1.865744047,689,592,4,22,693,614
11937,1.620207693,2.235211504,1589,1413,17,72,1606,1485
11938,4.48832883,1.194178017,671,639,4,32,675,671
11939,1.989147986,1.386386296,731,722,2,42,733,764
11940,2.895527737,2.500494368,1165,1146,5,66,1170,1212
11941,3.575140937,1.526330458,661,635,6,20,667,655
11942,3.638573761,2.395216141,918,833,1,40,919,873
11943,3.861859111,1.55468977,653,604,4,32,657,636
11944,2.46316872,1.647196786,905,792,5,29,910,821
11945,2.852823908,2.551985735,1506,1313,4,63,1510,1376
11946,2.4923957,1.760901511,1101,987,4,43,1105,1030
11947,2.523282701,0.3852010085,700,602,2,16,702,618
11948,1.632434269,1.891420581,874,838,2,33,876,871
11949,3.794426721,2.627904414,691,632,2,26,693,658
11950,3.122260191,1.05637959,1035,938,7,39,1042,977
11951,4.951936835,2.863475214,1078,964,3,60,1081,1024
11952,4.648462993,1.423416417,1630,1476,4,76,1634,1552
11953,2.930993266,0.696335212,922,855,5,36,927,891
11954,4.973050448,0.8822432738,1532,1458,5,67,1537,1525
11955,1.289414786,0.6688991679,1740,1646,12,53,1752,1699
11956,4.923244295,2.891789746,812,710,2,47,814,757
11957,2.038912015,2.1009048,1383,1231,8,53,1391,1284
11958,1.002384074,1.804249646,811,740,3,22,814,762
11959,3.688860271,1.508685972,1265,1106,4,47,1269,1153
11960,3.886553042,1.329864383,702,670,2,24,704,694
11961,2.18094799,2.901524471,1860,1651,8,96,1868,1747
11962,3.489305199,0.06784544305,688,655,2,23,690,678
11963,3.290642293,1.484887062,1168,1050,4,46,1172,1096
11964,2.331971926,2.671743659,1689,1518,7,70,1696,1588
11965,2.410840918,1.677341836,745,772,2,27,747,799
11966,1.14877214,2.36700854,1369,1275,10,50,1379,1325
11967,4.386641231,2.229564261,1216,1046,7,66,1223,1112
11968,3.892259869,1.993288255,706,641,2,31,708,672
11969,4.659744468,0.8307818322,962,835,5,26,967,861
11970,4.858881177,0.6247027721,1282,1110,4,48,1286,1158
11971,4.700999208,1.60098884,674,649,3,28,677,677
11972,2.171199898,2.623256873,812,719,2,33,814,752
11973,2.344602676,2.991799031,660,595,3,35,663,630
11974,2.893183476,2.832672311,1484,1346,4,79,1488,1425
11975,2.679361508,1.492264446,1062,959,3,49,1065,1008
11976,2.093469293,0.7693396149,1143,1067,6,33,1149,1100
11977,2.361079638,0.9209660962,1016,930,5,42,1021,972
11978,4.323638306,0.4860827247,1207,1197,3,55,1210,1252
11979,4.712668743,1.109400849,1379,1258,5,54,1384,1312
11980,2.899327495,1.947957969,713,622,3,32,716,654
11981,2.953368816,0.02881563405,1373,1256,6,48,1379,1304
11982,3.631012211,2.190320783,930,828,3,52,933,880
11983,2.579538251,0.2307254188,1114,1066,3,47,1117,1113
11984,3.670583817,1.614650097,772,725,6,28,778,753
11985,1.672706048,0.3210632648,701,609,5,19,706,628
11986,2.714998591,2.608796857,1712,1500,10,81,1722,1581
11987,4.176666322,1.536751502,1709,1521,4,66,1713,1587
11988,1.703438604,2.847441964,1114,1046,6,37,1120,1083
11989,3.485831936,0.595128695,1609,1434,6,65,1615,1499
11990,3.918275472,2.275444497,1045,934,4,63,1049,997
11991,3.963430937,0.5939181647,1397,1287,4,55,1401,1342
11992,4.954512123,0.9209130297,815,765,0,28,815,793
11993,3.826565035,2.913972287,1448,1263,7,71,1455,1334
11994,1.241087549,0.06512848461,678,674,6,17,684,691
11995,1.400069765,2.586454109,1091,1061,5,53,1096,1114
11996,4.52150995,2.932271391,1160,1034,8,59,1168,1093
11997,2.812700789,2.462920128,1456,1400,4,74,1460,1474
11998,1.176781698,1.127154741,1285,1176,6,38,1291,1214
11999,2.084436005,2.845686612,1138,1045,3,51,1141,1096
12000,2.550207057,1.732677446,917,825,4,58,921,883
12001,4.91249411,2.49273742,1539,1348,5,75,1544,1423
12002,3.894961433,0.4620431702,1281,1157,3,45,1284,1202
12003,1.504104148,0.7696177841,798,763,4,33,802,796
12004,4.052725044,2.117492796,1650,1430,6,80,1656,1510
12005,3.896881834,1.293273014,1823,1686,9,96,1832,1782
12006,4.516763963,1.823134434,1171,1038,4,46,1175,1084
12007,2.500358915,2.791668391,1468,1428,10,69,1478,1497
12008,2.525370536,0.02213724403,1414,1367,5,43,1419,1410
12009,1.499767211,2.772846798,816,719,2,37,818,756
12010,2.927250665,0.7947739388,1296,1212,6,53,1302,1265
12011,3.268080198,0.9655434303,695,665,3,31,698,696
12012,2.088018521,1.899167645,783,713,5,32,788,745
12013,2.556383724,1.420179908,997,947,4,40,1001,987
12014,4.59264202,2.386346727,1210,1160,5,70,1215,1230
12015,3.289011989,2.821922178,1781,1631,6,101,1787,1732
12016,1.829873426,2.152428504,1648,1463,11,76,1659,1539
12017,2.86323058,0.7349990274,683,646,4,21,687,667
12018,1.05991164,1.914425468,959,845,7,38,966,883
12019,3.008046288,2.929892287,1788,1664,6,90,1794,1754
12020,3.019331669,1.654698727,1292,1148,7,55,1299,1203
12021,4.768869828,1.959922981,1338,1266,5,65,1343,1331
12022,2.221416743,1.324877773,673,637,0,25,673,662
12023,1.466330671,0.09720660545,1721,1651,12,31,1733,1682
12024,3.03570059,1.509161871,781,719,7,41,788,760
12025,4.974158458,0.6825517907,1698,1644,6,64,1704,1708
12026,3.637250489,0.4179273356,1176,999,7,43,1183,1042
12027,1.333066111,1.993341984,1264,1129,7,35,1271,1164
12028,1.298977481,1.120087509,1033,890,6,40,1039,930
12029,1.419671758,0.657324639,1855,1684,13,47,1868,1731
12030,2.645383226,1.08009746,1871,1704,6,60,1877,1764
12031,4.81673411,2.136415929,1240,1142,1,57,1241,1199
12032,3.334153527,0.785219546,1770,1651,6,92,1776,1743
12033,4.463007808,0.270828353,913,833,5,29,918,862
12034,2.423192054,1.359216776,1674,1616,10,72,1684,1688