ID,PHI,K,TP,TN,FP,FN,NHAM,NSPAM
2515,1.964596501,2.891380606,559,525,2,50,561,575
2516,1.945026997,2.843713255,1297,1200,2,96,1299,1296
2517,4.945852787,3.453737981,590,564,1,51,591,615
2518,4.120649972,3.265771164,863,851,5,80,868,931
2519,3.519737474,1.932777802,1046,1018,3,70,1049,1088
2520,3.841105282,0.08072157943,1525,1532,11,78,1536,1610
2521,1.35556227,3.608346028,943,892,3,86,946,978
2522,4.276002699,2.459994935,1219,1143,5,99,1224,1242
2523,4.453243506,3.018332103,1447,1355,6,122,1453,1477
2524,3.53216671,3.974273585,992,947,2,100,994,1047
2525,2.300669338,0.2838115021,1208,1155,7,44,1215,1199
2526,3.76673653,3.528383905,1452,1321,3,115,1455,1436
2527,1.62467739,3.79184555,1163,1090,6,91,1169,1181
2528,4.049979042,1.334300868,798,672,3,47,801,719
2529,2.642073885,1.566381907,1368,1330,9,69,1377,1399
2530,3.616325596,1.334513822,844,827,4,54,848,881
2531,2.032114425,1.777732828,684,642,3,51,687,693
2532,1.023062462,1.444447527,1026,1074,5,50,1031,1124
2533,1.433467812,0.00808086684,1214,1142,8,39,1222,1181
2534,2.949926272,2.370566445,1500,1386,3,120,1503,1506
2535,5.740931054,2.644040497,1435,1400,5,119,1440,1519
2536,1.023666422,2.744553653,1402,1280,9,98,1411,1378
2537,4.078309819,1.500774373,1056,969,4,86,1060,1055
2538,1.654903196,3.424592811,1525,1459,6,118,1531,1577
2539,2.863474334,2.489052652,1147,1091,5,95,1152,1186
2540,1.441474111,0.1083450723,1335,1311,8,61,1343,1372
2541,3.564275841,0.6365337662,681,692,4,33,685,725
2542,1.21340213,3.321511133,1523,1397,5,101,1528,1498
2543,3.867843008,0.2287777201,1049,934,7,48,1056,982
2544,1.05964561,2.147401013,866,886,4,50,870,936
2545,3.304561436,1.380444875,846,822,4,60,850,882
2546,3.299256281,2.846291758,868,808,1,82,869,890
2547,1.14894164,3.51751757,958,879,3,58,961,937
2548,4.273680429,0.7072600425,622,538,6,41,628,579
2549,1.974887388,3.699981207,1196,1095,2,73,1198,1168
2550,4.787262485,3.444398032,871,814,1,73,872,887
2551,2.425296535,3.987931783,570,544,1,63,571,607
2552,5.560445616,0.3361944675,871,850,5,49,876,899
2553,3.046258679,2.779353769,1136,1014,5,78,1141,1092
2554,3.081286772,2.383505008,948,885,4,76,952,961
2555,1.566244074,0.5478850267,1364,1307,9,68,1373,1375
2556,3.184530318,3.972971591,1387,1283,3,118,1390,1401
2557,2.570400592,0.3735662624,1291,1238,4,61,1295,1299
2558,2.400634633,3.663374596,1269,1188,1,105,1270,1293
2559,5.031218509,0.7788096545,1236,1107,6,88,1242,1195
2560,3.313731957,0.1646803969,1426,1358,6,64,1432,1422
2561,3.482731157,2.212388712,1145,1113,2,79,1147,1192
2562,5.142145779,2.569738697,578,522,2,45,580,567
2563,4.213928301,1.464854125,714,659,2,47,716,706
2564,3.039137667,3.524526241,1349,1317,5,124,1354,1441
2565,3.333813983,1.608736775,663,643,0,45,663,688
2566,1.173383171,2.835282694,1073,990,9,72,1082,1062
2567,5.363610036,1.740320306,901,822,6,72,907,894
2568,1.548503578,1.580062945,931,944,3,60,934,1004
2569,2.68150294,0.1188144263,576,610,5,27,581,637
2570,4.53885568,0.701499456,891,854,1,67,892,921
2571,1.612088428,3.714760852,1244,1195,6,115,1250,1310
2572,2.125129538,0.6691186175,1298,1229,6,78,1304,1307
2573,4.820166628,1.12308194,935,971,2,60,937,1031
2574,2.847579112,1.669438401,576,579,2,48,578,627
2575,5.936747446,3.096110787,867,840,2,80,869,920
2576,3.447440995,2.629992658,905,817,4,58,909,875
2577,3.448122587,1.853754989,648,523,3,41,651,564
2578,2.388783029,3.88375364,1056,991,6,93,1062,1084
2579,2.454199243,0.5881416805,1554,1380,4,74,1558,1454
2580,2.245904664,2.884780219,1050,1015,6,77,1056,1092
2581,5.959834961,3.745713708,1309,1177,3,137,1312,1314
2582,5.654268355,1.748856727,1160,1053,4,85,1164,1138
2583,4.245136152,1.029103916,1514,1409,5,97,1519,1506
2584,3.113296453,0.3672966404,1104,1010,5,65,1109,1075
2585,4.999837067,3.281303883,987,868,4,89,991,957
2586,1.339732613,2.966231356,1461,1390,6,88,1467,1478
2587,3.636218024,1.709000507,621,553,1,34,622,587
2588,4.884759863,0.03514982912,1585,1568,6,62,1591,1630
2589,5.160135574,2.00037031,1216,1096,2,95,1218,1191
2590,2.845771861,0.287752512,910,828,3,43,913,871
2591,1.697774505,2.126288561,1574,1481,4,101,1578,1582
2592,1.083746238,0.7483586234,994,930,7,35,1001,965
2593,3.811788203,0.4799881287,886,816,4,52,890,868
2594,5.764196401,1.747133146,1170,1102,4,92,1174,1194
2595,2.568877672,1.050148365,1568,1554,7,96,1575,1650
2596,2.662756517,0.7674539736,1285,1208,10,68,1295,1276
2597,5.04590521,0.1214941684,1261,1225,7,61,1268,1286
2598,3.507665911,0.9928262405,1206,1222,5,85,1211,1307
2599,1.242133607,1.80036779,703,681,2,48,705,729
2600,1.299889805,1.073802636,1545,1451,9,86,1554,1537
2601,3.832826389,0.3902805738,1390,1296,4,74,1394,1370
2602,1.802349412,2.653774296,1296,1145,1,84,1297,1229
2603,3.684896141,2.937850754,1198,1137,5,110,1203,1247
2604,3.464791388,3.960790795,777,697,3,72,780,769
2605,5.481869361,0.5144668898,1549,1513,7,97,1556,1610
2606,2.301084788,2.511697468,992,942,0,60,992,1002
2607,1.236147047,0.335683012,836,748,3,46,839,794
2608,4.747541503,1.311105217,1238,1227,3,73,1241,1300
2609,3.681536002,3.422239576,1303,1135,3,113,1306,1248
2610,1.907254957,3.489479115,1283,1179,4,94,1287,1273
2611,2.175750089,1.734733922,665,681,1,55,666,736
2612,1.639606804,1.563221527,864,833,3,48,867,881
2613,4.86570877,1.886591665,668,659,0,48,668,707
2614,3.879760501,3.64071416,985,871,6,80,991,951
2615,4.8185376,1.916370352,1508,1347,10,115,1518,1462
2616,2.995917955,3.986864072,1443,1332,4,130,1447,1462
2617,5.251636079,2.965746348,723,622,1,54,724,676
2618,2.674369513,2.76495215,663,642,5,43,668,685
2619,4.397536149,3.399532922,779,730,2,68,781,798
2620,5.095211218,1.979109357,668,631,3,49,671,680
2621,4.961796575,1.000723951,1283,1203,4,87,1287,1290
2622,2.280156735,1.939424296,1424,1397,2,96,1426,1493
2623,1.156822167,1.395685805,1450,1407,8,74,1458,1481
2624,4.718754241,0.8480847515,1617,1547,7,91,1624,1638
2625,3.822608794,1.80573069,1248,1181,3,91,1251,1272
2626,3.693754533,0.6152333268,763,742,6,62,769,804
2627,1.292181518,2.16218434,1559,1472,9,97,1568,1569
2628,2.029083847,2.902934202,1036,992,2,76,1038,1068
2629,2.119035508,0.2245188165,594,626,3,31,597,657
2630,3.576131439,0.8523174103,763,759,6,47,769,806
2631,4.971723219,2.800965157,1259,1160,2,117,1261,1277
2632,5.701628121,0.2796637123,1087,1040,8,56,1095,1096
2633,5.287336227,2.608872099,695,645,4,65,699,710
2634,5.081876689,1.458478853,801,744,3,52,804,796
2635,2.745085026,0.3577664066,593,565,4,32,597,597
2636,5.334787535,2.333586329,667,627,3,64,670,691
2637,2.057456977,2.988838862,695,637,2,54,697,691
2638,1.086275884,2.610269258,673,665,2,32,675,697
2639,5.527388939,3.157905658,1186,1069,4,121,1190,1190
2640,2.230983469,3.023276806,1514,1348,5,104,1519,1452
2641,5.782195903,3.995579352,1287,1140,0,138,1287,1278
2642,3.701107466,0.421409256,1377,1299,8,70,1385,1369
2643,5.116045261,2.749569277,757,730,3,63,760,793
2644,5.377509087,2.364808022,1205,1097,2,95,1207,1192
2645,2.728917178,3.482701193,980,930,3,82,983,1012
2646,3.346393725,2.919959901,981,906,0,80,981,986
2647,1.457355829,0.3905088561,1202,1109,7,55,1209,1164
2648,2.660116855,1.894473248,1354,1311,6,110,1360,1421
2649,5.654990072,3.708735016,1577,1427,2,170,1579,1597
2650,5.940631397,2.839780892,1169,1059,6,120,1175,1179
2651,2.935260315,3.793502549,1293,1245,1,119,1294,1364
2652,2.08405759,0.07911369637,1187,1126,11,50,1198,1176
2653,1.205366856,1.289663718,921,865,3,50,924,915
2654,1.508728609,0.9708001011,1318,1340,8,90,1326,1430
2655,5.991375156,2.722754823,724,703,2,67,726,770
2656,2.567982986,0.5193909539,820,732,3,49,823,781
2657,1.150711168,2.028063115,1100,1047,6,49,1106,1096
2658,4.609620733,3.573227643,1199,1093,3,108,1202,1201
2659,2.720019725,1.791673343,1336,1246,3,102,1339,1348
2660,1.866358391,0.3467771434,1355,1344,5,68,1360,1412
2661,1.348201014,3.67178866,572,539,3,38,575,577
2662,1.052066551,3.567048278,1252,1179,4,86,1256,1265
2663,3.590929959,1.315688618,814,821,1,55,815,876
2664,2.695155427,1.813919743,1587,1383,11,101,1598,1484
2665,5.237734461,2.788665815,697,646,2,53,699,699
2666,5.269502395,2.140687881,1398,1242,7,131,1405,1373
2667,3.765193939,0.02549367063,879,915,3,44,882,959
2668,4.076199235,2.602143957,674,672,2,58,676,730
2669,1.429003013,2.951164463,1490,1384,6,100,1496,1484
2670,5.739562314,1.554346962,1096,976,6,92,1102,1068
2671,4.999914461,3.132114654,1071,979,8,92,1079,1071
2672,2.476189914,2.198291032,1469,1317,3,113,1472,1430
2673,1.00009969,2.651616322,993,906,2,68,995,974
2674,1.748219074,3.66122342,895,858,1,83,896,941
2675,3.623623034,2.942473699,1333,1353,6,120,1339,1473
2676,1.15944593,1.535768759,609,534,2,28,611,562
2677,4.881110448,2.750701923,897,801,3,69,900,870
2678,3.238756479,3.015801129,1555,1464,2,138,1557,1602
2679,1.52957612,1.755166025,1182,1090,6,65,1188,1155
2680,5.267054974,2.784236472,1091,1045,4,91,1095,1136
2681,4.912732299,1.29211722,1553,1445,12,94,1565,1539
2682,3.872828059,0.7671209449,981,936,1,65,982,1001
2683,1.637838294,1.468553864,1476,1430,10,82,1486,1512
2684,5.368802342,3.386647419,1169,1136,2,106,1171,1242
2685,4.419162284,2.696735939,1381,1287,6,104,1387,1391
2686,2.737231789,2.438936181,1109,1043,2,73,1111,1116
2687,4.666741405,2.916593496,670,623,0,43,670,666
2688,5.527128276,0.176463915,816,720,5,43,821,763
2689,3.657544174,2.535275341,605,558,2,49,607,607
2690,5.789754053,3.954535253,1583,1406,1,129,1584,1535
2691,2.097750579,0.6418849123,650,693,3,29,653,722
2692,2.078364837,2.096323703,1174,1147,3,74,1177,1221
2693,3.02939073,0.7646572373,724,672,3,42,727,714
2694,3.835756064,1.863647067,1234,1112,5,79,1239,1191
2695,1.527735338,0.4636331911,1290,1205,4,60,1294,1265
2696,5.802063895,2.517607137,991,880,2,75,993,955
2697,1.324462755,3.310030195,1127,990,5,70,1132,1060
2698,1.097109403,1.673736315,702,664,5,36,707,700
2699,4.929840699,3.491508935,662,646,0,75,662,721
2700,3.344709712,1.94743271,1478,1321,0,106,1478,1427
2701,2.899507386,2.154155746,796,702,1,49,797,751
2702,5.481439456,3.54294009,1295,1184,4,111,1299,1295
2703,2.629774021,3.015878001,1504,1378,3,104,1507,1482
2704,5.074218216,3.162175305,1618,1369,3,149,1621,1518
2705,3.452981029,2.333063035,1117,968,5,72,1122,1040
2706,5.435956523,1.665431439,968,871,4,74,972,945
2707,4.380162482,1.470427811,790,770,2,65,792,835
2708,1.534018685,0.2008527174,1402,1324,10,55,1412,1379
2709,1.705531973,3.024393444,799,674,5,57,804,731
2710,1.53482198,1.618879682,1332,1289,6,86,1338,1375
2711,2.962332087,2.637784045,1317,1132,1,125,1318,1257
2712,2.204743674,1.282860744,814,774,4,45,818,819
2713,5.808030846,2.680599332,1190,1136,6,92,1196,1228
2714,1.284738472,0.2123936586,1406,1276,6,55,1412,1331
2715,5.433485291,3.934606788,739,698,2,81,741,779
2716,4.402528938,0.1478251075,1547,1448,8,91,1555,1539
2717,5.880071134,3.574021273,1308,1193,3,111,1311,1304
2718,5.827577728,1.306503307,1556,1527,5,123,1561,1650
2719,4.547079273,1.834676749,1124,1008,2,80,1126,1088
2720,3.26179901,2.140814146,1594,1431,6,120,1600,1551
2721,4.38186272,0.7457095812,1429,1321,5,83,1434,1404
2722,2.950121123,0.6153676986,1079,1052,5,66,1084,1118
2723,2.119268357,0.4134460014,1299,1209,4,56,1303,1265
2724,3.856096007,0.9048658264,1108,1031,4,69,1112,1100
2725,1.638416511,3.299845999,1576,1484,6,102,1582,1586
2726,3.007513072,0.76163139,874,853,4,50,878,903
2727,3.881766956,0.0311506152,581,553,4,14,585,567
2728,1.304933354,2.639256441,788,678,1,46,789,724
2729,2.291499586,3.953583018,914,813,2,70,916,883
2730,4.849597317,3.203879564,1153,1072,4,100,1157,1172
2731,5.13409336,2.509528029,1555,1434,7,133,1562,1567
2732,5.374516446,1.728749965,878,824,3,59,881,883
2733,3.195549247,3.920936154,1385,1245,6,131,1391,1376
2734,5.617279327,3.221839215,1410,1252,5,110,1415,1362
2735,4.422494915,1.470246262,1441,1390,2,93,1443,1483
2736,1.800249442,2.950584249,1222,1080,2,102,1224,1182
2737,3.079451698,3.094441226,1059,1011,1,79,1060,1090
2738,3.58201128,2.393694637,1265,1154,2,106,1267,1260
2739,2.740791329,3.7001602,1534,1482,7,109,1541,1591
2740,4.858768547,3.51977471,1163,1018,2,124,1165,1142
2741,1.656769304,3.129960345,707,620,0,45,707,665
2742,5.116980995,1.976951759,1466,1433,6,116,1472,1549
2743,5.976646706,3.792042166,1198,1096,3,112,1201,1208
2744,1.350467689,3.692758803,1458,1318,6,119,1464,1437
2745,2.497041523,1.840850372,1512,1486,6,108,1518,1594
2746,2.736824122,0.5472608507,921,819,3,46,924,865
2747,2.067633198,0.7220596135,646,542,6,37,652,579
2748,2.258229449,1.035852789,1030,992,3,72,1033,1064
2749,3.90200849,2.498131429,1110,973,3,82,1113,1055
2750,5.914244718,3.583898364,1377,1290,5,129,1382,1419
2751,3.398371237,0.6323745924,724,690,0,45,724,735
2752,1.351444177,3.480110893,1375,1264,5,107,1380,1371
2753,4.567808754,1.978359846,1557,1405,4,128,1561,1533
2754,5.393716566,0.760717888,1277,1182,7,88,1284,1270
2755,1.607120384,3.964832504,1169,1088,4,85,1173,1173
2756,5.01183187,0.6606615001,1579,1485,7,112,1586,1597
2757,5.581671854,0.2183503718,1303,1260,4,69,1307,1329
2758,1.318152654,2.98760201,673,622,2,44,675,666
2759,4.509269512,0.5628756968,1279,1174,6,86,1285,1260
2760,1.737076687,3.161087417,618,573,2,42,620,615
2761,2.128059846,1.702163792,1555,1345,4,100,1559,1445
2762,3.370444715,1.207626256,574,572,2,33,576,605
2763,4.538795035,1.874179724,707,635,3,66,710,701
2764,1.656610934,1.093535974,1446,1392,7,86,1453,1478
2765,5.547709079,0.6306210044,1295,1233,3,78,1298,1311
2766,2.262067566,2.473657356,1124,1078,3,88,1127,1166
2767,5.949992746,0.07041842506,1454,1394,6,79,1460,1473
2768,3.445659855,0.7842172486,990,925,1,50,991,975
2769,4.066543979,1.856442958,1207,1098,6,93,1213,1191
2770,3.864278167,1.812437441,1110,1049,4,82,1114,1131
2771,3.866086239,0.01535010678,1323,1233,7,46,1330,1279
2772,1.586016499,1.553067666,1584,1494,10,106,1594,1600
2773,3.759246451,2.768486055,986,888,2,79,988,967
2774,2.769574605,0.1060077398,1084,1083,12,45,1096,1128
2775,5.971067117,1.943586922,1323,1185,1,123,1324,1308
2776,4.498717884,0.2155630746,1150,1138,7,56,1157,1194
2777,2.858774132,0.803538561,928,852,5,48,933,900
2778,4.858798734,3.451893387,648,599,3,57,651,656
2779,3.073573524,3.572152364,1431,1399,3,126,1434,1525
2780,2.618580302,1.253488985,973,927,1,57,974,984
2781,5.916854764,0.4858225869,1486,1355,9,76,1495,1431
2782,5.862858972,0.939016911,1389,1314,6,96,1395,1410
2783,3.333007013,2.257228074,1658,1515,3,115,1661,1630
2784,5.00986879,1.904937441,794,708,1,65,795,773
2785,5.030025277,2.45429972,1494,1346,4,131,1498,1477
2786,1.296914343,1.037403108,690,622,3,42,693,664
2787,2.517510452,0.3246489535,1318,1327,7,68,1325,1395
2788,2.997647098,1.313504005,1571,1440,11,104,1582,1544
2789,3.131626697,3.364463137,1598,1447,4,125,1602,1572
2790,4.125301196,1.369218527,1193,1148,5,81,1198,1229
2791,4.906594398,1.512898394,1179,1043,2,77,1181,1120
2792,1.483089206,2.679065227,732,682,4,33,736,715
2793,5.059975148,0.07406662134,983,985,1,54,984,1039
2794,1.784724088,3.000423772,1061,1037,4,80,1065,1117
2795,5.64538817,0.8575290743,1347,1241,5,94,1352,1335
2796,1.550492343,0.261019607,1240,1279,6,56,1246,1335
2797,2.769548159,1.401543118,1212,1146,2,64,1214,1210
2798,4.777646333,3.136945827,775,754,1,73,776,827
2799,4.366624285,0.9676617401,1179,1126,6,73,1185,1199
2800,1.811187694,2.447232814,716,658,3,29,719,687
2801,1.415856976,0.4336527449,909,857,6,34,915,891
2802,5.021183087,0.01380701914,789,739,3,36,792,775
2803,3.925411802,3.62648021,688,664,2,70,690,734
2804,3.568647341,3.875960732,1423,1352,3,143,1426,1495
2805,2.770035583,2.218837952,817,743,3,72,820,815
2806,5.332734106,2.612202999,1579,1443,2,123,1581,1566
2807,1.028170172,2.035703154,1333,1186,6,86,1339,1272
2808,5.130697823,3.607461012,1575,1459,3,135,1578,1594
2809,2.825731556,1.627920549,1257,1177,7,90,1264,1267
2810,1.642583362,0.413964657,722,658,5,28,727,686
2811,4.865483796,1.773131606,1360,1305,5,124,1365,1429
2812,3.78406154,0.1515351888,680,660,2,46,682,706
2813,5.326751944,1.320675345,1507,1399,5,125,1512,1524
2814,1.260823845,2.347495816,636,564,3,32,639,596
2815,3.288298725,3.393914743,1524,1367,2,129,1526,1496
2816,3.22036772,0.2971752106,1307,1229,8,55,1315,1284
2817,3.917912266,2.882502042,584,553,0,41,584,594
2818,4.70783064,3.855632577,951,806,2,85,953,891
2819,1.164998436,3.356118758,997,953,7,81,1004,1034
2820,1.92259322,0.9004258594,1362,1361,4,64,1366,1425
2821,2.017491662,1.037370795,1546,1513,4,84,1550,1597
2822,3.544725966,0.2815692558,704,673,5,31,709,704
2823,1.968358278,0.3662513873,1120,1028,4,46,1124,1074
2824,5.500145422,1.29277484,1229,1126,3,87,1232,1213
2825,2.839510562,3.613177976,1417,1235,4,126,1421,1361
2826,4.73668113,1.236576147,882,849,3,61,885,910
2827,3.330466426,0.9604795347,694,685,1,41,695,726
2828,1.056014545,2.270882931,1412,1435,7,90,1419,1525
2829,5.953211315,1.98409498,1424,1255,4,81,1428,1336
2830,5.416195458,2.171939296,1247,1172,1,102,1248,1274
2831,3.055580495,0.2098845393,854,716,4,38,858,754
2832,4.712464876,1.084786635,1042,1085,6,68,1048,1153
2833,4.013123561,3.479498577,1540,1432,2,154,1542,1586
2834,2.560806076,1.552525816,1028,937,1,66,1029,1003
2835,2.530604617,1.493818692,1376,1320,9,85,1385,1405
2836,5.409385936,1.408521374,1134,1043,6,77,1140,1120
2837,4.305994623,3.382683387,1434,1377,1,132,1435,1509
2838,4.076722772,2.065556153,1500,1362,4,103,1504,1465
2839,1.186433021,1.845613799,882,834,6,54,888,888
2840,4.509601371,2.672351696,929,907,5,86,934,993
2841,2.436864996,2.329967843,581,595,2,45,583,640
2842,1.892274861,2.618954692,970,910,3,83,973,993
2843,1.271216567,0.8584775304,1267,1247,7,87,1274,1334
2844,5.279393974,3.374542405,532,538,2,48,534,586
2845,4.911520214,0.5688139656,551,525,2,39,553,564
2846,2.062782633,1.338578279,833,716,4,48,837,764
2847,1.154592893,2.173758664,805,743,3,48,808,791
2848,4.471587165,2.576616481,1504,1346,2,113,1506,1459
2849,5.645119129,1.512275582,993,937,3,75,996,1012
2850,4.818252971,3.052640358,884,812,4,70,888,882
2851,2.142465707,2.361870681,1582,1487,5,106,1587,1593
2852,3.717390406,3.335323597,1394,1286,7,100,1401,1386
2853,5.105740152,0.974619179,541,516,4,45,545,561
2854,4.232097104,0.2247600916,810,762,4,47,814,809
2855,3.675239389,2.984233223,620,579,2,40,622,619
2856,4.443604529,0.6926481288,1399,1237,7,99,1406,1336
2857,4.763498047,0.9575665128,1455,1391,4,91,1459,1482
2858,5.126191797,3.309010603,1393,1286,6,119,1399,1405
2859,1.440685909,2.817877534,922,797,2,58,924,855
2860,5.377431157,2.568324806,1257,1217,5,91,1262,1308
2861,3.121194483,1.893962024,780,758,6,55,786,813
2862,1.519367784,0.3368997267,771,738,5,32,776,770
2863,4.498273909,3.208991358,990,946,4,83,994,1029
2864,2.893206272,0.1400155405,1044,1068,7,51,1051,1119
2865,4.808857577,3.760132393,941,835,1,93,942,928
2866,2.886301861,1.10838303,692,646,7,53,699,699
2867,4.119415299,1.76840931,1386,1348,4,112,1390,1460
2868,2.800443546,1.718293108,1315,1284,3,91,1318,1375
2869,1.204631503,3.983038707,1129,1073,7,81,1136,1154
2870,1.784168297,3.806876856,1496,1325,3,114,1499,1439
2871,5.031034259,0.04971924343,1507,1439,12,74,1519,1513
2872,4.050363077,1.334498529,1163,1064,9,68,1172,1132
2873,2.97404687,2.308392429,1391,1251,2,80,1393,1331
2874,2.248284039,1.040415325,1554,1466,11,100,1565,1566
2875,2.116905709,2.799448271,679,610,3,48,682,658
2876,1.083136647,3.519855047,1040,1035,5,72,1045,1107
2877,1.883986534,0.6893784852,812,782,1,41,813,823
2878,4.937049376,2.936535124,648,653,4,70,652,723
2879,4.523173281,1.767901962,910,866,2,68,912,934
2880,4.353838696,3.107470351,1422,1329,9,141,1431,1470
2881,3.495465799,3.812690529,953,922,3,81,956,1003
2882,1.489539415,2.173007919,1445,1271,4,90,1449,1361
2883,4.089759864,0.3167200422,766,762,2,38,768,800
2884,4.087613426,2.655545116,1006,910,2,80,1008,990
2885,2.672487178,2.943764893,607,516,0,41,607,557
2886,4.495470256,0.3787616645,595,559,5,20,600,579
2887,4.83600528,0.3025525498,1027,934,6,52,1033,986
2888,2.674980164,1.13231836,934,920,7,56,941,976
2889,4.156060974,3.723448423,722,621,0,67,722,688
2890,1.764029031,2.15554801,1468,1379,8,99,1476,1478
2891,1.392968517,2.920077428,1166,1110,5,72,1171,1182
2892,3.360063801,0.1270870011,996,1033,3,53,999,1086
2893,4.629080311,1.334057288,1077,983,4,83,1081,1066
2894,1.315669796,3.59661547,941,870,2,67,943,937
2895,4.193294014,3.730056713,1092,968,1,97,1093,1065
2896,1.828958032,0.3863393828,1139,1168,4,61,1143,1229
2897,1.363312014,3.405215734,1041,889,3,67,1044,956
2898,2.07257237,0.02278035321,1001,911,5,39,1006,950
2899,1.318380831,1.057062118,1524,1489,6,88,1530,1577
2900,1.758162517,0.1994871495,685,620,4,20,689,640
2901,1.923302409,0.02181496083,1444,1306,13,36,1457,1342
2902,3.175796476,1.324900526,1400,1323,7,86,1407,1409
2903,3.083811889,2.727744307,1443,1278,3,100,1446,1378
2904,2.837684923,2.128886925,892,793,2,60,894,853
2905,3.617340681,1.187039138,621,577,2,41,623,618
2906,5.650784406,1.98413372,1151,1077,2,74,1153,1151
2907,4.230634804,3.913999435,1082,1037,1,97,1083,1134
2908,5.047733742,0.5488690276,559,513,2,38,561,551
2909,3.900146929,0.3335802633,1213,1131,7,48,1220,1179
2910,3.711468736,2.345459467,1683,1520,4,145,1687,1665
2911,4.375047062,2.482671511,1217,1091,6,107,1223,1198
2912,4.295448792,3.408604348,1588,1451,3,139,1591,1590
2913,1.902442304,1.763855028,1104,998,4,64,1108,1062
2914,1.859067391,1.53714002,1146,1106,4,70,1150,1176
2915,3.407288624,1.855726365,1241,1126,8,78,1249,1204
2916,5.034441779,1.706583484,1559,1495,8,105,1567,1600
2917,5.430805735,0.7588667586,1374,1317,6,100,1380,1417
2918,5.987433589,3.912715803,1525,1416,4,134,1529,1550
2919,2.768083206,0.4045818453,596,573,3,31,599,604
2920,1.52640976,2.328502769,877,844,5,53,882,897
2921,3.221921423,1.035979465,948,915,4,55,952,970
2922,5.418350014,1.796338093,966,876,2,69,968,945
2923,1.146978847,2.545640595,657,654,2,42,659,696
2924,5.775023258,2.268993106,1302,1199,1,110,1303,1309
2925,2.057590935,1.462990422,589,534,1,36,590,570
2926,1.917769902,1.216708104,1283,1251,1,81,1284,1332
2927,3.161736479,0.6033932257,1141,1013,11,58,1152,1071
2928,2.075705806,2.24213559,1177,1119,6,71,1183,1190
2929,4.694343921,0.6399701909,1120,1051,4,59,1124,1110
2930,2.638229431,1.627199944,1062,1042,5,63,1067,1105
2931,4.123539149,3.382420194,1375,1262,6,120,1381,1382
2932,2.957656957,3.899412443,1115,1037,5,110,1120,1147
2933,5.787566242,3.587886846,685,623,2,62,687,685
2934,4.449074585,1.976140927,1572,1540,11,101,1583,1641
2935,5.519593673,2.623497022,899,824,1,77,900,901
2936,3.715937319,2.97625226,1185,1150,2,112,1187,1262
2937,2.303686521,1.420724894,1028,907,2,61,1030,968
2938,5.083836093,3.570143988,1073,1015,5,104,1078,1119
2939,2.080465331,0.8592677619,1040,903,3,50,1043,953
2940,1.388486137,0.1181828722,883,820,9,38,892,858
2941,4.712471576,0.6266315057,1198,1113,3,68,1201,1181
2942,2.143583925,0.9399063943,1576,1438,7,95,1583,1533
2943,5.170141183,0.4760977535,1147,1038,4,64,1151,1102
2944,2.302306851,2.672890249,1111,1043,2,84,1113,1127
2945,5.939686772,3.013253876,1603,1419,5,155,1608,1574
2946,3.738181868,2.423104915,704,633,3,52,707,685
2947,5.751062813,0.1345032518,896,818,6,46,902,864
2948,4.526810344,0.1963649959,1414,1360,7,83,1421,1443
2949,2.536572526,0.5668984742,1220,1155,6,61,1226,1216
2950,3.477132543,3.066494381,1293,1162,6,102,1299,1264
2951,3.945955805,0.1643871598,1608,1574,6,78,1614,1652
2952,1.956728669,2.686173473,1635,1404,8,128,1643,1532
2953,2.799185007,1.221509941,595,552,2,37,597,589
2954,4.045259572,2.963784905,946,866,4,74,950,940
2955,5.234587431,1.945069511,1370,1300,3,107,1373,1407
2956,2.530336352,2.368325588,984,885,2,69,986,954
2957,5.502076594,2.241121338,916,802,4,58,920,860
2958,1.29495259,1.120468773,1083,1033,2,66,1085,1099
2959,4.189443958,3.988369273,1102,991,5,100,1107,1091
2960,3.538387068,3.184864473,1093,1023,4,83,1097,1106
2961,1.775042738,3.375074361,812,736,2,63,814,799
2962,5.120205238,3.695214125,704,635,1,74,705,709
2963,2.623273286,3.472543476,1329,1187,3,130,1332,1317
2964,5.747897889,2.329314325,902,840,5,63,907,903
2965,2.653383435,1.183750068,1209,1107,3,55,1212,1162
2966,1.571472563,2.788080749,614,533,7,38,621,571
2967,1.94218097,2.276669168,796,761,4,55,800,816
2968,3.996529258,1.333947486,1468,1393,4,112,1472,1505
2969,2.934363266,2.362101177,803,714,1,48,804,762
2970,3.285458533,2.182709477,958,905,3,78,961,983
2971,2.093320014,0.5067295203,1183,1134,11,63,1194,1197
2972,2.732153121,0.2948606585,903,942,8,41,911,983
2973,3.540173825,3.949345207,1521,1376,3,127,1524,1503
2974,1.161139956,1.377883034,875,788,5,45,880,833
2975,4.580979041,0.7487124291,691,648,5,40,696,688
2976,3.250673238,0.6596639465,1212,1177,8,55,1220,1232
2977,1.375936928,3.552246929,769,717,2,62,771,779
2978,3.851403128,3.625116448,1302,1203,4,83,1306,1286
2979,5.739562056,2.623761306,786,714,2,62,788,776
2980,1.806574674,2.082453063,610,543,2,40,612,583
2981,2.597397844,1.662090079,1520,1492,5,109,1525,1601
2982,3.368318831,3.655750493,1183,1124,3,90,1186,1214
2983,5.889417541,0.8452468186,1117,1098,5,83,1122,1181
2984,2.687753881,1.308219631,977,933,1,73,978,1006
2985,4.902926395,0.2966059809,1269,1263,8,72,1277,1335
2986,1.917302719,1.749629138,796,716,3,60,799,776
2987,2.068786016,1.179760406,1411,1292,8,77,1419,1369
2988,2.501471364,3.962472429,1492,1378,10,123,1502,1501
2989,4.173361745,1.479223144,1489,1383,4,99,1493,1482
2990,3.454912547,2.131710489,1153,1125,2,97,1155,1222
2991,1.088398211,2.168643748,1225,1097,1,59,1226,1156
2992,3.538924535,3.225806971,1514,1332,5,132,1519,1464
2993,3.858918741,2.941238776,1586,1457,5,124,1591,1581
2994,1.058792245,2.533502787,922,860,3,51,925,911
2995,1.284554705,2.323625349,1462,1389,10,99,1472,1488
2996,1.609279109,2.021152408,624,660,5,44,629,704
2997,2.76170824,2.002084816,1256,1213,4,90,1260,1303
2998,5.707758858,2.438734268,599,533,1,51,600,584
2999,3.825839384,1.691377536,1584,1464,6,110,1590,1574
3000,2.943891662,2.85617639,746,773,2,67,748,840
3001,3.57820507,0.5432422263,1075,1066,3,60,1078,1126
3002,2.234655179,1.837186688,1480,1361,7,98,1487,1459
3003,3.924113986,0.4038319613,698,655,4,63,702,718
3004,3.838188769,1.785784391,1331,1256,4,103,1335,1359
3005,2.350442779,1.410000853,752,713,3,41,755,754
3006,1.723291128,3.51194228,1086,1003,4,87,1090,1090
3007,3.112879803,2.226964054,1035,884,3,70,1038,954
3008,2.167202672,0.8564103472,1534,1468,8,87,1542,1555
3009,4.448523735,1.526968594,887,807,4,61,891,868
3010,5.563067413,1.793745393,697,626,2,54,699,680
3011,4.272707227,2.802395542,1440,1228,5,133,1445,1361
3012,1.353935997,1.971357252,1353,1345,11,87,1364,1432
3013,5.031493692,2.321760454,1153,1125,4,109,1157,1234
3014,5.177922748,2.331508178,1517,1366,9,107,1526,1473
3015,5.848201835,3.374366215,1199,1092,2,131,1201,1223
3016,5.227499851,2.861866602,1524,1350,4,137,1528,1487
3017,1.519787571,2.110517406,809,737,4,44,813,781
3018,2.454805977,3.312580748,1269,1174,6,90,1275,1264
3019,4.96903813,2.353105706,1091,989,4,98,1095,1087
3020,4.15015658,3.512465125,1524,1399,3,167,1527,1566
3021,5.328323784,3.645734423,1432,1233,0,133,1432,1366
3022,5.195206252,2.46217661,1495,1308,10,129,1505,1437
3023,2.342331425,3.319380288,1189,1118,7,96,1196,1214
3024,2.612105229,2.405380771,736,661,6,56,742,717
3025,4.733558478,3.057432199,691,615,5,57,696,672
3026,3.357534881,2.579222921,809,733,5,60,814,793
3027,3.539495374,1.382094205,701,649,2,48,703,697
3028,4.027376226,3.649510363,566,555,2,44,568,599
3029,4.58059912,2.590461946,723,581,2,47,725,628
3030,5.324706924,2.357272706,1456,1391,2,117,1458,1508
3031,5.50572709,0.7236860366,1376,1228,3,99,1379,1327
3032,1.427871998,3.786647425,1578,1433,6,142,1584,1575
3033,3.445427603,3.735726879,985,911,2,69,987,980
3034,3.188673411,2.075016282,1516,1468,5,109,1521,1577
3035,2.518145028,0.1965666246,1097,1050,3,51,1100,1101
3036,3.278887524,2.831754437,1055,959,0,96,1055,1055
3037,4.551363462,0.633608126,956,961,4,68,960,1029
3038,4.754379278,3.899182233,884,790,2,73,886,863
3039,2.202406835,0.8549750755,1355,1321,9,82,1364,1403
3040,2.653974186,1.565475787,1143,1121,3,64,1146,1185
3041,5.284872668,2.48334774,978,901,2,76,980,977
3042,3.265628213,3.299134056,1585,1502,6,120,1591,1622
3043,4.207882549,3.633303562,719,630,3,65,722,695
3044,1.770903649,0.1804586458,1264,1246,10,42,1274,1288
3045,1.184303776,0.1113391757,821,794,5,33,826,827
3046,2.456333219,1.002359022,1241,1230,7,81,1248,1311
3047,2.958836169,1.38371016,609,619,0,28,609,647
3048,1.471940798,3.610202131,606,524,1,43,607,567
3049,3.567215007,0.9726506419,1582,1471,7,95,1589,1566
3050,2.809399395,1.163377004,1035,1011,2,63,1037,1074
3051,3.535464402,2.882367093,1380,1325,9,115,1389,1440
3052,2.463169039,1.725143005,741,804,3,48,744,852
3053,2.232556092,1.005303928,1484,1316,3,93,1487,1409
3054,3.749044921,3.333459696,1204,1087,4,114,1208,1201
3055,2.491290343,0.236736508,1556,1433,7,80,1563,1513
3056,5.993082196,0.7458538991,1252,1226,6,89,1258,1315
3057,4.285179113,2.034322213,949,917,3,83,952,1000
3058,5.365088923,1.58629254,901,790,2,65,903,855
3059,1.620364166,3.230526579,655,670,4,53,659,723
3060,3.849905555,0.6499489988,907,863,3,53,910,916
3061,4.787158629,3.939771884,1423,1300,4,126,1427,1426
3062,1.322331831,0.7336362513,1605,1399,8,68,1613,1467
3063,3.797000559,2.544136819,1097,1016,3,85,1100,1101
3064,1.462047222,2.570764349,700,617,0,47,700,664
3065,4.597037039,3.081691348,696,639,3,63,699,702
3066,5.839292155,0.11368089,973,934,9,38,982,972
3067,3.620888241,1.176218865,602,571,3,43,605,614
3068,4.164828922,1.958838905,1203,1036,5,79,1208,1115
3069,5.354594161,3.009164677,1147,1112,4,97,1151,1209
3070,3.737210738,1.244680091,592,546,4,32,596,578
3071,1.33931623,1.009875265,1503,1380,5,76,1508,1456
3072,4.857102154,0.5623082144,1352,1269,5,76,1357,1345
3073,2.220895457,2.089089766,1291,1203,7,85,1298,1288
3074,2.227104196,3.185636986,1074,970,6,86,1080,1056
3075,1.188707288,1.516328524,1376,1242,7,92,1383,1334
3076,4.695281109,3.399730556,1445,1351,6,153,1451,1504
3077,3.069123353,2.848020023,1259,1121,1,108,1260,1229
3078,3.38881212,0.01221178628,826,771,5,29,831,800
3079,1.301150362,0.6736529189,1080,1086,7,54,1087,1140
3080,2.063554714,1.673411619,1098,1044,4,62,1102,1106
3081,1.846156408,0.2073324496,1265,1212,8,57,1273,1269
3082,4.295850046,3.58200755,1064,1010,3,92,1067,1102
3083,3.150992985,2.882471317,960,875,2,68,962,943
3084,3.974518314,1.576987646,893,809,2,75,895,884
3085,3.617708592,0.2145310956,603,572,2,27,605,599
3086,1.709604899,0.8952224934,1076,1011,7,61,1083,1072
3087,2.58020935,3.470913771,1537,1446,3,132,1540,1578
3088,2.433193123,2.21548957,1122,1146,6,71,1128,1217
3089,1.562494173,0.9126965792,572,572,1,32,573,604
3090,1.30110024,3.415530719,1353,1355,1,87,1354,1442
3091,1.280162957,1.100626437,1348,1197,5,58,1353,1255
3092,4.828901252,2.572789569,1257,1125,7,95,1264,1220
3093,2.442671886,1.44807258,1604,1492,6,100,1610,1592
3094,1.481995661,0.2930940914,576,582,3,25,579,607
3095,2.533455353,1.999692715,1048,900,2,65,1050,965
3096,1.300277636,1.973068986,1029,1083,4,69,1033,1152
3097,5.389953478,3.685915249,542,532,0,50,542,582
3098,5.614872464,1.762950599,758,740,4,69,762,809
3099,1.220840521,1.035484781,1587,1512,12,92,1599,1604
3100,1.76532705,2.036666351,787,764,2,50,789,814
3101,5.748570248,0.6802233321,1033,951,1,68,1034,1019
3102,2.716626419,2.548258249,550,529,3,46,553,575
3103,4.733651777,1.808271699,1200,1110,4,86,1204,1196
3104,1.625803155,3.138913981,1400,1280,3,115,1403,1395
3105,2.72814813,1.480392105,1057,1013,3,65,1060,1078
3106,4.959062342,3.729224006,1120,1023,3,113,1123,1136
3107,1.468863482,1.359806072,789,765,2,50,791,815
3108,2.363961081,3.649047969,949,932,1,79,950,1011
3109,5.05381867,0.06485091157,697,654,3,29,700,683
3110,2.641680674,0.3451496593,1279,1227,6,52,1285,1279
3111,4.945805312,2.609595297,1260,1058,5,98,1265,1156
3112,3.304190581,0.9094935728,1318,1283,6,80,1324,1363
3113,2.621583117,3.446972241,835,833,5,66,840,899
3114,1.541217085,0.6081221064,884,835,2,45,886,880
3115,2.94662745,1.855152856,724,658,4,46,728,704
3116,1.362395719,1.084496749,861,847,4,48,865,895
3117,1.314694708,3.489420524,980,907,3,70,983,977
3118,4.024599405,0.02500790524,1401,1324,17,46,1418,1370
3119,5.084560352,3.159419531,1669,1403,1,127,1670,1530
3120,2.723579422,3.922883972,1625,1424,6,132,1631,1556
3121,4.830259552,2.20141209,950,939,3,73,953,1012
3122,2.672067813,0.481016645,1153,1059,6,69,1159,1128
3123,4.729337591,2.403107662,1653,1453,4,118,1657,1571
3124,3.763778916,3.916820239,1395,1277,4,107,1399,1384
3125,2.05333184,2.408140053,1537,1389,3,118,1540,1507
3126,3.847024144,2.074725774,1166,1172,5,91,1171,1263
3127,5.553515823,2.205237069,797,706,1,58,798,764
3128,4.511799378,3.524482972,1138,1121,4,119,1142,1240
3129,3.952544265,0.3967783028,1181,1151,5,69,1186,1220
3130,3.460465403,0.9986836693,1475,1349,6,78,1481,1427
3131,1.205043714,1.050857439,1447,1309,8,71,1455,1380
3132,5.151044812,3.227642338,1040,923,1,99,1041,1022
3133,1.790567022,3.351586363,1188,1088,5,88,1193,1176
3134,1.573560266,1.590682152,856,861,4,51,860,912
3135,5.681140107,0.6255033358,1161,1111,5,64,1166,1175
3136,4.085741145,2.317234415,1312,1324,6,114,1318,1438
3137,4.268303418,1.654331142,1070,863,3,75,1073,938
3138,2.279565859,3.507921734,883,836,3,58,886,894
3139,4.185657157,2.896848808,1465,1338,5,126,1470,1464
3140,5.751465633,2.385109188,1139,1101,4,113,1143,1214
3141,1.347364146,0.2379380094,909,895,4,40,913,935
3142,1.008402412,0.9901759121,812,752,6,46,818,798
3143,3.060003182,0.8186533591,888,833,1,48,889,881
3144,1.850337035,1.70752797,974,942,4,69,978,1011
3145,4.022324864,2.752861942,1196,1090,7,99,1203,1189
3146,2.856674121,2.096721908,1427,1274,6,91,1433,1365
3147,1.132198978,2.492857786,1410,1328,7,95,1417,1423
3148,1.121209732,1.020271639,914,849,3,51,917,900
3149,5.275051439,1.392246083,1484,1328,2,128,1486,1456
3150,4.609331842,1.165701499,858,885,5,57,863,942
3151,4.232040575,0.1451015096,1015,926,7,43,1022,969
3152,4.347549322,3.614066978,932,884,4,88,936,972
3153,5.164677145,0.9446999315,773,727,6,55,779,782
3154,3.669744151,2.699988079,1404,1248,8,100,1412,1348
3155,1.655811006,0.508831085,1498,1407,13,65,1511,1472
3156,4.37217194,0.5268994274,1309,1238,7,68,1316,1306
3157,5.363449697,1.284383459,1089,947,6,56,1095,1003
3158,2.034856891,1.163362746,1518,1417,10,93,1528,1510
3159,4.845373533,2.58785197,792,720,4,72,796,792
3160,5.114688978,1.593903702,1294,1205,1,95,1295,1300
3161,2.801217661,2.310698844,800,714,2,66,802,780
3162,3.061888517,3.294024116,1190,1135,3,90,1193,1225
3163,3.578657319,3.118131633,769,705,4,62,773,767
3164,5.609423966,3.027935499,1408,1286,6,121,1414,1407
3165,3.323233549,0.6838256883,1546,1487,5,94,1551,1581
3166,5.752804222,3.423505264,889,798,3,73,892,871
3167,2.096614998,3.113379681,1290,1143,4,94,1294,1237
3168,2.019438666,0.6130850918,1615,1488,6,64,1621,1552
3169,1.561576255,0.674269956,1011,1058,6,50,1017,1108
3170,2.657113182,3.699980106,696,614,2,65,698,679
3171,1.001948824,3.208356602,1377,1289,5,66,1382,1355
3172,1.884743584,1.153215855,1179,1103,5,69,1184,1172
3173,1.028369654,1.686533617,721,693,3,33,724,726
3174,2.643176826,0.9194609845,664,614,1,35,665,649
3175,1.849039819,0.9587663049,626,565,5,32,631,597
3176,3.468422959,2.548958465,1204,1096,2,72,1206,1168
3177,2.803457794,2.58748876,1471,1399,3,123,1474,1522
3178,4.440918663,3.286536576,1577,1440,6,136,1583,1576
3179,2.692214717,2.905809381,1494,1346,7,119,1501,1465
3180,4.291142724,1.090076552,939,821,3,58,942,879
3181,5.743045939,2.607195622,1568,1404,5,121,1573,1525
3182,1.455060359,3.559055607,1570,1465,6,125,1576,1590
3183,3.306646,1.93060568,708,657,3,51,711,708
3184,4.605433897,3.771639652,1169,1093,2,108,1171,1201
3185,2.362644747,0.5512028384,1281,1213,8,56,1289,1269
3186,4.845449585,0.07878856406,998,925,8,51,1006,976
3187,4.012798488,3.096673036,589,545,1,49,590,594
3188,4.766324495,3.390584058,861,801,2,78,863,879
3189,5.25298404,3.925902852,1516,1302,7,123,1523,1425
3190,3.272597064,0.8958367697,1590,1465,4,101,1594,1566
3191,5.690275196,1.030544835,898,845,3,64,901,909
3192,1.00650561,1.139774173,1600,1490,9,75,1609,1565
3193,5.90370705,1.873149587,676,626,2,44,678,670
3194,3.251926786,1.963385297,615,543,2,41,617,584
3195,2.050794242,0.5437050954,850,712,1,36,851,748
3196,1.37773708,2.89353017,936,833,2,51,938,884
3197,2.783118502,3.757506068,642,678,3,54,645,732
3198,1.050376355,3.590204659,841,728,5,51,846,779
3199,4.880192037,2.734582435,919,958,4,80,923,1038
3200,1.216104883,1.763491478,1096,1021,7,55,1103,1076
3201,4.246811201,0.9928187797,1234,1118,4,70,1238,1188
3202,1.555887803,1.837826175,1475,1445,6,94,1481,1539
3203,2.179869808,1.612912277,1119,1032,4,59,1123,1091
3204,1.584960994,0.9794100912,1239,1120,3,65,1242,1185
3205,4.019413171,3.484116403,974,899,3,76,977,975
3206,4.937341504,1.460722518,1629,1436,7,110,1636,1546
3207,4.221365585,0.4565311498,1099,972,5,57,1104,1029
3208,1.170420427,3.17863214,1476,1357,3,95,1479,1452
3209,3.925908333,1.479737797,1480,1423,6,85,1486,1508
3210,2.925338725,0.00189092632,1507,1483,12,47,1519,1530
3211,5.95531206,2.495850752,1375,1248,8,119,1383,1367
3212,3.183834055,1.112975757,874,831,1,60,875,891
3213,2.429760114,1.746509544,1521,1343,8,109,1529,1452
3214,1.548925352,2.325093531,960,943,5,54,965,997
3215,2.71217159,0.05046235731,1594,1572,7,67,1601,1639
3216,5.249826073,3.970259142,788,703,3,59,791,762
3217,1.647348464,3.273801054,705,679,2,45,707,724
3218,2.652439883,2.101168568,1270,1176,5,94,1275,1270
3219,1.446436349,0.8495431257,1322,1218,3,58,1325,1276
3220,2.855259448,1.175042664,1427,1262,3,87,1430,1349
3221,4.941237915,1.095489144,699,626,5,45,704,671
3222,3.854122602,2.7496304,903,878,1,79,904,957
3223,2.188670542,2.882392116,1481,1493,1,119,1482,1612
3224,3.756468233,3.477000748,948,918,2,79,950,997
3225,1.121266065,0.7781425136,895,924,0,54,895,978
3226,3.019269691,0.4936012483,1261,1170,7,57,1268,1227
3227,3.156883016,0.2234646715,1548,1480,12,80,1560,1560
3228,2.499190186,3.666733484,1074,1054,2,107,1076,1161
3229,3.243214352,0.5009297466,1494,1357,8,78,1502,1435
3230,5.24248022,2.868460603,1492,1412,4,135,1496,1547
3231,5.892107297,0.5013073656,1652,1480,12,105,1664,1585
3232,1.487059736,0.2814734991,1138,1013,5,46,1143,1059
3233,1.844392167,2.136950887,574,555,0,36,574,591
3234,2.381002922,0.4459805143,725,651,2,35,727,686
3235,3.360553569,3.472176291,1103,1007,1,89,1104,1096
3236,3.710223309,3.823319557,1195,1037,2,107,1197,1144
3237,5.121303846,1.37161354,1446,1252,6,111,1452,1363
3238,2.510774903,1.315970704,1124,1038,3,64,1127,1102
3239,3.106179405,0.6132503705,1378,1300,3,81,1381,1381
3240,4.07356424,2.542608322,1508,1372,4,126,1512,1498
3241,3.332247645,0.5530910887,1560,1503,8,101,1568,1604
3242,4.609165813,1.449268495,581,527,6,48,587,575
3243,4.639053903,2.007931516,1415,1299,2,97,1417,1396
3244,1.362984994,0.3889520196,1020,965,5,44,1025,1009
3245,3.219201147,2.126995101,878,788,1,57,879,845
3246,5.50205154,3.907647762,1429,1365,7,147,1436,1512
3247,3.623981164,2.402456325,1558,1488,6,120,1564,1608
3248,4.8531315,3.141705635,901,818,2,82,903,900
3249,1.142460388,0.7957792802,865,821,6,50,871,871
3250,4.37976214,0.4894636794,1288,1248,7,75,1295,1323
3251,4.716294073,0.2894377716,1204,1149,7,61,1211,1210
3252,3.386296392,3.83640564,1573,1458,6,167,1579,1625
3253,2.097418668,2.19663022,737,657,2,42,739,699
3254,5.872962662,3.86860852,1376,1269,1,138,1377,1407
3255,1.827449885,3.650232962,1287,1203,1,85,1288,1288
3256,4.919595302,0.844898516,1255,1152,6,78,1261,1230
3257,3.08649066,1.579407639,1001,963,6,60,1007,1023
3258,4.708184492,2.237775934,743,741,3,67,746,808
3259,3.461302429,0.4552374837,786,756,1,44,787,800
3260,4.48885727,1.592973599,1563,1466,5,99,1568,1565
3261,2.607833708,0.6562952057,679,646,4,29,683,675
3262,2.626046804,1.392865663,1390,1291,6,110,1396,1401
3263,1.139205043,0.1181080103,573,572,4,30,577,602
3264,3.67864905,1.147093149,678,666,3,50,681,716
3265,2.584230786,0.05972131975,1084,1042,9,38,1093,1080
3266,2.280233959,3.768835194,599,527,4,49,603,576
3267,2.982454703,1.88736762,986,939,2,84,988,1023
3268,1.679615436,2.169713635,685,604,2,39,687,643
3269,1.993071111,3.10462903,1410,1370,4,112,1414,1482
3270,4.733995318,0.3821510287,596,569,0,32,596,601
3271,4.703449758,1.81489977,1253,1197,5,90,1258,1287
3272,5.754560876,1.261007163,1153,1099,4,86,1157,1185
3273,4.462099119,2.593505583,1116,1001,2,93,1118,1094
3274,2.148896571,3.542115629,1286,1198,5,88,1291,1286
3275,3.751296347,1.527811663,1260,1195,3,88,1263,1283
3276,4.77976359,1.300711243,1281,1196,7,94,1288,1290
3277,3.838220434,2.487969112,672,597,2,48,674,645
3278,2.438346276,2.09346469,1358,1291,7,105,1365,1396
3279,4.835311456,2.9481757,1064,954,5,105,1069,1059
3280,1.323816499,1.789788251,1397,1295,6,69,1403,1364
3281,1.270386153,2.14198285,1369,1339,10,72,1379,1411
3282,1.574648299,3.881719495,912,811,2,80,914,891
3283,3.625767676,1.478624211,1563,1525,10,103,1573,1628
3284,5.340633347,1.591209432,1283,1250,4,92,1287,1342
3285,1.517586251,2.152529023,1412,1290,7,115,1419,1405
3286,3.549143749,1.461329725,676,630,5,41,681,671
3287,4.734494989,0.3962473358,922,953,1,59,923,1012
3288,5.889691313,0.6400766396,1054,1005,4,60,1058,1065
3289,4.030121423,0.5324957658,1369,1242,10,80,1379,1322
3290,4.406854003,1.68097501,1519,1398,7,107,1526,1505
3291,3.725118152,1.695361573,1512,1354,6,107,1518,1461
3292,2.242421078,2.993602124,780,739,0,64,780,803
3293,4.410734507,3.9664282,796,737,1,87,797,824
3294,2.696143537,2.828544392,1531,1426,3,111,1534,1537
3295,4.232433731,3.086707134,1600,1365,5,142,1605,1507
3296,1.15423262,1.06354139,1495,1416,7,79,1502,1495
3297,3.828041778,1.660352557,597,520,0,32,597,552
3298,4.475685118,0.04566469751,1016,941,4,40,1020,981
3299,4.455005039,3.606783427,1468,1386,7,111,1475,1497
3300,4.827030458,1.566004225,555,582,3,43,558,625
3301,3.902719335,0.1218674117,1384,1352,11,69,1395,1421
3302,3.446525944,1.846235211,1565,1535,10,114,1575,1649
3303,5.28425868,2.818025707,665,627,3,69,668,696
3304,4.431653647,3.994382222,1533,1417,6,166,1539,1583
3305,3.11157796,0.7971976039,1279,1237,3,69,1282,1306
3306,5.82681355,1.76309236,584,536,0,45,584,581
3307,4.670687757,1.4844575,887,778,3,54,890,832
3308,3.994875153,0.8275698482,661,641,4,41,665,682
3309,2.141398252,3.808019448,664,636,4,46,668,682
3310,5.352712769,3.375562835,854,852,6,76,860,928
3311,3.646270176,3.993635022,1498,1393,5,135,1503,1528
3312,2.397514567,0.8007759538,879,861,5,50,884,911
3313,1.852315228,2.977212216,589,594,1,40,590,634
3314,4.637209996,1.338130435,1604,1517,6,84,1610,1601
3315,3.087190282,1.532583609,1628,1482,7,98,1635,1580
3316,3.457846328,3.642290034,1282,1183,4,130,1286,1313
3317,2.835070621,3.162581747,1267,1167,6,98,1273,1265
3318,3.246236955,2.194156223,1322,1152,7,112,1329,1264
3319,4.104834228,1.57422807,1080,1046,5,81,1085,1127
3320,1.996920159,3.351853396,580,578,5,42,585,620
3321,1.327294158,3.949468661,1222,1105,2,77,1224,1182
3322,4.342246491,0.8016439585,923,874,9,65,932,939
3323,3.598316356,2.5971921,1552,1514,5,122,1557,1636
3324,2.97976943,2.986830387,1433,1177,6,119,1439,1296
3325,1.929011175,3.319588389,1010,890,3,70,1013,960
3326,1.935595089,1.786447046,591,531,5,32,596,563
3327,2.243221302,2.414741716,1437,1223,2,104,1439,1327
3328,1.837838681,3.718084813,595,593,1,42,596,635
3329,1.954898717,2.869005299,1369,1310,9,101,1378,1411
3330,3.152636229,1.399699956,607,549,3,44,610,593
3331,3.685574549,2.367403105,799,791,2,72,801,863
3332,1.247122979,2.492646485,1492,1429,7,101,1499,1530
3333,2.761236214,0.6965856996,1481,1380,5,72,1486,1452
3334,2.964114589,2.035003886,1601,1449,8,99,1609,1548
3335,2.049724097,0.764946768,1061,1011,6,53,1067,1064
3336,2.554567048,2.708243982,1419,1363,2,117,1421,1480
3337,1.973659162,0.1832643702,1320,1274,10,66,1330,1340
3338,3.524249018,1.880927914,1601,1465,5,120,1606,1585
3339,4.295521506,2.815794057,1453,1327,6,125,1459,1452
3340,1.783848335,1.234622079,1073,984,7,62,1080,1046
3341,5.865069388,0.7553621723,1017,972,5,70,1022,1042
3342,3.404912444,1.984201751,1302,1278,6,92,1308,1370
3343,4.198314483,1.036065578,683,624,5,52,688,676
3344,5.562798469,2.07227801,573,545,3,43,576,588
3345,4.17908716,3.398563678,1250,1180,3,96,1253,1276
3346,2.583384653,3.526100751,1357,1283,1,120,1358,1403
3347,3.256426737,2.188806401,1172,1135,1,79,1173,1214
3348,5.490858296,3.952049137,1005,921,2,112,1007,1033
3349,3.769238088,2.024663834,606,569,4,47,610,616
3350,2.204695166,3.600309338,1304,1212,3,101,1307,1313
3351,5.600312087,2.664300201,1333,1228,6,125,1339,1353
3352,3.171009197,3.392927999,1181,1111,4,99,1185,1210
3353,1.983878332,2.396984803,850,735,3,41,853,776
3354,4.262977913,2.951383874,611,573,0,52,611,625
3355,5.051802077,1.142053993,693,624,3,35,696,659
3356,3.657242876,3.692271871,895,821,4,76,899,897
3357,5.032676935,1.797950863,1301,1181,5,103,1306,1284
3358,1.466336152,1.059099546,1074,1017,8,53,1082,1070
3359,5.969957352,1.520292819,1373,1263,8,118,1381,1381
3360,3.892367593,3.440728659,1289,1178,7,114,1296,1292
3361,5.455601439,2.677258359,710,641,2,49,712,690
3362,1.829732367,2.552465761,903,858,4,47,907,905
3363,1.642405585,1.860750254,617,543,6,32,623,575
3364,5.551114341,1.391859876,1076,958,4,70,1080,1028
3365,2.420955126,2.912326408,1270,1239,4,110,1274,1349
3366,4.225018365,0.1791385164,934,828,6,44,940,872
3367,1.30119218,1.371549584,1068,1004,4,67,1072,1071
3368,2.43080253,3.675354265,837,781,3,74,840,855
3369,1.075678242,1.933310341,563,542,1,31,564,573
3370,3.669329342,1.294567711,1470,1396,5,98,1475,1494
3371,4.530806156,0.1828767717,971,948,5,44,976,992
3372,5.232092449,3.681029295,1070,998,5,93,1075,1091
3373,4.967963022,2.059543536,1135,1008,4,88,1139,1096
3374,4.974918482,3.005342203,578,544,4,57,582,601
3375,2.780476775,3.111103191,1115,1025,4,88,1119,1113
3376,4.960589009,3.656180922,1119,988,3,100,1122,1088
3377,5.889798029,1.533294506,1356,1298,4,94,1360,1392
3378,3.263823055,1.166796521,679,663,6,39,685,702
3379,1.690885897,2.457828614,1230,1123,4,90,1234,1213
3380,1.685615073,3.808106601,635,472,2,40,637,512
3381,3.149998775,2.884316476,1541,1454,8,116,1549,1570
3382,5.059764555,3.245965306,1319,1209,5,110,1324,1319
3383,3.858009049,0.1150930687,1022,942,6,30,1028,972
3384,3.267410251,0.52497114,1548,1392,10,78,1558,1470
3385,3.147390538,3.839216575,781,707,2,75,783,782
3386,3.266186177,0.7347874139,863,867,7,58,870,925
3387,4.513786744,1.336129511,1377,1256,7,102,1384,1358
3388,4.03779711,1.962517132,1452,1316,4,121,1456,1437
3389,4.0696183,2.188359329,1098,1005,5,73,1103,1078
3390,1.177349364,2.893738101,691,692,4,52,695,744
3391,4.917615277,1.681306886,1229,1043,4,89,1233,1132
3392,1.938600568,1.920795157,919,846,2,47,921,893
3393,3.072479314,3.834919242,1445,1359,6,145,1451,1504
3394,4.925121419,2.310766419,1081,952,4,81,1085,1033
3395,5.023228387,3.197017226,601,540,1,54,602,594
3396,2.00902161,2.488528342,1355,1277,3,93,1358,1370
3397,1.662613798,0.1219832748,1458,1413,15,62,1473,1475
3398,4.114639865,0.9976686526,776,744,2,54,778,798
3399,2.235939558,0.5754655324,1482,1433,7,84,1489,1517
3400,4.986016113,0.5307617807,908,846,8,61,916,907
3401,3.940189813,0.945635124,704,624,1,44,705,668
3402,5.48467567,3.749453985,1361,1259,5,160,1366,1419
3403,2.443804317,2.03489708,1012,959,3,62,1015,1021
3404,3.040272043,2.702696558,861,799,2,71,863,870
3405,1.833681454,2.010532985,1153,1013,4,56,1157,1069
3406,4.534469676,3.675557389,1382,1228,2,136,1384,1364
3407,1.237760033,0.2041908901,587,613,4,28,591,641
3408,3.26519237,3.897838574,861,788,5,78,866,866
3409,5.268340968,0.9209454108,1097,978,4,56,1101,1034
3410,5.173554498,2.09480937,1297,1181,3,103,1300,1284
3411,2.77397102,2.525606729,538,507,2,39,540,546
3412,3.439049957,1.067520221,1016,896,2,71,1018,967
3413,1.78205258,0.7195832186,1462,1318,5,70,1467,1388
3414,4.944838386,3.704317285,568,595,1,49,569,644
3415,2.789097201,1.823013489,718,648,4,43,722,691
3416,5.110176176,2.170475182,1287,1191,6,103,1293,1294
3417,2.693622991,0.3367475095,1523,1518,8,86,1531,1604
3418,5.196040232,2.144242128,706,619,1,51,707,670
3419,5.833724161,3.781108464,1594,1510,1,142,1595,1652
3420,5.967685096,3.482249552,647,611,2,62,649,673
3421,4.098575772,3.330040701,735,600,5,71,740,671
3422,2.30903373,0.2304126268,907,850,6,38,913,888
3423,3.977556399,0.9139753377,1285,1193,7,83,1292,1276
3424,4.199539097,2.509881376,1079,1026,4,109,1083,1135
3425,1.881628497,1.674967374,1611,1504,8,107,1619,1611
3426,1.592985335,0.6480588684,1058,973,4,57,1062,1030
3427,2.725924876,2.083654976,1007,925,1,73,1008,998
3428,4.505520524,2.792368925,948,913,4,74,952,987
3429,1.587070247,2.967042895,1355,1291,1,115,1356,1406
3430,4.064002901,1.715313017,566,560,3,40,569,600
3431,5.502112122,1.906356461,1553,1531,2,112,1555,1643
3432,2.259732701,3.07231846,1135,1096,3,101,1138,1197
3433,5.51832421,2.015464183,1400,1419,7,135,1407,1554
3434,3.952867295,2.584468587,1268,1203,5,78,1273,1281
3435,3.434959144,1.48367582,1378,1306,3,83,1381,1389
3436,1.679388089,3.368221722,1010,926,5,81,1015,1007
3437,5.229522422,1.303816807,1328,1312,5,105,1333,1417
3438,4.275148976,3.749261131,1368,1298,4,128,1372,1426
3439,1.057113014,2.203133662,1516,1508,4,98,1520,1606
3440,5.90430025,1.382610724,1375,1280,8,117,1383,1397
3441,2.737828914,0.6180688994,1569,1562,8,78,1577,1640
3442,4.576915853,0.06482513433,685,689,3,22,688,711
3443,3.099938474,0.2202965915,1425,1412,8,72,1433,1484
3444,1.609802115,1.479679174,1301,1204,3,84,1304,1288
3445,3.946513286,1.442774627,667,664,1,55,668,719
3446,4.40440247,0.2599903423,785,742,3,33,788,775
3447,5.171837833,3.081461454,785,721,1,70,786,791
3448,2.854763938,3.342841556,1617,1399,6,132,1623,1531
3449,2.908668723,0.6619880734,1101,987,8,61,1109,1048
3450,1.185660099,1.996848439,805,720,2,49,807,769
3451,2.745684624,3.473471855,1424,1262,5,101,1429,1363
3452,1.523608986,1.482276355,1287,1194,8,79,1295,1273
3453,4.166025466,3.329954943,1422,1329,2,125,1424,1454
3454,3.518452034,3.396947626,1200,1087,5,108,1205,1195
3455,3.40983362,2.956097749,670,604,1,59,671,663
3456,5.555941298,2.185004495,649,646,1,45,650,691
3457,4.825668278,3.039045027,990,888,1,104,991,992
3458,1.116931223,3.002034791,1041,1029,4,63,1045,1092
3459,1.38729545,2.468477522,1154,1070,3,64,1157,1134
3460,5.032182301,1.812056922,1555,1462,6,128,1561,1590
3461,4.500500056,1.935867712,1071,1069,3,81,1074,1150
3462,4.972283562,0.8656789589,1392,1267,5,89,1397,1356
3463,4.399494492,0.5571549237,776,776,5,52,781,828
3464,3.178325954,3.826084121,1286,1159,8,109,1294,1268
3465,5.870264007,1.513381318,1164,1105,2,73,1166,1178
3466,2.780040343,0.3703823973,1355,1344,9,51,1364,1395
3467,3.90718289,0.4388616554,1185,1143,7,79,1192,1222
3468,2.654180912,1.260247305,1148,1182,1,65,1149,1247
3469,2.328656255,2.753109321,1343,1315,6,105,1349,1420
3470,2.166098408,1.344811406,665,611,4,39,669,650
3471,1.709431272,0.3072156299,731,617,3,28,734,645
3472,3.171292852,1.642747848,1522,1438,6,115,1528,1553
3473,2.862905004,2.52143357,904,882,3,70,907,952
3474,4.847896472,2.61589393,1247,1080,1,107,1248,1187
3475,2.737302353,3.715426771,1461,1364,4,126,1465,1490
3476,4.131553923,3.867731943,1587,1421,3,126,1590,1547
3477,3.200960089,1.953857323,1282,1186,6,89,1288,1275
3478,2.074002404,2.855104102,1243,1036,3,73,1246,1109
3479,1.733094467,1.625239346,1205,1099,4,66,1209,1165
3480,2.247660033,1.021214383,1194,1185,3,63,1197,1248
3481,2.293055496,0.2302330664,788,751,2,38,790,789
3482,5.926888491,0.3124919715,1543,1480,9,79,1552,1559
3483,3.563278926,2.986728478,797,684,2,78,799,762
3484,3.352732867,0.6538129293,1194,1089,5,71,1199,1160
3485,3.380005499,0.1851844403,749,756,5,43,754,799
3486,4.395290747,0.6521403271,897,812,4,61,901,873
3487,3.881420921,3.167920671,866,779,4,76,870,855
3488,1.979754547,0.3177288297,1544,1360,10,64,1554,1424
3489,5.643013213,1.283480437,601,606,6,38,607,644
3490,2.116909692,1.195071483,1516,1371,5,96,1521,1467
3491,5.638359084,2.550997529,1130,1005,3,90,1133,1095
3492,3.123990026,0.6794716129,1176,1025,6,49,1182,1074
3493,1.833443712,3.412063431,1007,951,3,89,1010,1040
3494,3.647061932,1.318665827,1283,1183,5,93,1288,1276
3495,4.680620046,1.517763517,590,536,4,42,594,578
3496,1.676568585,1.927129411,1424,1290,5,101,1429,1391
3497,1.885175808,0.6614315159,1224,1127,2,63,1226,1190
3498,3.835285246,1.491925911,1570,1543,9,92,1579,1635
3499,1.520343406,2.827287052,799,805,3,46,802,851
3500,5.897842586,3.187875497,1641,1442,3,131,1644,1573
3501,3.909579098,1.982855478,1619,1476,4,123,1623,1599
3502,4.893025189,3.604876253,1394,1369,5,145,1399,1514
3503,2.301481321,0.7244436561,1285,1240,6,63,1291,1303
3504,2.746445818,2.500536042,1375,1190,4,89,1379,1279
3505,2.779558623,0.4558115226,958,974,5,56,963,1030
3506,5.230713549,1.210680722,1347,1275,3,118,1350,1393
3507,5.285846708,3.67526627,691,624,3,66,694,690
3508,2.451656622,0.9905522197,961,904,4,51,965,955
3509,5.709351765,3.05063258,1593,1455,7,131,1600,1586
3510,5.634569402,3.44342546,1491,1392,5,134,1496,1526
3511,1.329401495,2.374542342,606,572,2,28,608,600
3512,5.531690482,3.599431229,665,602,2,80,667,682
3513,4.499395656,3.908186748,1012,940,2,91,1014,1031
3514,1.649082921,0.8780190896,1424,1373,4,76,1428,1449
3515,1.047905152,3.189781369,1156,1065,5,59,1161,1124
3516,2.179378563,3.563712827,1331,1285,9,104,1340,1389
3517,4.170328646,1.863776606,1617,1379,6,124,1623,1503
3518,3.187415837,0.4617623666,902,897,4,48,906,945
3519,1.288647167,1.890942299,1384,1361,4,87,1388,1448
3520,1.069277024,3.59286713,954,909,2,63,956,972
3521,5.393973401,2.875066967,1484,1320,3,124,1487,1444
3522,5.447113701,3.547765254,710,611,4,74,714,685
3523,5.530774832,2.326957978,1072,1014,3,91,1075,1105
3524,2.780942244,2.960388362,1163,1135,3,83,1166,1218
3525,3.804548307,3.68176932,959,860,1,69,960,929
3526,3.154453957,2.6303054,1088,1003,2,78,1090,1081
3527,5.787599725,1.37193671,1497,1373,10,111,1507,1484
3528,2.264994776,3.870609864,1635,1471,6,124,1641,1595
3529,5.383856679,2.9514422,1255,1213,4,99,1259,1312
3530,2.522589523,3.004281991,1267,1159,4,109,1271,1268
3531,4.489997203,2.862778521,1084,1026,4,111,1088,1137
3532,4.888127438,3.14590973,1414,1275,2,141,1416,1416
3533,4.130174414,3.718589318,862,792,5,73,867,865
3534,5.263246495,1.894243753,1117,975,1,78,1118,1053
3535,4.261731796,0.8274524688,758,799,4,51,762,850
3536,1.789783705,2.335128065,685,630,0,48,685,678
3537,4.32227076,0.1176275152,1143,1134,5,53,1148,1187
3538,1.733710175,3.42006443,1534,1387,5,110,1539,1497
3539,4.764062338,2.001621938,551,582,0,37,551,619
3540,3.636462212,1.045604411,1100,1004,5,59,1105,1063
3541,4.704434309,1.05351109,1192,1096,8,92,1200,1188
3542,4.459988089,2.319979269,838,892,4,65,842,957
3543,3.839936548,2.117663817,1248,1175,2,99,1250,1274
3544,1.867536675,2.178147641,689,640,3,53,692,693
3545,3.69823461,0.8151933119,1249,1147,5,74,1254,1221
3546,3.130498407,2.482592086,1026,904,2,86,1028,990
3547,1.288663942,0.3656816703,582,520,6,28,588,548
3548,3.054162855,1.217533734,711,681,2,52,713,733
3549,3.5494399,2.358985803,1248,1241,4,81,1252,1322
3550,2.408217792,2.600957795,1601,1521,3,118,1604,1639
3551,3.187251327,0.5705283568,759,752,4,48,763,800
3552,5.738847451,0.27665407,795,727,0,30,795,757
3553,1.410697634,1.294683739,667,628,4,41,671,669
3554,3.583260829,0.4840903322,1417,1428,8,73,1425,1501
3555,1.329131272,2.885152754,873,839,3,61,876,900
3556,3.318898606,3.621913199,1492,1444,5,116,1497,1560
3557,3.604232206,0.9541729592,973,955,3,60,976,1015
3558,5.880069493,0.9832825978,875,814,7,71,882,885
3559,5.036196408,0.5947883439,1620,1472,5,91,1625,1563
3560,5.654535583,3.845983519,851,804,7,90,858,894
3561,1.116836594,3.448971848,1532,1451,13,117,1545,1568
3562,3.309378893,0.9257232466,1281,1201,5,72,1286,1273
3563,2.855096042,3.138724488,938,920,4,69,942,989
3564,2.846737667,1.791664323,656,617,3,31,659,648
3565,1.414263668,0.9050033686,608,556,3,33,611,589
3566,5.74106973,0.7404150805,792,736,3,45,795,781
3567,2.438398233,0.3096584464,880,872,3,38,883,910
3568,1.741665002,3.700637841,877,825,3,59,880,884
3569,3.952020455,0.3543561319,768,695,4,36,772,731
3570,2.284414978,2.0311317,994,966,3,74,997,1040
3571,3.389584992,3.600476218,1208,1145,1,101,1209,1246
3572,4.342907291,0.1940072055,851,831,4,47,855,878
3573,2.069761505,2.469820771,712,635,1,44,713,679
3574,2.638813771,2.928055396,1338,1226,1,89,1339,1315
3575,4.408073104,2.343434013,963,920,3,80,966,1000
3576,3.515859455,3.254774193,654,589,3,56,657,645
3577,1.17758456,2.444463463,1297,1224,5,78,1302,1302
3578,1.909711641,0.5857968803,1027,937,4,49,1031,986
3579,2.321144519,3.953636589,579,490,3,55,582,545
3580,1.455093371,0.8695266113,1440,1454,5,65,1445,1519
3581,2.536190411,3.907579426,1367,1231,3,137,1370,1368
3582,1.443388435,2.456710259,1579,1531,2,97,1581,1628
3583,3.433876522,3.513262526,1193,1030,9,104,1202,1134
3584,4.775708864,1.225670166,1555,1524,5,101,1560,1625
3585,4.107832312,2.508823324,1576,1416,3,114,1579,1530
3586,4.766658502,0.4514006611,978,911,7,50,985,961
3587,3.748965263,0.5458056431,1425,1316,5,89,1430,1405
3588,5.781668137,1.585083282,1571,1437,5,124,1576,1561
3589,1.027303114,0.4859262436,1232,1236,5,55,1237,1291
3590,1.007221306,3.548261731,1089,1028,6,62,1095,1090
3591,3.035289366,2.718243968,608,545,3,36,611,581
3592,4.28058187,3.781707383,1202,1101,2,110,1204,1211
3593,3.830248217,2.566087303,694,624,3,49,697,673
3594,3.411316725,1.799868951,1292,1193,1,94,1293,1287
3595,5.71272623,3.966689616,940,916,2,94,942,1010
3596,4.664075638,0.4391303479,1541,1390,3,77,1544,1467
3597,2.008426094,3.828279284,961,929,5,76,966,1005
3598,1.020183052,0.7367474475,1535,1493,8,65,1543,1558
3599,2.163780771,3.812631899,712,642,0,56,712,698
3600,5.788346975,3.732155326,1210,1064,4,129,1214,1193
3601,1.168608602,3.738223681,1532,1378,6,104,1538,1482
3602,1.103645398,3.764702953,1105,1048,3,66,1108,1114
3603,2.678671874,3.647197582,1481,1386,6,128,1487,1514
3604,4.767973097,3.668733267,898,780,2,90,900,870
3605,3.512118755,0.110978682,680,674,5,26,685,700
3606,2.761266682,3.381661314,1630,1449,2,139,1632,1588
3607,4.122315023,0.629909608,896,853,0,55,896,908
3608,2.672828037,2.634240804,947,885,6,86,953,971
3609,2.842368565,1.48863444,703,714,5,43,708,757
3610,3.314166904,0.1343535766,631,574,2,25,633,599
3611,1.911360416,0.8499683378,687,644,3,32,690,676
3612,3.394678838,3.954244904,1629,1427,5,148,1634,1575
3613,3.984435211,2.076659751,1289,1200,4,101,1293,1301
3614,2.052924677,1.821719649,896,826,3,58,899,884
3615,5.605700632,1.42603819,1396,1325,11,112,1407,1437
3616,1.16078606,0.8261448025,780,745,7,36,787,781
3617,4.966914817,2.412048855,774,730,4,48,778,778
3618,1.66401525,1.119932713,877,798,4,43,881,841
3619,1.319147749,3.494677185,755,743,2,59,757,802
3620,3.182866662,1.224611793,1645,1484,7,92,1652,1576
3621,4.97875166,0.941837932,673,644,4,53,677,697
3622,2.703914001,3.10795639,1411,1283,4,108,1415,1391
3623,4.771693099,2.771552927,1295,1144,3,117,1298,1261
3624,2.544015781,3.124720007,1213,1202,2,107,1215,1309
3625,2.185023523,1.498762792,1183,1120,3,66,1186,1186
3626,2.984570849,3.793442773,1440,1361,7,125,1447,1486
3627,3.637220342,3.52283146,1059,1003,7,84,1066,1087
3628,5.737174234,2.284082972,1048,980,4,88,1052,1068
3629,1.097326578,1.587823271,1549,1524,6,79,1555,1603
3630,4.27413163,3.635986508,821,729,3,68,824,797
3631,2.473166783,2.000536717,1606,1455,6,103,1612,1558
3632,4.456067946,0.5512568007,612,579,1,27,613,606
3633,1.413723554,1.665273439,1123,1039,4,75,1127,1114
3634,1.962487464,2.940890318,781,756,5,67,786,823
3635,4.831271012,2.553329367,659,655,3,55,662,710
3636,4.552089027,1.479556603,808,741,4,51,812,792
3637,4.608548276,0.4230409383,711,677,2,28,713,705
3638,1.634362671,2.35850562,599,574,1,29,600,603
3639,1.118003329,0.09163392377,797,743,5,33,802,776
3640,1.564870673,0.01465207115,1431,1489,12,54,1443,1543
3641,4.512237665,2.469786516,695,668,4,57,699,725
3642,2.753280509,0.9115827519,1332,1285,10,88,1342,1373
3643,4.556017188,3.807271788,1618,1520,6,143,1624,1663
3644,4.096273281,0.03347262,1280,1217,8,46,1288,1263
3645,3.928890894,3.802235,668,635,1,47,669,682
3646,4.881586545,3.514116525,1281,1168,2,113,1283,1281
3647,4.837703282,1.390586629,826,738,4,57,830,795
3648,3.035494053,1.687798662,978,966,3,65,981,1031
3649,5.201076249,2.602704286,1051,985,2,81,1053,1066
3650,4.059604947,0.9947149043,826,736,4,48,830,784
3651,1.098740348,1.0062448,1057,937,6,55,1063,992
3652,2.321709962,2.03722991,1519,1471,7,109,1526,1580
3653,3.133241641,3.958725771,1356,1179,4,101,1360,1280
3654,4.286842764,3.751693165,934,779,3,91,937,870
3655,4.943604531,2.617114993,1284,1202,3,97,1287,1299
3656,3.321631875,1.379973638,568,613,4,33,572,646
3657,3.103818287,0.6826468721,958,941,2,57,960,998
3658,3.789065506,1.903085071,1333,1304,5,91,1338,1395
3659,2.24373873,0.05736322052,795,698,5,30,800,728
3660,5.715148593,0.5241840872,1000,981,6,62,1006,1043
3661,1.318653743,2.042974855,1604,1427,6,108,1610,1535
3662,1.862123922,1.07787,1248,1238,5,66,1253,1304
3663,5.321151204,0.8476091511,1246,1118,7,66,1253,1184
3664,5.065858027,1.462740825,802,754,2,46,804,800
3665,2.829766228,1.670586292,952,944,9,71,961,1015
3666,3.590502079,3.660862073,1349,1268,2,131,1351,1399
3667,2.582208771,3.638682558,815,772,1,54,816,826
3668,2.578479575,2.674141254,1494,1345,5,128,1499,1473
3669,1.463443943,3.690308015,1440,1348,4,105,1444,1453
3670,1.353985324,1.250373308,1580,1503,7,87,1587,1590
3671,3.659025599,2.556163254,1578,1408,4,136,1582,1544
3672,4.622857881,3.66428266,1110,990,4,99,1114,1089
3673,5.195097068,3.80558625,1501,1277,6,161,1507,1438
3674,1.718522557,2.560293599,591,558,2,34,593,592
3675,1.104482083,0.8865230999,1334,1228,4,58,1338,1286
3676,5.759836586,0.810709471,949,893,6,60,955,953
3677,1.711111628,2.460280867,1121,1096,7,80,1128,1176
3678,3.293499614,1.824401294,1290,1130,5,86,1295,1216
3679,2.625988527,1.627152436,948,949,2,60,950,1009
3680,3.731071888,0.3628489695,1099,1086,7,54,1106,1140
3681,2.854406109,0.105204788,1601,1469,5,70,1606,1539
3682,4.137956627,2.047792878,1399,1251,1,92,1400,1343
3683,5.510987321,3.377937707,1103,1034,2,100,1105,1134
3684,2.249121663,1.018552664,1496,1408,10,84,1506,1492
3685,5.40722446,2.544142841,1002,877,2,90,1004,967
3686,4.027581475,2.241080416,1218,1262,4,97,1222,1359
3687,3.594306757,0.5146581526,1261,1197,8,69,1269,1266
3688,1.431506793,1.962807143,1452,1388,6,87,1458,1475
3689,1.869382882,0.1397672876,942,944,3,33,945,977
3690,5.138274765,0.9952206787,1119,1010,7,67,1126,1077
3691,4.132751715,3.108440809,936,899,3,72,939,971
3692,4.043977189,0.8290160572,830,822,4,61,834,883
3693,4.349432062,3.307849639,1302,1114,4,119,1306,1233
3694,4.294156919,3.482538116,1252,1161,4,121,1256,1282
3695,2.113673332,3.380525453,1078,1003,6,70,1084,1073
3696,1.212757543,1.116004741,948,902,6,52,954,954
3697,1.814347125,0.6340527257,712,611,4,30,716,641
3698,1.823572194,1.625503301,1061,1077,5,60,1066,1137
3699,3.742800079,1.83872915,958,949,2,80,960,1029
3700,3.573485825,0.6280891534,922,897,8,57,930,954
3701,1.079287701,2.202791682,589,584,0,36,589,620
3702,5.792334343,0.8859807841,1157,1067,2,98,1159,1165
3703,2.218124996,3.523297895,1586,1442,1,118,1587,1560
3704,5.262619917,1.356455325,797,799,4,51,801,850
3705,1.652189172,1.096089627,1597,1582,7,90,1604,1672
3706,5.411488547,1.851868358,1066,1018,8,74,1074,1092
3707,3.328407788,0.1422960076,707,633,5,33,712,666
3708,2.438284027,3.469582133,752,749,1,55,753,804
3709,5.93393855,3.67084916,1403,1283,3,148,1406,1431
3710,2.409014069,1.17996824,1115,1052,8,53,1123,1105
3711,1.94469071,3.758387339,1339,1279,8,111,1347,1390
3712,3.454859023,3.472323157,1320,1172,4,98,1324,1270
3713,3.50722588,0.992856316,1249,1204,6,81,1255,1285
3714,1.210611482,1.393696128,1070,1028,4,56,1074,1084
3715,1.511352554,2.717926035,996,898,2,54,998,952
3716,5.196124906,3.144000651,1450,1376,2,145,1452,1521
3717,4.729038727,0.9864605135,926,824,4,50,930,874
3718,5.881989952,3.865895158,801,678,3,82,804,760
3719,4.866782442,1.701671327,883,844,4,56,887,900
3720,5.897090834,0.7769976912,1212,1160,5,85,1217,1245
3721,5.806349966,2.60186937,803,737,1,62,804,799
3722,3.099273685,2.88913467,1133,984,3,84,1136,1068
3723,2.149017029,2.844493588,1300,1146,2,83,1302,1229
3724,3.462148758,1.271632929,922,857,7,54,929,911
3725,3.697474146,0.1711384432,977,938,5,49,982,987
3726,2.844204248,1.256187496,1237,1056,5,77,1242,1133
3727,2.41217332,3.782635492,728,771,2,61,730,832
3728,5.675309378,1.299170447,687,630,2,41,689,671
3729,1.451617883,3.102447097,1548,1510,10,125,1558,1635
3730,4.51087055,1.413091097,669,610,4,53,673,663
3731,3.576656046,3.449669526,1190,1042,2,97,1192,1139
3732,2.223143245,1.643438784,1636,1436,9,102,1645,1538
3733,1.876670598,0.3161547197,990,967,12,49,1002,1016
3734,1.520703419,3.405246655,1496,1347,7,114,1503,1461
3735,1.678659435,0.6557171096,1030,1017,5,45,1035,1062
3736,4.586425279,1.902835112,1510,1367,9,110,1519,1477
3737,4.021628314,3.1899181,1141,1005,2,97,1143,1102
3738,3.618712381,2.61155006,706,652,5,60,711,712
3739,5.824034502,2.982620957,1098,977,5,98,1103,1075
3740,1.871950014,1.300719743,1364,1279,5,73,1369,1352
3741,2.283342735,3.366216351,941,912,6,74,947,986
3742,1.510190149,1.688981399,1454,1412,8,78,1462,1490
3743,3.760817818,1.051297514,1187,1158,0,81,1187,1239
3744,2.96008212,2.444229171,1365,1249,4,89,1369,1338
3745,5.183274725,3.903886406,1334,1278,4,145,1338,1423
3746,3.295085185,1.590320043,1315,1243,8,79,1323,1322
3747,5.195110855,3.408385146,1011,878,2,88,1013,966
3748,1.794751817,0.2307487163,1100,1037,5,57,1105,1094
3749,5.223243512,1.692339607,1115,967,3,66,1118,1033
3750,2.646348657,1.490348721,869,867,7,60,876,927
3751,5.436678522,3.847058427,579,562,1,62,580,624
3752,1.184275672,2.179662662,1026,883,3,70,1029,953
3753,5.857304995,1.557848563,701,622,3,46,704,668
3754,3.286553182,3.833484937,1561,1446,1,123,1562,1569
3755,5.722847005,0.2018928538,1015,918,3,42,1018,960
3756,4.024402486,2.705776095,810,738,3,73,813,811
3757,5.866920015,1.947684932,1357,1265,1,108,1358,1373
3758,2.363756615,1.782928302,1534,1484,4,92,1538,1576
3759,1.157068155,3.962514712,1486,1355,3,103,1489,1458
3760,4.338338983,1.184505568,1483,1380,9,116,1492,1496
3761,4.879080223,2.235901599,822,755,3,59,825,814
3762,4.116948506,1.431042358,590,551,2,37,592,588
3763,1.474761689,0.2817786281,1177,1151,5,40,1182,1191
3764,2.803812847,0.7650603564,1077,1050,5,74,1082,1124
3765,4.419933061,1.830629295,1014,1034,3,74,1017,1108
3766,5.082916511,0.5652647282,1553,1482,8,97,1561,1579
3767,4.96986292,2.920399399,1465,1357,5,100,1470,1457
3768,4.732040941,1.881361554,1043,965,3,80,1046,1045
3769,4.412290741,1.119340165,944,895,1,46,945,941
3770,1.787893495,1.595913077,1380,1357,3,79,1383,1436
3771,3.255173263,2.046722651,929,802,3,69,932,871
3772,1.167569685,1.150535174,1037,889,6,56,1043,945
3773,1.984895338,2.235489473,1223,1128,7,82,1230,1210
3774,4.26931815,3.55002767,1159,1119,4,112,1163,1231
3775,1.699799295,3.752954653,640,648,1,39,641,687
3776,1.50302372,2.985672146,1317,1208,6,90,1323,1298
3777,1.822208841,2.164474491,771,688,3,57,774,745
3778,3.456682824,2.505446814,1114,1007,4,86,1118,1093
3779,3.970115018,0.04202612156,1344,1270,9,58,1353,1328
3780,1.40008012,0.2196700596,794,752,5,37,799,789
3781,3.228023755,3.52948678,1107,1099,1,107,1108,1206
3782,3.068239206,3.214385389,1266,1193,6,91,1272,1284
3783,5.505319785,3.143679086,1010,918,2,91,1012,1009
3784,1.681114714,1.328614462,1370,1327,11,73,1381,1400
3785,4.204428797,0.2074778853,1304,1141,5,69,1309,1210
3786,1.014505182,2.990239053,574,547,2,39,576,586
3787,4.26403396,0.5517947191,1353,1278,8,77,1361,1355
3788,2.124008717,2.857684124,764,730,2,62,766,792
3789,4.020432113,0.5233819599,1072,1063,3,72,1075,1135
3790,3.065093738,2.363189581,1572,1458,7,122,1579,1580
3791,5.466426668,3.410083429,1104,1043,1,98,1105,1141
3792,5.954725237,3.08680574,837,756,1,73,838,829
3793,1.149428052,1.066189604,1376,1323,5,69,1381,1392
3794,4.052854492,2.652286855,733,590,0,50,733,640
3795,2.082678439,0.3993365269,1032,960,3,38,1035,998
3796,2.941236071,0.2818998908,1137,1175,8,48,1145,1223
3797,3.380559259,3.312792318,1595,1388,5,129,1600,1517
3798,2.260003936,1.301384312,1105,1045,1,62,1106,1107
3799,2.031790193,3.329697403,778,702,1,52,779,754
3800,3.520527187,1.363922361,652,632,7,46,659,678
3801,3.94375838,2.675867111,801,701,1,54,802,755
3802,5.231068825,3.191409356,741,768,2,74,743,842
3803,5.806965037,3.851729334,789,723,0,78,789,801
3804,3.805413597,0.2199264028,1551,1538,14,78,1565,1616
3805,4.004656125,3.806577308,871,800,3,89,874,889
3806,2.726312578,0.3595363641,695,689,4,33,699,722
3807,2.305149464,3.498651142,1153,1138,5,116,1158,1254
3808,2.351034253,2.603905217,609,519,1,37,610,556
3809,2.280777983,1.383535118,874,833,5,57,879,890
3810,4.080284225,3.02614096,783,742,2,59,785,801
3811,2.881301683,1.472354865,1502,1359,6,97,1508,1456
3812,4.591856644,2.021020845,1652,1472,1,119,1653,1591
3813,5.401661932,0.9202151434,573,543,2,39,575,582
3814,5.739891925,0.6829876477,1539,1467,8,94,1547,1561
3815,4.643428228,3.408334069,539,568,3,54,542,622
3816,4.114753165,1.699816033,1451,1450,4,112,1455,1562
3817,2.165703429,1.815077576,1204,1139,3,89,1207,1228
3818,1.365841991,2.699671442,1566,1472,5,110,1571,1582
3819,5.463641819,2.548129889,592,573,4,47,596,620
3820,5.182005731,2.144357116,867,783,5,72,872,855
3821,5.704086228,2.325021983,1451,1255,4,115,1455,1370
3822,2.515994518,2.653720159,959,879,3,77,962,956
3823,1.917625322,0.2390080112,895,906,4,45,899,951
3824,5.328413831,3.856270604,1381,1324,6,133,1387,1457
3825,2.061559259,2.335212509,1213,1098,1,74,1214,1172
3826,2.677442675,2.772982015,1548,1473,5,110,1553,1583
3827,2.606374049,0.06351235854,1480,1424,6,61,1486,1485
3828,2.405422828,2.387450825,1615,1471,11,97,1626,1568
3829,5.573223154,0.4076211663,657,648,4,35,661,683
3830,5.311878747,1.620705277,1158,1059,7,91,1165,1150
3831,2.968234857,2.213848014,1413,1248,3,93,1416,1341
3832,5.36949812,1.562810923,1582,1434,4,120,1586,1554
3833,2.788551906,2.205644149,1484,1393,6,111,1490,1504
3834,2.892443546,3.116719299,1180,1121,4,95,1184,1216
3835,1.593550382,0.6964610492,962,903,6,45,968,948
3836,1.011168464,3.964139364,995,988,2,65,997,1053
3837,5.432439567,0.5239917699,1245,1227,1,59,1246,1286
3838,2.998081293,2.84341427,589,559,3,43,592,602
3839,1.166169241,3.28551582,763,750,4,49,767,799
3840,1.46509767,0.6185763269,691,655,1,30,692,685
3841,3.493286968,1.019051546,1487,1330,6,106,1493,1436
3842,5.927854519,1.372900645,1205,1116,3,73,1208,1189
3843,1.73409428,1.200012862,1573,1492,11,83,1584,1575
3844,4.145043574,2.372994546,609,566,1,46,610,612
3845,5.678101512,1.693016613,1585,1481,4,116,1589,1597
3846,2.286350743,1.146067197,612,519,4,21,616,540
3847,4.575082899,0.1834335783,1559,1505,11,67,1570,1572
3848,1.052174593,1.027497979,1253,1199,6,70,1259,1269
3849,1.293914513,1.819094198,1081,1008,7,61,1088,1069
3850,3.120160876,1.703243256,694,695,1,37,695,732
3851,2.611179335,3.667511858,975,841,4,94,979,935
3852,3.941596454,1.830277639,958,875,3,79,961,954
3853,2.844558492,3.202615254,1028,913,2,77,1030,990
3854,5.961459995,1.415718103,887,810,1,51,888,861
3855,3.137846834,1.048728824,1393,1250,5,87,1398,1337
3856,5.393397848,1.19045901,994,946,3,64,997,1010
3857,5.748385656,3.837182353,1323,1138,1,139,1324,1277
3858,5.425088925,1.609886371,571,559,1,39,572,598
3859,3.544499423,1.298023982,1102,1031,7,62,1109,1093
3860,1.76729522,2.005575494,1591,1461,6,98,1597,1559
3861,3.224826428,2.742068581,694,672,2,60,696,732
3862,5.121297129,1.903986052,1056,1017,7,94,1063,1111
3863,5.371372583,0.2794273506,677,635,5,38,682,673
3864,2.407001333,3.888466579,1531,1295,6,117,1537,1412
3865,4.931351086,0.2955011178,1268,1179,7,74,1275,1253
3866,5.680525247,0.1451603754,712,643,4,36,716,679
3867,2.921757945,3.609744491,804,667,2,70,806,737
3868,2.216360232,1.753335189,702,619,2,48,704,667
3869,4.449532698,1.343296581,688,635,5,40,693,675
3870,4.578015721,3.718167801,1233,1088,3,110,1236,1198
3871,4.997324348,0.5698988748,1509,1421,7,81,1516,1502
3872,5.697502854,3.495045016,1429,1263,6,123,1435,1386
3873,2.015635081,0.04113548009,671,679,6,24,677,703
3874,1.75090289,1.096902459,1293,1229,6,76,1299,1305
3875,3.744497589,3.42866924,883,816,5,76,888,892
3876,4.221330591,0.8935654317,1593,1505,5,97,1598,1602
3877,5.465329479,3.630879399,597,549,1,53,598,602
3878,1.230627691,1.66220299,1502,1398,8,97,1510,1495
3879,4.478411781,3.494454348,845,856,4,64,849,920
3880,5.266864225,0.8726497309,699,681,1,50,700,731
3881,3.31477922,0.82679027,976,894,7,54,983,948
3882,5.644666781,0.3575046669,950,916,8,42,958,958
3883,1.679943533,1.622007272,691,619,1,36,692,655
3884,4.19930803,0.9915949184,869,808,4,50,873,858
3885,5.519920323,1.832611536,794,685,2,73,796,758
3886,3.153066623,3.456134443,1129,1100,4,94,1133,1194
3887,1.313616109,1.139868603,609,537,2,32,611,569
3888,3.944633885,0.563969189,1439,1394,7,91,1446,1485
3889,3.206317475,0.6587907801,1293,1155,5,91,1298,1246
3890,3.452128366,0.7327806912,1249,1244,9,75,1258,1319
3891,1.993859558,0.4942925785,1450,1468,6,77,1456,1545
3892,3.522978523,1.572288915,1323,1258,3,87,1326,1345
3893,5.448236781,3.733176229,573,509,0,56,573,565
3894,3.468149582,0.7908116951,1054,1010,1,73,1055,1083
3895,3.811463119,3.966031495,779,765,1,69,780,834
3896,1.935493656,1.543817938,1599,1504,6,69,1605,1573
3897,5.04622895,1.09936521,1210,1136,3,84,1213,1220
3898,2.748182635,3.457102668,1178,1123,4,90,1182,1213
3899,4.612768525,3.34413975,700,668,2,57,702,725
3900,3.277750699,1.865122445,869,817,0,56,869,873
3901,2.502021058,0.727163103,795,684,1,44,796,728
3902,3.690356183,0.7089160189,760,717,5,46,765,763
3903,1.475401125,3.839421526,1427,1408,5,101,1432,1509
3904,3.347531642,2.781978318,1609,1508,6,115,1615,1623
3905,1.370726844,2.107175677,1237,1100,3,65,1240,1165
3906,2.378230053,1.008964862,699,627,4,34,703,661
3907,3.21848331,0.6521850431,969,940,4,43,973,983
3908,5.630656077,0.8877639477,641,640,4,54,645,694
3909,4.91365972,2.712587257,1227,1115,4,87,1231,1202
3910,3.67489398,1.07522418,902,832,5,59,907,891
3911,3.69134335,3.957417004,1495,1347,6,163,1501,1510
3912,3.695117551,2.893708785,1587,1464,5,121,1592,1585
3913,2.225827356,1.752545192,773,776,2,60,775,836
3914,1.785799522,2.82531623,1639,1484,10,112,1649,1596
3915,4.857531391,0.9677665672,1186,1085,5,79,1191,1164
3916,2.581123944,0.4333027153,1261,1264,5,66,1266,1330
3917,4.664583244,1.953172273,1124,1024,4,92,1128,1116
3918,4.779907231,2.607972848,1132,993,2,86,1134,1079
3919,3.803421773,1.97988097,1170,1114,6,85,1176,1199
3920,1.284846822,1.896635972,690,689,4,46,694,735
3921,1.331818454,1.969928559,574,584,4,41,578,625
3922,4.28772822,2.528378878,1492,1345,4,135,1496,1480
3923,4.33511725,1.862439338,1520,1338,4,103,1524,1441
3924,2.52146601,2.892886083,1410,1246,8,92,1418,1338
3925,1.792440383,2.285029117,1385,1272,6,86,1391,1358
3926,4.120694088,2.543582618,1510,1355,5,121,1515,1476
3927,3.217279091,0.550017407,695,653,1,37,696,690
3928,5.439122762,1.991853435,1389,1238,4,115,1393,1353
3929,3.773665627,3.683784595,1329,1191,2,121,1331,1312
3930,3.306876368,3.492381224,1089,983,4,112,1093,1095
3931,1.832892983,2.283157796,718,637,1,57,719,694
3932,2.166542737,1.767661377,586,584,4,47,590,631
3933,4.327025456,2.08467911,1348,1263,5,99,1353,1362
3934,3.656042348,1.131527648,1575,1400,2,95,1577,1495
3935,1.208886454,3.531043725,683,627,2,62,685,689
3936,1.361591413,2.4569329,594,572,0,37,594,609
3937,3.821813646,3.08130904,1480,1419,2,116,1482,1535
3938,4.862362593,2.996064125,1483,1346,4,137,1487,1483
3939,4.00416701,0.7094343886,1122,1129,5,69,1127,1198
3940,1.081949064,2.129049482,844,754,3,43,847,797
3941,5.433672466,0.8179718274,1190,1083,5,70,1195,1153
3942,2.090003355,1.673387269,1430,1378,6,99,1436,1477
3943,3.0631102,2.025681021,571,547,2,35,573,582
3944,3.620386036,0.8486130644,995,946,3,51,998,997
3945,1.377636291,0.1835888415,1255,1298,8,54,1263,1352
3946,2.236980569,0.3593864275,1611,1529,11,90,1622,1619
3947,4.811482364,2.903963838,865,822,5,83,870,905
3948,2.87009299,1.541329292,1380,1328,4,99,1384,1427
3949,4.353029113,0.7733511728,1372,1273,8,96,1380,1369
3950,3.818032971,0.89396893,1019,953,4,69,1023,1022
3951,5.047923267,2.891691839,1418,1314,3,119,1421,1433
3952,3.294462035,3.166317141,912,863,1,84,913,947
3953,3.814888023,1.507491691,999,904,4,61,1003,965
3954,2.556009666,3.978549756,1486,1349,4,116,1490,1465
3955,1.768531982,1.826799178,561,559,3,41,564,600
3956,3.732351306,2.105802948,1322,1153,4,93,1326,1246
3957,5.212774803,1.23177427,1079,1022,4,80,1083,1102
3958,5.90966206,3.710307915,695,619,0,69,695,688
3959,4.843609365,3.516497375,984,874,2,108,986,982
3960,5.953042008,2.636794707,1503,1377,3,136,1506,1513
3961,4.233683156,1.199145442,800,775,3,50,803,825
3962,3.005853082,3.449238904,1609,1487,4,140,1613,1627
3963,5.85004051,3.848765789,1615,1434,5,164,1620,1598
3964,3.401044818,3.616453003,673,645,1,64,674,709
3965,1.133838382,2.223472355,1128,1023,5,49,1133,1072
3966,5.442792708,2.909392558,592,540,1,47,593,587
3967,1.016100285,0.6805770823,920,841,6,42,926,883
3968,2.725167089,1.992587432,714,631,5,50,719,681
3969,1.083214554,3.260136298,1014,920,7,69,1021,989
3970,2.890916913,0.5152125001,659,678,3,37,662,715
3971,3.141562321,3.324333636,782,720,0,66,782,786
3972,5.163927696,1.411551292,1274,1213,6,91,1280,1304
3973,2.585566214,1.923852715,772,762,2,51,774,813
3974,2.422280569,2.409852984,1126,980,4,78,1130,1058
3975,1.154041784,1.557213898,814,758,4,38,818,796
3976,4.871967148,1.625646134,873,837,4,67,877,904
3977,1.612032793,2.807756387,949,950,4,71,953,1021
3978,4.439732452,1.63773966,1322,1181,4,110,1326,1291
3979,3.611611973,3.887476289,1379,1252,6,131,1385,1383
3980,3.953765806,2.678969946,1068,1083,4,89,1072,1172
3981,5.284627116,2.901889892,993,861,2,87,995,948
3982,2.249775528,0.1672312042,1256,1175,7,38,1263,1213
3983,3.519958677,1.501394212,997,920,6,60,1003,980
3984,5.825277475,3.98561647,817,744,2,67,819,811
3985,4.486351787,1.268706796,946,873,1,66,947,939
3986,2.536357496,1.083662098,1449,1380,7,74,1456,1454
3987,5.068467329,1.596858358,661,634,2,46,663,680
3988,3.350140589,1.504165973,1537,1507,6,106,1543,1613
3989,2.52083533,1.81797527,611,530,2,32,613,562
3990,2.304572445,1.899925234,791,730,0,48,791,778
3991,1.139066751,1.571460247,647,681,3,37,650,718
3992,2.229415323,2.669593969,1167,1104,2,111,1169,1215
3993,4.790709943,0.4535799326,1576,1425,9,101,1585,1526
3994,3.806720888,2.307556968,1109,970,1,86,1110,1056
3995,5.745198651,0.2036888944,668,640,0,35,668,675
3996,5.359908797,3.675143666,1368,1250,4,150,1372,1400
3997,1.404547747,2.800540854,589,527,2,35,591,562
3998,2.397572553,3.718184319,1070,1010,3,106,1073,1116
3999,1.054575317,3.916500849,612,582,1,42,613,624
4000,5.713060864,0.8591744381,1346,1228,2,75,1348,1303
4001,2.464045437,2.467192426,1546,1401,8,107,1554,1508
4002,3.247714207,0.3870657843,1260,1264,3,65,1263,1329
4003,3.341059965,0.9597598587,1073,1077,5,74,1078,1151
4004,3.236688989,1.931730326,648,684,2,38,650,722
4005,1.980856294,2.449781049,988,868,3,71,991,939
4006,5.359260108,2.828865547,1171,1112,8,102,1179,1214
4007,5.39908789,3.076850922,1194,1134,0,108,1194,1242
4008,2.043049702,1.98789514,932,829,2,55,934,884
4009,5.950400898,3.106510629,1228,1108,1,106,1229,1214
4010,5.22193715,0.1305126482,1066,1065,6,51,1072,1116
4011,4.666899341,2.878332018,1607,1437,1,138,1608,1575
4012,2.909134764,2.900354502,967,842,5,70,972,912
4013,2.303937453,2.997124831,1471,1311,4,96,1475,1407
4014,1.03645751,0.4940414588,781,777,1,36,782,813
4015,3.762117723,3.79225186,678,618,0,64,678,682
4016,5.016433597,1.728090415,777,728,4,63,781,791
4017,4.498431608,1.063936808,1359,1306,2,90,1361,1396
4018,1.678339644,3.530247866,717,637,1,42,718,679
4019,1.035979764,0.708850938,1416,1311,6,77,1422,1388
4020,5.21353706,2.817109337,1003,890,3,77,1006,967
4021,1.768383331,2.49479052,1427,1397,6,120,1433,1517
4022,2.226841223,2.632116741,794,745,3,57,797,802
4023,2.46239586,2.949798732,981,897,3,58,984,955
4024,3.586645913,3.08197034,1471,1337,9,135,1480,1472
4025,2.700254797,0.7600901878,1080,1000,5,57,1085,1057
4026,1.23821694,1.832574306,1398,1385,3,88,1401,1473
4027,4.555193211,2.785429237,1360,1278,4,105,1364,1383
4028,1.380757699,1.351609904,1184,1137,7,70,1191,1207
4029,1.151008442,0.2187864712,949,936,9,45,958,981
4030,5.433608623,2.367492266,817,823,2,71,819,894
4031,2.545701805,0.2113761808,798,740,6,39,804,779
4032,3.159031201,1.830831201,1273,1190,3,72,1276,1262
4033,5.563814455,1.60617749,709,651,6,51,715,702
4034,2.488096766,0.2647072809,1172,1163,8,53,1180,1216
4035,2.066587658,1.968719037,1174,1164,4,80,1178,1244
4036,5.447809224,2.761359294,785,661,0,73,785,734
4037,4.064594162,1.778083358,775,754,4,48,779,802
4038,3.32782167,2.028341754,1382,1297,4,93,1386,1390
4039,2.276376513,0.5673455136,1406,1310,8,71,1414,1381
4040,5.111287232,1.550848247,1489,1376,6,110,1495,1486
4041,2.825806152,1.492086817,690,663,2,46,692,709
4042,1.611715272,1.820641376,928,826,3,50,931,876
4043,5.680895121,0.6457356195,1481,1439,9,99,1490,1538
4044,3.289847629,2.328300751,811,767,3,67,814,834
4045,5.02487634,3.923648503,1417,1286,7,145,1424,1431
4046,3.325711307,0.7720674899,770,768,4,34,774,802
4047,1.000390934,3.478652471,1491,1486,4,139,1495,1625
4048,5.459890836,3.839514546,1075,993,0,123,1075,1116
4049,1.148513672,0.08539809837,1552,1513,12,67,1564,1580
4050,5.535784236,3.190323403,903,817,2,72,905,889
4051,5.01491843,0.1249199376,834,880,5,42,839,922
4052,3.561601175,1.481271494,996,907,1,62,997,969
4053,5.880979533,1.791610266,1476,1367,3,109,1479,1476
4054,1.81092726,0.6949972685,1280,1235,12,63,1292,1298
4055,4.091688738,2.835918561,675,677,0,54,675,731
4056,4.765837681,0.5591042128,954,899,3,66,957,965
4057,2.055402875,1.597540321,849,813,2,64,851,877
4058,2.411267568,1.935973715,1004,915,7,66,1011,981
4059,2.005983429,0.6230894859,1349,1292,9,69,1358,1361
4060,5.197758168,3.060771851,694,600,3,66,697,666
4061,4.964413635,2.438776624,621,552,3,55,624,607
4062,1.165405896,3.503542095,723,612,1,52,724,664
4063,5.985961329,1.682930194,1500,1359,4,114,1504,1473
4064,5.238823555,2.640777369,1621,1425,8,132,1629,1557
4065,3.853776722,0.2806364932,803,737,2,37,805,774
4066,3.637219908,2.211423402,581,539,4,48,585,587
4067,3.979752529,1.045529242,1471,1347,8,101,1479,1448
4068,2.124507493,3.814168365,1066,1000,3,72,1069,1072
4069,2.743666141,1.643537269,677,685,2,49,679,734
4070,3.119838002,2.631924504,624,563,1,30,625,593
4071,1.904691648,0.2590506146,686,656,6,28,692,684
4072,4.600915796,3.163974929,1611,1455,5,141,1616,1596
4073,4.786643792,1.437396024,657,657,3,48,660,705
4074,4.719554213,1.591920268,1151,1032,4,91,1155,1123
4075,4.739766047,0.3515477098,883,814,1,44,884,858
4076,1.643155832,0.7336231471,1184,1118,8,59,1192,1177
4077,3.702608854,2.891694666,1331,1233,2,106,1333,1339
4078,5.109513725,2.286708533,1194,1083,2,87,1196,1170
4079,3.534872784,0.4282359408,1480,1349,4,64,1484,1413
4080,1.689092551,0.7874650964,1105,1036,8,63,1113,1099
4081,1.631097919,3.954062676,1595,1434,4,113,1599,1547
4082,3.691694757,2.620315313,548,558,1,48,549,606
4083,4.584074698,1.107288673,1216,1103,8,93,1224,1196
4084,3.421045922,1.297690867,878,826,1,57,879,883
4085,2.368419504,3.115734611,1454,1300,3,115,1457,1415
4086,2.638028514,1.705198669,1057,991,2,56,1059,1047
4087,4.763165105,1.635199738,1202,1128,5,75,1207,1203
4088,3.533697484,1.183821818,644,705,4,34,648,739
4089,4.741164816,3.764376708,688,598,3,69,691,667
4090,3.000189186,1.613733763,755,728,2,65,757,793
4091,2.68298085,2.901652794,973,887,2,64,975,951
4092,3.16397205,0.7162139108,1589,1470,7,88,1596,1558
4093,3.069552038,0.1624653536,1428,1328,6,63,1434,1391
4094,1.098488869,0.573902933,1021,940,5,60,1026,1000
4095,4.084836194,1.51702079,1234,1064,5,80,1239,1144
4096,2.263771346,3.250204872,1219,1104,4,80,1223,1184
4097,5.351388071,0.6241100479,1213,1224,6,76,1219,1300
4098,1.031962299,3.91957888,1478,1439,4,101,1482,1540
4099,5.166663417,1.372932794,1016,908,5,69,1021,977
4100,4.528291992,0.2873005676,571,592,1,22,572,614
4101,4.469749053,0.1797177108,581,587,3,29,584,616
4102,5.411063155,2.827462883,1098,975,2,107,1100,1082
4103,1.341218445,0.009015806039,1165,1152,7,35,1172,1187
4104,1.42912695,3.040834972,689,633,2,41,691,674
4105,2.03955715,0.3321732179,710,644,4,39,714,683
4106,3.213542505,1.919447832,1149,1165,1,84,1150,1249
4107,4.125877547,2.199814477,956,926,3,79,959,1005
4108,2.836793904,3.330594212,697,650,1,58,698,708
4109,2.331943093,2.441546525,999,976,5,71,1004,1047
4110,3.236149384,3.843582977,596,547,3,44,599,591
4111,4.698698707,3.014845326,1598,1440,3,137,1601,1577
4112,5.106811959,1.098823993,1516,1362,7,101,1523,1463
4113,5.415396625,2.73190075,1487,1340,1,139,1488,1479
4114,5.259749965,2.502829001,1030,946,5,93,1035,1039
4115,1.977192169,1.593672265,846,853,4,59,850,912
4116,4.029734372,3.025090092,1580,1440,4,141,1584,1581
4117,1.76017681,2.383963524,671,618,2,44,673,662
4118,2.988557361,1.741912532,735,755,1,51,736,806
4119,5.953431594,3.920987106,1340,1258,4,155,1344,1413
4120,4.939473419,3.765377076,1131,1020,3,110,1134,1130
4121,2.341715477,0.3761303992,613,601,5,22,618,623
4122,5.891635024,0.8616431334,1195,1101,4,92,1199,1193
4123,1.764502755,3.484927917,1552,1387,9,112,1561,1499
4124,2.782279346,1.783836737,877,849,2,71,879,920
4125,4.625919844,3.553322084,1500,1334,8,136,1508,1470
4126,5.833533744,3.982557165,1219,1043,4,115,1223,1158
4127,3.088796969,1.070952646,1462,1407,5,99,1467,1506
4128,4.848701488,1.710978536,776,750,1,63,777,813
4129,5.096262902,1.154410181,1501,1406,6,91,1507,1497
4130,1.614695675,3.509873929,1056,978,3,84,1059,1062
4131,5.296963212,3.06254962,1407,1292,2,115,1409,1407
4132,4.956163185,3.164926685,1393,1265,5,138,1398,1403
4133,5.580851722,3.734132499,894,771,1,105,895,876
4134,1.812343823,1.050094942,800,752,3,46,803,798
4135,2.254959014,2.341755267,701,699,2,44,703,743
4136,1.623898388,2.846102961,1121,1056,5,58,1126,1114
4137,3.106504918,1.577506291,1601,1496,9,114,1610,1610
4138,3.589626088,1.175233026,737,724,3,57,740,781
4139,4.57549658,2.643735426,904,865,7,69,911,934
4140,4.552074979,1.929555513,785,721,1,53,786,774
4141,4.59183668,0.8646747424,1086,1041,10,65,1096,1106
4142,3.630522678,2.968858743,604,579,4,40,608,619
4143,1.626898513,2.236405656,873,833,4,58,877,891
4144,3.717819678,0.8929267457,1187,1110,6,83,1193,1193
4145,2.88597103,0.8105325098,889,823,3,61,892,884
4146,3.153464475,1.522674601,1267,1247,2,66,1269,1313
4147,3.446044722,3.85709599,687,611,2,52,689,663
4148,3.925335667,2.255064589,887,768,2,71,889,839
4149,4.439337045,1.377118229,1116,995,5,78,1121,1073
4150,4.703202109,3.922584463,1352,1285,5,139,1357,1424
4151,5.975269603,2.527408384,1318,1140,6,112,1324,1252
4152,5.291245336,2.59149905,675,645,2,64,677,709
4153,3.961262408,3.613522891,1312,1185,6,122,1318,1307
4154,1.005378258,2.15062374,1340,1324,6,68,1346,1392
4155,2.669678427,3.97711676,999,907,3,94,1002,1001
4156,2.463675101,1.420718791,898,857,4,59,902,916
4157,5.337626142,2.134924244,1308,1216,4,127,1312,1343
4158,2.706356511,1.515227563,684,597,1,43,685,640
4159,2.507070139,3.19173753,1085,1056,6,71,1091,1127
4160,2.279200852,2.384656181,1315,1353,3,91,1318,1444
4161,1.867993925,0.934769927,1125,1020,10,53,1135,1073
4162,1.137704509,0.1015689733,850,920,6,27,856,947
4163,1.670210483,2.139226386,1157,1103,8,67,1165,1170
4164,5.95590269,3.2355632,1246,1091,1,119,1247,1210
4165,5.762295943,3.715832964,1140,953,1,98,1141,1051
4166,1.181787858,1.057995262,716,672,4,40,720,712
4167,4.112641818,1.802919398,1074,987,1,81,1075,1068
4168,3.75213055,2.490640698,861,771,2,71,863,842
4169,4.214553888,2.931035229,1245,1163,4,86,1249,1249
4170,1.278818217,1.367012633,862,802,0,48,862,850
4171,3.854479817,1.66758841,1565,1516,7,107,1572,1623
4172,5.596711248,2.611393441,1540,1403,6,129,1546,1532
4173,2.044948384,0.8549247514,967,905,7,57,974,962
4174,4.048362549,2.230239258,1173,1061,4,100,1177,1161
4175,1.5921727,0.07993531461,1462,1418,16,62,1478,1480
4176,2.836465984,1.860792447,1571,1487,0,118,1571,1605
4177,5.59405178,1.647035732,924,851,7,68,931,919
4178,5.973867912,3.481054199,776,703,3,74,779,777
4179,5.847475417,0.6761910522,759,722,2,44,761,766
4180,2.03322664,1.267875871,604,579,6,35,610,614
4181,5.978911582,2.505563687,1519,1448,4,143,1523,1591
4182,5.684578723,0.6940234981,581,579,2,40,583,619
4183,1.870369591,2.228514691,696,710,4,46,700,756
4184,3.837148681,3.858224656,1201,1069,3,113,1204,1182
4185,3.75640201,1.654688645,907,841,1,59,908,900
4186,4.586002077,0.8587315079,1206,1075,3,68,1209,1143
4187,4.545697736,3.461390817,1576,1474,1,135,1577,1609
4188,5.74114616,2.268559886,1265,1170,3,96,1268,1266
4189,3.078736621,3.867921255,1316,1171,4,123,1320,1294
4190,3.965432131,3.805739852,763,706,5,66,768,772
4191,3.677164347,2.446132687,1356,1324,6,102,1362,1426
4192,2.005694671,2.630863091,1280,1223,6,80,1286,1303
4193,3.631567011,2.38724587,1295,1221,4,88,1299,1309
4194,2.433297459,1.527879479,1289,1188,2,100,1291,1288
4195,2.530113955,2.551459643,1027,942,4,62,1031,1004
4196,5.232330403,3.000000494,1081,944,3,93,1084,1037
4197,1.00635714,0.03954605307,1151,1187,9,43,1160,1230
4198,4.568635447,2.92200549,1223,1130,5,94,1228,1224
4199,4.836390828,1.196722326,1586,1500,12,118,1598,1618
4200,5.042072813,3.417844079,1179,1077,3,117,1182,1194
4201,3.200894065,1.752546406,996,908,4,71,1000,979
4202,2.794439568,1.744587514,1468,1371,5,96,1473,1467
4203,3.883673421,2.49457153,1246,1158,6,106,1252,1264
4204,5.785202133,3.868796329,1363,1237,3,113,1366,1350
4205,1.295837484,0.3386821865,969,935,6,46,975,981
4206,5.849842789,2.829770634,1290,1164,5,119,1295,1283
4207,1.597523959,1.20373393,1172,1141,8,72,1180,1213
4208,3.814059944,0.354095986,1004,926,5,55,1009,981
4209,2.047592374,2.121535737,701,640,2,64,703,704
4210,5.111361425,1.756468663,1447,1392,7,106,1454,1498
4211,4.304270637,2.2359086,1492,1341,2,116,1494,1457
4212,5.247629617,3.559513713,1232,1013,3,119,1235,1132
4213,2.797852531,0.5779486987,1580,1513,8,84,1588,1597
4214,1.841312786,3.570028822,809,765,3,48,812,813
4215,4.749165787,2.318518677,969,929,2,47,971,976
4216,5.053182069,3.341894203,533,567,4,52,537,619
4217,3.707651608,2.313512197,749,702,1,63,750,765
4218,1.219259446,1.635156288,1465,1383,7,85,1472,1468
4219,1.671134554,1.970519491,1468,1413,6,92,1474,1505
4220,3.548570278,0.9623497012,931,945,3,58,934,1003
4221,2.999783127,2.443335751,1497,1357,7,94,1504,1451
4222,5.146369383,3.28873234,966,904,3,89,969,993
4223,1.650337081,3.327480897,785,782,2,56,787,838
4224,4.747113515,2.985280318,1351,1257,5,126,1356,1383
4225,3.929361569,2.388928176,671,617,5,57,676,674
4226,2.072367938,1.012302714,608,578,1,46,609,624
4227,5.425198708,2.894047426,1201,1061,4,98,1205,1159
4228,1.972836923,3.410612725,564,551,4,43,568,594
4229,2.135432612,2.873975431,1451,1360,5,101,1456,1461
4230,4.704150848,1.876842397,1380,1298,3,98,1383,1396
4231,2.12835723,3.547284838,856,830,1,73,857,903
4232,1.745750753,2.509459163,1395,1309,6,107,1401,1416
4233,3.422324286,1.249771455,995,898,5,76,1000,974
4234,1.905949719,0.9849110997,1517,1395,9,66,1526,1461
4235,4.820114265,2.710084652,771,764,3,74,774,838
4236,3.816359665,3.262712794,711,613,1,54,712,667
4237,5.744416343,2.647935807,883,837,2,55,885,892
4238,1.536938409,1.960525204,800,779,2,43,802,822
4239,5.662147084,3.63812765,1144,1057,2,121,1146,1178
4240,5.049140312,2.009363592,1354,1279,3,91,1357,1370
4241,4.315792362,2.398864174,1596,1466,8,116,1604,1582
4242,1.625691181,2.955433788,1576,1483,2,108,1578,1591
4243,1.837692679,0.5758810854,1103,1041,2,48,1105,1089
4244,2.200132296,1.286541884,1247,1211,8,80,1255,1291
4245,4.170185324,0.7821435713,1352,1195,3,66,1355,1261
4246,4.660457444,1.205538926,1493,1383,4,101,1497,1484
4247,2.480628484,3.710278926,1055,1006,1,82,1056,1088
4248,2.625356669,0.1475386048,1083,1045,1,47,1084,1092
4249,2.827083034,1.437896299,1369,1329,6,90,1375,1419
4250,2.618751564,2.097338296,712,653,4,56,716,709
4251,3.395695599,1.19280116,795,707,4,63,799,770
4252,5.178959453,1.576459495,1128,1017,1,83,1129,1100
4253,5.292985129,1.397393165,1505,1444,9,109,1514,1553
4254,4.422362812,3.52157399,1322,1127,5,102,1327,1229
4255,5.776845781,1.913723319,679,642,0,65,679,707
4256,4.858430395,1.327151583,1644,1424,6,116,1650,1540
4257,2.381961224,0.7070867285,1543,1560,8,86,1551,1646
4258,3.650184762,3.400586442,792,741,3,76,795,817
4259,4.42192652,2.033584538,1196,1024,6,85,1202,1109
4260,2.372998817,1.328495367,952,959,2,56,954,1015
4261,3.993991589,2.799351931,688,620,3,68,691,688
4262,1.033804431,1.394936012,1567,1547,11,84,1578,1631
4263,2.571686634,1.618674677,1155,1078,3,74,1158,1152
4264,4.727893856,3.426386179,1119,988,5,92,1124,1080
4265,4.922448349,2.311282523,1205,1040,3,92,1208,1132
4266,4.000061449,2.204223293,1136,1009,3,78,1139,1087
4267,1.431898084,3.558182183,1247,1184,5,106,1252,1290
4268,4.072920826,2.051691155,1383,1323,3,88,1386,1411
4269,3.789674579,0.5782455902,1571,1477,4,102,1575,1579
4270,3.194203566,3.235913536,1189,1069,2,99,1191,1168
4271,2.554719373,0.8064806822,580,543,2,32,582,575
4272,1.204228916,3.626603496,745,732,2,53,747,785
4273,5.26260695,2.024432974,1416,1295,4,121,1420,1416
4274,5.774093274,0.07062671023,1164,1190,8,53,1172,1243
4275,4.010313474,3.44009716,1639,1477,4,157,1643,1634
4276,5.6846472,2.890326869,654,621,0,58,654,679
4277,2.789301863,0.3577763464,1512,1398,5,68,1517,1466
4278,3.515321933,2.280251185,620,578,0,38,620,616
4279,4.000534119,2.659522363,1268,1104,7,107,1275,1211
4280,2.708286204,3.317079443,861,835,0,76,861,911
4281,2.683703249,3.062468304,988,910,2,82,990,992
4282,2.216385929,2.493595918,822,699,1,53,823,752
4283,4.564200071,1.653339467,1613,1422,6,134,1619,1556
4284,4.967555537,1.99009781,1250,1191,6,92,1256,1283
4285,2.477941808,2.445127648,1291,1214,0,89,1291,1303
4286,4.832329783,1.244132043,694,635,0,45,694,680
4287,2.202658092,1.601034838,1153,1093,7,82,1160,1175
4288,3.327964249,0.08324998551,1073,1056,6,54,1079,1110
4289,1.410418873,3.655500491,612,543,3,47,615,590
4290,5.390432497,2.880258909,1269,1171,4,125,1273,1296
4291,2.076708042,3.580924195,1298,1196,5,120,1303,1316
4292,4.878547369,1.835408746,1438,1364,4,108,1442,1472
4293,1.356963619,1.922896939,1305,1234,4,74,1309,1308
4294,1.737392943,0.9144731822,999,930,9,42,1008,972
4295,2.306208188,0.5436394357,771,787,3,40,774,827
4296,4.549640828,1.184645569,1368,1309,5,94,1373,1403
4297,3.104564388,0.7218080611,986,906,0,62,986,968
4298,1.800971864,2.523511672,1570,1489,5,108,1575,1597
4299,1.968822589,2.86128826,689,644,0,58,689,702
4300,3.486061494,0.778395043,815,694,8,54,823,748
4301,4.332994842,3.120430351,787,714,3,82,790,796
4302,3.480306349,3.507543556,900,809,2,86,902,895
4303,4.894401562,3.846220995,1417,1303,4,157,1421,1460
4304,1.546871289,2.287264624,811,772,3,52,814,824
4305,1.307198,3.082856451,1619,1445,5,113,1624,1558
4306,2.8527113,3.925484581,876,873,5,72,881,945
4307,3.999953528,2.203315799,1258,1075,5,87,1263,1162
4308,1.488296895,0.9657112403,1474,1350,6,87,1480,1437
4309,1.636287213,0.3420388021,1584,1509,12,67,1596,1576
4310,5.149045752,1.028800901,1384,1318,2,83,1386,1401
4311,2.798894149,1.631968362,1255,1182,0,80,1255,1262
4312,4.027605651,1.151211156,1048,1036,8,86,1056,1122
4313,1.735333235,3.042897327,764,764,3,55,767,819
4314,2.351743774,1.893270897,1065,1080,3,75,1068,1155
4315,1.697796686,2.165605093,673,652,3,46,676,698
4316,2.848644007,2.60106696,792,788,1,61,793,849
4317,5.949534099,3.312311344,1314,1173,3,129,1317,1302
4318,4.079858169,0.6024680601,889,833,4,56,893,889
4319,3.715659526,1.110325749,812,731,5,39,817,770
4320,5.2739358,2.332471036,1509,1445,1,140,1510,1585
4321,1.334585338,3.447259182,1103,1044,2,77,1105,1121
4322,3.157004429,3.37041457,1306,1183,3,91,1309,1274
4323,2.618715202,0.40597371,1170,1178,7,61,1177,1239
4324,3.551334313,0.4121636316,1366,1261,12,68,1378,1329
4325,3.278200778,1.573964111,1066,1038,4,70,1070,1108
4326,3.881343806,2.753129478,957,951,5,81,962,1032
4327,5.083706043,2.935108338,1388,1275,3,109,1391,1384
4328,4.558640628,1.75050485,885,855,2,57,887,912
4329,1.10432622,0.5478415188,791,736,4,43,795,779
4330,2.350656555,3.800871016,1422,1322,9,100,1431,1422
4331,2.692233228,2.42564167,1043,1063,7,73,1050,1136
4332,2.892458281,0.02523292524,1400,1375,7,61,1407,1436
4333,2.705580226,3.184456545,1174,1128,3,110,1177,1238
4334,4.850254617,1.630050119,1558,1510,2,111,1560,1621
4335,3.746280251,3.365759578,1622,1489,6,125,1628,1614
4336,5.391221065,3.273313277,1616,1420,2,118,1618,1538
4337,5.126574305,0.7887603909,1353,1351,7,80,1360,1431
4338,1.883943513,2.353033917,824,743,2,60,826,803
4339,1.570335866,1.98540054,1397,1309,7,112,1404,1421
4340,4.978035099,1.954418109,1257,1219,6,109,1263,1328
4341,4.879938249,3.12661965,845,826,2,84,847,910
4342,4.330793395,2.081897737,889,805,3,69,892,874
4343,5.617036922,2.367090653,1320,1183,3,115,1323,1298
4344,3.178337322,1.156834758,1576,1513,6,82,1582,1595
4345,3.071495595,3.071993658,798,714,4,77,802,791
4346,5.652724523,1.051560327,575,536,2,34,577,570
4347,4.468871647,1.013253494,589,565,1,45,590,610
4348,2.161737905,0.7210687897,609,635,5,30,614,665
4349,3.884932204,3.673857647,781,731,0,80,781,811
4350,1.365186359,1.673134797,1033,1040,2,47,1035,1087
4351,5.377142156,2.769601872,597,569,1,53,598,622
4352,2.517476684,0.1440778098,799,768,5,30,804,798
4353,5.639995571,3.910207095,1161,1097,4,106,1165,1203
4354,4.541824083,3.174793271,631,548,4,53,635,601
4355,3.897505463,0.798010281,1278,1223,7,85,1285,1308
4356,2.935391487,1.901538278,1310,1174,8,104,1318,1278
4357,5.641030704,3.070494257,1453,1362,3,122,1456,1484
4358,2.888610895,1.348525622,697,639,1,43,698,682
4359,3.734335348,2.49959731,569,547,1,52,570,599
4360,3.559803852,2.592345111,956,933,4,69,960,1002
4361,2.744966685,1.628039825,685,658,2,44,687,702
4362,1.121074908,2.267020849,1410,1290,8,75,1418,1365
4363,3.929137104,1.369482066,1012,1043,5,64,1017,1107
4364,3.630830661,1.049290273,884,879,4,53,888,932
4365,5.125001317,3.823992701,751,751,6,86,757,837
4366,1.60193533,2.393745269,870,816,3,58,873,874
4367,1.126261807,3.417127139,979,900,4,80,983,980
4368,2.212873973,0.3656820548,1518,1529,8,92,1526,1621
4369,2.108855948,2.508521434,1371,1291,7,87,1378,1378
4370,4.346962266,0.3977461575,603,534,4,32,607,566
4371,3.492455307,3.452743921,1283,1162,1,122,1284,1284
4372,3.404693819,3.597807493,665,528,1,53,666,581
4373,5.310733514,1.262798285,1185,1105,6,81,1191,1186
4374,3.96413549,0.7191785447,1170,1138,4,68,1174,1206
4375,1.816406602,2.290604616,1371,1320,5,85,1376,1405
4376,3.328906346,0.3215705173,1634,1507,4,80,1638,1587
4377,4.350393616,2.647597275,758,747,4,65,762,812
4378,5.494312042,0.907190877,645,659,1,37,646,696
4379,4.194520833,3.029311316,756,738,2,67,758,805
4380,5.531883851,2.580492314,1065,1024,4,92,1069,1116
4381,2.844498296,3.535196774,612,533,1,56,613,589
4382,5.552606924,0.5048372958,1175,1119,7,84,1182,1203
4383,4.491127738,3.187590116,796,735,2,68,798,803
4384,5.045103858,1.35641066,1161,1093,5,68,1166,1161
4385,4.596173711,2.381729565,1434,1312,4,118,1438,1430
4386,2.881823471,0.113828883,1326,1267,6,59,1332,1326
4387,2.843932818,2.700249083,1339,1165,5,113,1344,1278
4388,2.498212222,1.467735495,1093,992,3,58,1096,1050
4389,2.141324553,0.8911980055,1067,980,2,60,1069,1040
4390,5.074547738,3.300273502,678,656,5,61,683,717
4391,5.622131929,3.847447233,1077,977,2,99,1079,1076
4392,3.502168777,1.146138904,1163,1123,10,88,1173,1211
4393,1.209873802,0.2721568668,1391,1368,7,59,1398,1427
4394,3.68767267,0.9107919234,664,657,1,47,665,704
4395,4.699400083,3.326188736,1360,1239,4,131,1364,1370
4396,1.18005684,2.612397886,601,577,2,41,603,618
4397,2.190633289,3.182615186,638,573,1,51,639,624
4398,2.861242458,0.6529476945,980,947,3,44,983,991
4399,5.499963441,0.003586516342,1315,1216,10,52,1325,1268
4400,2.712775925,0.09871884068,1429,1369,9,70,1438,1439
4401,3.687472682,3.532824015,937,917,5,92,942,1009
4402,4.995849565,0.3962753692,1215,1206,4,59,1219,1265
4403,3.071437609,3.757575016,1046,912,2,78,1048,990
4404,5.778777486,1.476385541,1091,1003,1,74,1092,1077
4405,3.246026289,1.173681993,1149,1034,4,73,1153,1107
4406,5.973916575,0.19073836,819,746,2,49,821,795
4407,1.736444218,0.3692366032,1166,1157,5,61,1171,1218
4408,1.982821111,1.793874851,869,838,3,53,872,891
4409,1.701697337,0.2481860346,1454,1414,11,63,1465,1477
4410,3.567998779,3.543937572,680,641,3,57,683,698
4411,5.926437302,3.90858765,1119,970,2,103,1121,1073
4412,3.470672936,3.105183475,1354,1269,6,111,1360,1380
4413,4.240809907,1.487061945,1222,1111,5,69,1227,1180
4414,2.476779586,2.818361125,1448,1321,4,112,1452,1433
4415,1.911474481,3.082123641,1311,1230,3,95,1314,1325
4416,4.581492088,2.650503347,782,781,4,61,786,842
4417,1.373337596,1.525249888,1411,1303,5,64,1416,1367
4418,3.658707685,0.5879766491,1392,1321,9,83,1401,1404
4419,4.629304152,2.822610459,1095,972,5,91,1100,1063
4420,1.855385353,2.24542055,1221,1137,8,79,1229,1216
4421,1.740595689,1.236228175,1091,1046,1,53,1092,1099
4422,3.297227507,3.478923226,898,771,4,78,902,849
4423,2.193770504,1.47720336,1225,1123,4,70,1229,1193
4424,5.457194367,3.168693386,979,882,4,80,983,962
4425,1.234473629,2.647431258,1471,1472,3,85,1474,1557
4426,3.904187779,0.6501727319,1247,1214,5,65,1252,1279
4427,4.304921305,0.417575274,1636,1484,9,87,1645,1571
4428,3.860451802,0.567026821,1096,1036,4,61,1100,1097
4429,1.061246411,2.002270388,953,885,6,58,959,943
4430,4.264905266,0.2006572295,605,601,6,39,611,640
4431,1.435090598,2.772885275,813,735,4,53,817,788
4432,5.45710528,3.506200741,779,715,3,56,782,771
4433,1.393817466,0.9838663571,895,862,5,40,900,902
4434,1.388959436,3.343383768,600,576,2,38,602,614
4435,5.405611606,0.7646455575,795,738,8,50,803,788
4436,5.542655245,3.708352048,589,557,0,52,589,609
4437,1.199363571,0.563044632,885,848,4,55,889,903
4438,5.584249211,2.980597873,693,617,2,52,695,669
4439,1.26093964,3.38499345,849,836,3,60,852,896
4440,1.277956264,1.69478222,585,523,4,33,589,556
4441,4.028634373,2.22925195,1099,1015,2,87,1101,1102
4442,1.620620251,1.887602018,659,641,3,48,662,689
4443,1.339229853,1.074964351,993,956,7,65,1000,1021
4444,4.261652931,2.846077726,1020,1013,3,92,1023,1105
4445,3.315721838,2.442109311,1015,919,6,73,1021,992
4446,2.707091807,0.1326322869,797,776,5,35,802,811
4447,2.906752171,1.597471177,1103,1099,4,79,1107,1178
4448,3.714079469,3.026340644,1373,1217,2,110,1375,1327
4449,1.354456911,0.4316467733,838,813,4,37,842,850
4450,1.920262466,3.609899052,1441,1407,2,109,1443,1516
4451,4.161586273,0.5240679884,1381,1262,10,83,1391,1345
4452,5.453747301,2.537225166,1203,1112,1,105,1204,1217
4453,1.367191724,3.791130217,831,737,2,51,833,788
4454,2.962907343,1.695293631,581,533,2,34,583,567
4455,2.8052674,1.030067945,1468,1371,12,61,1480,1432
4456,5.457466764,1.244843666,874,867,2,55,876,922
4457,5.853866156,0.07379245929,978,965,11,44,989,1009
4458,4.057414824,1.266697545,810,793,5,59,815,852
4459,5.79413435,3.229933147,1401,1330,3,123,1404,1453
4460,4.769295881,0.2391015193,1321,1202,4,64,1325,1266
4461,2.557800642,2.12862092,1112,962,4,74,1116,1036
4462,2.161449829,1.656607776,1048,922,5,55,1053,977
4463,3.649763809,0.4012298215,1403,1335,7,75,1410,1410
4464,1.734920293,1.71362439,1334,1212,5,83,1339,1295
4465,4.568976731,0.9156376582,1502,1382,7,83,1509,1465
4466,5.809714636,2.56364854,888,806,3,78,891,884
4467,5.215342898,1.425277167,1381,1267,1,95,1382,1362
4468,1.894174953,3.425101775,929,776,2,68,931,844
4469,4.396656795,3.185136223,1542,1400,6,123,1548,1523
4470,2.190783222,0.7242883809,999,939,3,61,1002,1000
4471,1.15928527,3.527424194,921,796,4,59,925,855
4472,2.458822774,3.456423768,986,904,4,77,990,981
4473,3.829983239,2.651642279,572,593,4,48,576,641
4474,5.943136447,1.943338007,592,574,2,44,594,618
4475,3.55135448,0.5133630971,675,699,4,32,679,731
4476,4.494909749,0.4321917018,1098,1055,3,50,1101,1105
4477,5.007574482,0.5950178748,1297,1240,9,77,1306,1317
4478,2.615338371,3.820991819,1566,1468,6,118,1572,1586
4479,4.943911378,2.031941111,1107,992,3,94,1110,1086
4480,1.817142324,3.289066661,795,729,2,50,797,779
4481,1.639069189,2.31981807,560,544,0,39,560,583
4482,4.789204377,1.098131567,932,817,3,62,935,879
4483,2.27104767,0.598896713,1172,1144,2,66,1174,1210
4484,3.49513704,0.9791298083,1575,1471,8,89,1583,1560
4485,5.706550194,2.608083285,1051,1036,4,80,1055,1116
4486,3.729315354,1.372229321,910,856,6,54,916,910
4487,4.319107709,3.081593216,1383,1232,0,113,1383,1345
4488,2.097071816,3.200233388,1267,1182,6,92,1273,1274
4489,1.538482753,1.251933972,1419,1378,4,91,1423,1469
4490,5.600772837,3.922523637,1298,1160,5,102,1303,1262
4491,4.525739696,2.503993379,1563,1419,2,142,1565,1561
4492,2.497831767,2.402552868,1391,1238,7,102,1398,1340
4493,2.118054008,2.909018292,1145,1067,5,78,1150,1145
4494,3.401420084,3.517109292,918,763,4,79,922,842
4495,5.915970864,1.575900829,1429,1424,3,130,1432,1554
4496,1.959875493,0.846764126,909,883,7,40,916,923
4497,5.005282727,0.7517519663,872,776,4,51,876,827
4498,3.18303092,1.481729606,680,680,2,42,682,722
4499,5.398761824,1.989914548,1292,1156,4,108,1296,1264
4500,3.685705001,0.5100005428,1581,1376,8,92,1589,1468
4501,1.007952624,3.135873612,632,524,3,42,635,566
4502,5.568493589,1.483742479,674,636,2,44,676,680
4503,2.215578727,3.011340598,1005,901,4,81,1009,982
4504,3.769501734,1.521017282,693,675,3,56,696,731
4505,1.692987896,2.607600813,1121,982,6,67,1127,1049
4506,1.292129256,2.152223127,894,799,6,63,900,862
4507,4.59216662,0.6467358711,1024,988,6,58,1030,1046
4508,5.426375393,0.1023229792,1471,1374,9,69,1480,1443
4509,3.178225162,0.6638021427,1164,1182,2,62,1166,1244
4510,4.894550537,3.711318613,1043,960,4,102,1047,1062
4511,1.223215722,3.576956812,1492,1390,5,118,1497,1508
4512,2.206605012,1.651581642,1080,989,3,58,1083,1047
4513,1.754419905,3.658076651,721,666,1,54,722,720
4514,5.029246372,2.306427447,1191,1096,7,98,1198,1194
4515,4.097859359,3.234471205,1403,1274,1,124,1404,1398
4516,1.863237756,1.799895146,1195,1106,7,61,1202,1167
4517,3.24197399,3.857219322,1450,1236,3,108,1453,1344
4518,5.047454108,0.7408808689,888,811,1,59,889,870
4519,4.7048577,0.7946574231,800,738,1,36,801,774
4520,1.475010184,2.537621915,806,742,2,51,808,793
4521,3.7534919,3.420266464,885,809,1,77,886,886
4522,4.039145889,0.926450546,1496,1354,8,98,1504,1452
4523,4.204861138,1.642333179,741,731,2,62,743,793
4524,1.291424841,3.707365138,1226,1168,3,79,1229,1247
4525,2.85913788,2.504313654,1490,1384,8,114,1498,1498
4526,1.183098442,3.575994286,1490,1352,6,107,1496,1459
4527,2.336065018,3.789380354,823,846,0,74,823,920
4528,2.92985254,2.713236461,1563,1428,2,125,1565,1553
4529,1.588617944,1.929435611,796,750,1,48,797,798
4530,5.580221959,3.430168946,1008,958,2,97,1010,1055
4531,3.820780636,3.353333631,848,783,5,68,853,851
4532,5.677157619,3.057081412,1127,1019,4,104,1131,1123
4533,5.635332598,2.455254783,1599,1453,4,149,1603,1602
4534,5.442567449,2.752467985,1578,1448,0,145,1578,1593
4535,3.93270591,3.937550538,1487,1330,6,122,1493,1452
4536,5.825850465,3.495581514,1422,1286,3,132,1425,1418
4537,3.968363424,1.551464918,943,834,0,64,943,898
4538,3.912463198,0.5208346845,930,922,5,55,935,977
4539,1.760701905,1.506758796,1596,1420,8,94,1604,1514
4540,5.898687528,0.6752252521,1181,1127,4,69,1185,1196
4541,5.32530459,0.7878983845,873,807,6,60,879,867
4542,3.649919315,0.683421384,1180,1167,5,73,1185,1240
4543,4.879830349,0.8453638183,1033,1013,6,68,1039,1081
4544,4.155901625,2.849529408,1399,1280,4,116,1403,1396
4545,2.441528484,1.742993594,1402,1307,5,81,1407,1388
4546,5.795549908,1.838425888,717,623,0,60,717,683
4547,2.187012345,1.823259438,1591,1449,4,84,1595,1533
4548,5.941309282,2.927711012,594,552,6,51,600,603
4549,2.270827392,2.796444331,834,683,1,51,835,734
4550,5.047321068,0.4107618706,1085,1000,7,62,1092,1062
4551,3.543826914,3.302703638,1379,1300,7,131,1386,1431
4552,3.394210855,2.337129607,956,901,3,69,959,970
4553,2.346179006,3.700124208,1269,1151,4,115,1273,1266
4554,5.071003402,1.220251158,1361,1243,2,101,1363,1344
4555,5.510215587,2.962541065,1544,1278,5,132,1549,1410
4556,5.090778771,3.939143894,1580,1460,3,170,1583,1630
4557,2.205303177,2.431647524,1535,1538,9,118,1544,1656
4558,1.527478722,2.890009702,668,633,5,41,673,674
4559,4.922175172,1.000655391,1523,1391,2,95,1525,1486
4560,5.748263766,0.1958155863,1403,1321,7,61,1410,1382
4561,5.908410452,2.930796267,683,667,1,62,684,729
4562,1.414842149,0.7009988476,874,844,3,39,877,883
4563,2.986197954,3.872552977,1460,1308,5,133,1465,1441
4564,3.583935472,2.461769192,1094,1017,4,83,1098,1100
4565,4.623339241,3.482420006,928,810,1,77,929,887
4566,4.344348904,2.30089831,1600,1463,4,114,1604,1577
4567,4.553162598,2.380701809,1478,1397,4,120,1482,1517
4568,4.883952669,2.825743189,1467,1378,3,127,1470,1505
4569,2.574214646,1.683380442,1348,1250,8,100,1356,1350
4570,1.887281951,3.601963455,595,575,1,48,596,623
4571,1.860667571,1.389952138,1234,1210,6,73,1240,1283
4572,4.164549368,1.494490047,1527,1418,6,117,1533,1535
4573,5.342502659,3.053811846,846,858,1,80,847,938
4574,4.95300741,0.1143881157,1562,1443,5,69,1567,1512
4575,3.811069289,1.796356255,880,822,5,55,885,877
4576,5.92007248,3.492724431,1115,1061,3,104,1118,1165
4577,4.549257911,1.212866772,977,993,4,54,981,1047
4578,4.20386632,2.496061918,1593,1490,3,143,1596,1633
4579,4.874043206,1.938988123,932,908,2,74,934,982
4580,2.070216426,2.390173437,1249,1139,2,84,1251,1223
4581,5.498241099,2.094688216,702,647,3,47,705,694
4582,1.891577414,1.114865044,891,795,9,64,900,859
4583,3.716642976,1.024453057,1371,1349,2,83,1373,1432
4584,2.250732399,2.679881679,1038,1039,3,81,1041,1120
4585,5.984076342,2.257952172,909,773,4,75,913,848
4586,2.002946947,2.978439806,798,732,2,59,800,791
4587,3.459392122,2.027760575,1493,1441,1,111,1494,1552
4588,4.404672495,3.522588293,1341,1289,4,116,1345,1405
4589,3.032255483,3.374617558,707,651,2,58,709,709
4590,1.059078804,3.988018708,1589,1490,9,115,1598,1605
4591,2.475147456,0.4264924051,1106,946,7,53,1113,999
4592,2.288796778,3.521792429,1445,1434,2,121,1447,1555
4593,3.399140825,1.157758015,593,549,5,24,598,573
4594,4.290766024,1.763272413,825,739,1,63,826,802
4595,2.018567575,2.468101864,849,772,4,56,853,828
4596,3.67684814,0.02421930727,680,673,4,28,684,701
4597,5.981809226,3.329890853,929,810,2,77,931,887
4598,2.267816977,2.743349622,1133,1014,3,73,1136,1087
4599,2.850952796,3.076914952,1431,1422,4,128,1435,1550
4600,1.034389089,3.583176159,1117,1024,4,77,1121,1101
4601,1.554703879,1.197469672,1353,1313,4,72,1357,1385
4602,2.634248466,3.264209273,888,776,4,80,892,856
4603,5.664389037,1.541247298,736,707,3,68,739,775
4604,4.02338284,2.889867602,1542,1414,3,129,1545,1543
4605,1.865940616,1.493962006,952,928,6,56,958,984
4606,3.833809307,3.848314431,1035,880,4,76,1039,956
4607,2.336125513,1.039738424,1600,1508,6,89,1606,1597
4608,1.658379816,2.028994493,1425,1278,7,85,1432,1363
4609,2.426970247,2.267349442,606,573,4,48,610,621
4610,1.863983277,3.273269033,1194,1089,3,99,1197,1188
4611,1.781840035,3.621162287,1474,1337,2,106,1476,1443
4612,1.429869301,2.300346625,1181,1216,8,81,1189,1297
4613,5.272000433,0.2161639452,1589,1521,13,77,1602,1598
4614,4.753081914,0.4076126189,818,733,4,46,822,779
4615,1.757055848,3.058925506,1302,1221,8,97,1310,1318
4616,5.991239089,0.7752080887,1420,1316,8,87,1428,1403
4617,5.301646646,1.297976053,773,717,4,45,777,762
4618,4.990643432,2.955363335,1199,1176,2,114,1201,1290
4619,3.131901464,3.219591068,1611,1481,2,148,1613,1629
4620,2.060658868,1.951131083,1496,1394,6,100,1502,1494
4621,2.328630738,1.209603292,925,806,3,43,928,849
4622,1.141728863,3.86886531,1149,1041,4,99,1153,1140
4623,5.058979834,3.525227813,790,684,4,83,794,767
4624,3.094327104,3.861822707,899,803,2,86,901,889
4625,1.944726395,3.356270337,792,765,5,70,797,835
4626,3.119654077,2.409041094,571,560,3,41,574,601
4627,2.749132872,2.611909525,1131,1002,3,90,1134,1092
4628,1.002233555,2.57120752,1561,1465,10,103,1571,1568
4629,2.558306678,2.774560114,1528,1339,5,96,1533,1435
4630,3.002355862,1.571529855,896,857,4,62,900,919
4631,2.031156639,0.4242114688,1177,1096,4,54,1181,1150
4632,1.025068847,2.22314643,899,819,4,55,903,874
4633,4.364990932,1.565008552,692,626,2,39,694,665
4634,4.048603345,2.060613564,1065,991,2,78,1067,1069
4635,5.308117311,3.953483087,1227,1067,6,140,1233,1207
4636,4.709534404,1.487910988,793,750,5,55,798,805
4637,5.97404513,3.414714071,1126,1163,3,119,1129,1282
4638,3.7072151,2.313612733,1571,1416,2,127,1573,1543
4639,1.845888226,1.552463486,1489,1353,10,86,1499,1439
4640,1.933760357,0.5843019335,1189,1121,4,67,1193,1188
4641,3.458581084,2.319658171,1190,1065,2,79,1192,1144
4642,3.034720249,0.9658526614,1437,1284,5,81,1442,1365
4643,2.358792461,0.9364352044,1035,1075,4,49,1039,1124
4644,2.654416826,1.536510424,1362,1308,3,75,1365,1383
4645,1.611091246,2.837682464,601,516,2,39,603,555
4646,1.157816846,3.842659851,688,611,4,55,692,666
4647,3.083363274,1.835619729,1041,1076,2,61,1043,1137
4648,5.76456312,3.547178352,649,524,0,50,649,574
4649,1.159237567,2.042926529,823,767,5,48,828,815
4650,5.273803832,2.396174767,1121,1147,6,110,1127,1257
4651,3.745016219,3.924222201,1135,1037,3,83,1138,1120
4652,1.357582519,0.4402070547,1107,1068,5,39,1112,1107
4653,3.104018153,3.208636795,1477,1347,7,146,1484,1493
4654,4.684318263,3.763743344,1242,1170,5,126,1247,1296
4655,4.51336087,1.468977436,1201,1105,1,97,1202,1202
4656,2.87727823,1.345023002,568,555,1,33,569,588
4657,1.510550164,1.775262687,1618,1547,6,105,1624,1652
4658,4.312798197,1.285760603,1553,1493,9,107,1562,1600
4659,2.875836843,0.1779293423,1514,1456,9,54,1523,1510
4660,5.286397924,0.9553567054,1575,1503,9,110,1584,1613
4661,5.320017739,1.981138179,1231,1070,3,91,1234,1161
4662,2.600491043,3.507230285,1275,1195,9,119,1284,1314
4663,5.184955302,0.03246633328,770,755,1,27,771,782
4664,4.750200206,3.861640815,1252,1112,5,122,1257,1234
4665,5.424291685,0.9105075012,970,900,8,64,978,964
4666,3.212446672,2.38711253,964,880,5,70,969,950
4667,2.182424187,2.150430369,1438,1420,7,103,1445,1523
4668,4.214845946,0.9416062071,1083,989,5,66,1088,1055
4669,4.129667984,1.877558277,762,734,2,68,764,802
4670,2.977139689,1.82634757,1130,1002,0,69,1130,1071
4671,4.714956249,1.019531603,827,744,1,58,828,802
4672,3.521782951,0.8864222653,1410,1321,10,88,1420,1409
4673,4.565351772,1.138555987,1478,1454,2,88,1480,1542
4674,1.999119298,1.89363265,769,781,3,51,772,832
4675,2.97236473,0.4670715279,1054,1009,6,65,1060,1074
4676,5.065412569,3.214212932,673,601,0,50,673,651
4677,4.00474247,2.891951694,1135,1115,4,81,1139,1196
4678,2.424559972,2.345035636,898,853,2,63,900,916
4679,1.595779788,3.932568774,618,556,3,35,621,591
4680,5.719122808,3.737878656,1092,966,2,113,1094,1079
4681,2.88543277,2.431855633,889,789,3,62,892,851
4682,4.933034111,3.362139524,714,621,2,71,716,692
4683,4.820604221,1.260926266,671,602,2,42,673,644
4684,3.882288374,1.184894456,972,954,7,77,979,1031
4685,3.871410797,0.9201794866,1588,1497,5,115,1593,1612
4686,2.363601817,3.520310597,564,542,1,42,565,584
4687,1.268450747,3.556987589,1008,1040,7,81,1015,1121
4688,2.436093095,0.612199265,1260,1268,4,68,1264,1336
4689,3.933187676,2.787431976,897,762,0,74,897,836
4690,4.681352424,3.389873986,585,518,2,53,587,571
4691,5.492353543,1.555340611,1098,1023,2,88,1100,1111
4692,5.166915991,0.8699115276,1458,1405,3,84,1461,1489
4693,4.402331027,2.252645832,1007,918,2,77,1009,995
4694,2.877177404,3.965927394,1432,1244,3,128,1435,1372
4695,2.152591162,2.148003026,1434,1256,6,100,1440,1356
4696,1.820826288,3.29874376,788,679,3,67,791,746
4697,2.6315522,0.02885066447,1382,1362,3,42,1385,1404
4698,4.275276968,1.132751836,1166,1149,4,85,1170,1234
4699,2.096758656,2.334667603,1182,1129,1,81,1183,1210
4700,3.638403074,3.247880585,1413,1200,3,117,1416,1317
4701,4.365803043,3.792426563,1046,1004,1,113,1047,1117
4702,3.661396898,0.7581280127,771,734,2,52,773,786
4703,5.252384025,0.6202155403,1574,1494,6,101,1580,1595
4704,3.37402116,2.973359654,1215,1164,3,100,1218,1264
4705,4.545706084,0.8697378036,1422,1367,3,88,1425,1455
4706,1.806779244,0.4283036764,578,559,0,30,578,589
4707,5.646783824,2.429717081,683,624,0,51,683,675
4708,2.403592565,0.2435577925,1097,1030,5,46,1102,1076
4709,1.723038694,3.301092534,1451,1415,6,118,1457,1533
4710,3.391498221,0.9351713358,639,648,2,34,641,682
4711,3.166762852,2.81859754,594,558,2,38,596,596
4712,5.240969413,0.8755430126,752,741,2,54,754,795
4713,1.883845219,2.53089948,936,821,4,61,940,882
4714,2.174114033,1.967693582,1386,1276,3,95,1389,1371
4715,5.205375136,1.507166506,832,669,1,55,833,724
4716,1.672937533,0.1597715764,1465,1353,6,54,1471,1407
4717,2.93238063,3.972024002,1169,1088,2,118,1171,1206
4718,4.411015541,3.441435959,660,641,3,61,663,702
4719,1.21592664,3.616734598,977,899,5,86,982,985
4720,5.961956444,2.470846099,1469,1414,5,137,1474,1551
4721,4.195120494,2.780879785,1398,1275,3,124,1401,1399
4722,2.30057344,1.783492169,1293,1200,6,90,1299,1290
4723,3.862693136,0.9478832264,1532,1537,10,99,1542,1636
4724,4.733349146,2.811296129,990,872,2,88,992,960
4725,2.961637373,1.835649438,1176,1058,4,76,1180,1134
4726,5.358440809,0.367859358,1553,1384,7,87,1560,1471
4727,3.693260397,3.253246204,978,867,2,85,980,952
4728,4.958097382,2.789022263,1203,1074,6,108,1209,1182
4729,4.155269252,3.960015057,1151,1089,3,135,1154,1224
4730,4.10217839,0.06960629639,704,661,5,26,709,687
4731,3.468376633,2.993848785,1491,1356,5,130,1496,1486
4732,3.195346196,2.927967856,779,771,3,62,782,833
4733,4.270907385,3.715976284,1075,1001,3,94,1078,1095
4734,4.204069784,3.041257087,1447,1276,6,111,1453,1387
4735,5.845943062,1.764985467,1160,1113,7,80,1167,1193
4736,1.616440941,2.500550023,650,529,2,30,652,559
4737,4.409859867,0.1550730042,1613,1435,9,68,1622,1503
4738,5.761373026,0.9248362459,676,663,5,40,681,703
4739,3.401302476,1.747990693,1030,931,3,52,1033,983
4740,1.064081247,2.136330939,710,635,3,41,713,676
4741,2.448984349,1.290615023,963,925,2,59,965,984
4742,4.144592763,1.059430917,960,904,4,50,964,954
4743,2.042337316,2.074844154,583,538,1,40,584,578
4744,1.73211744,2.268004266,1209,1199,3,82,1212,1281
4745,2.819576362,2.193579122,1167,1106,4,97,1171,1203
4746,2.902237197,3.543584597,1495,1366,2,138,1497,1504
4747,3.021221735,0.8920473101,781,751,2,46,783,797
4748,1.499211922,2.167541146,1503,1418,7,84,1510,1502
4749,5.114600721,2.888966266,581,554,2,54,583,608
4750,2.809519513,2.208291595,1274,1176,6,73,1280,1249
4751,2.047772647,0.1543004846,1121,1044,8,37,1129,1081
4752,3.820277792,0.03508737229,1347,1191,9,55,1356,1246
4753,4.038074231,1.535592243,558,552,2,40,560,592
4754,2.089309351,3.89804698,981,901,3,83,984,984
4755,1.065818948,1.488012385,1589,1526,5,81,1594,1607
4756,2.095390159,1.263596547,1475,1409,4,76,1479,1485
4757,4.491163886,1.798584656,1492,1342,4,115,1496,1457
4758,2.727004748,1.572482264,808,772,2,41,810,813
4759,3.290820896,3.910734547,1574,1469,3,164,1577,1633
4760,4.672778023,0.2445194602,1403,1319,5,73,1408,1392
4761,2.557261934,3.148440032,1034,924,2,75,1036,999
4762,1.885753765,1.612866892,1089,1022,3,68,1092,1090
4763,5.921291966,1.041808473,1331,1234,5,101,1336,1335
4764,2.111049471,3.842314579,1567,1427,8,124,1575,1551
4765,3.063916449,2.668641078,653,627,9,51,662,678
4766,3.653671125,1.736664372,1462,1431,9,93,1471,1524
4767,1.311973864,0.8981019783,1291,1230,12,56,1303,1286
4768,4.487256492,0.9650714118,1126,1152,3,77,1129,1229
4769,5.951876512,2.155566607,709,601,4,57,713,658
4770,3.532022212,0.9513488834,840,841,5,61,845,902
4771,1.794042035,2.63993157,828,772,4,59,832,831
4772,5.987685405,0.5368710381,1490,1406,12,112,1502,1518
4773,1.429804055,1.730284397,696,662,4,41,700,703
4774,3.509231096,1.789283996,930,844,2,72,932,916
4775,2.489786826,3.379659842,902,801,7,53,909,854
4776,5.068612118,1.295797696,1398,1273,8,114,1406,1387
4777,3.497659692,2.751577025,796,754,2,58,798,812
4778,1.688666131,3.822526043,1113,995,2,81,1115,1076
4779,1.481540788,1.989438145,1572,1545,6,111,1578,1656
4780,4.139787571,2.130085378,1515,1461,6,121,1521,1582
4781,1.905301479,2.902914183,858,821,3,55,861,876
4782,1.746904174,0.6884691368,698,662,2,39,700,701
4783,1.257339297,1.890430537,1408,1443,7,80,1415,1523
4784,4.461934227,3.925469947,1285,1199,6,130,1291,1329
4785,4.297240531,1.973032464,1175,1068,3,99,1178,1167
4786,4.64904511,0.2956100685,713,655,4,33,717,688
4787,4.272343452,2.487446077,1170,1078,3,101,1173,1179
4788,4.249304164,0.3775299722,971,959,1,51,972,1010
4789,1.305194818,1.645540698,1201,1134,8,77,1209,1211
4790,1.918679921,3.256297673,573,561,3,39,576,600
4791,4.441210207,0.9294447776,911,934,4,62,915,996
4792,5.798870556,1.552481382,1497,1372,6,107,1503,1479
4793,5.351982585,1.659929451,1161,1063,3,91,1164,1154
4794,3.948517119,2.028408915,679,657,5,58,684,715
4795,4.874605776,1.116939375,1579,1464,9,122,1588,1586
4796,3.99010805,3.704980286,1320,1225,3,109,1323,1334
4797,5.501738626,3.367565897,1090,970,3,98,1093,1068
4798,1.065518578,2.899612089,608,583,0,44,608,627
4799,1.897519141,1.618095763,1280,1243,3,67,1283,1310
4800,5.773894968,0.2294050884,1022,971,6,59,1028,1030
4801,3.767173396,3.84051352,952,899,2,97,954,996
4802,2.203632859,0.457337365,1541,1549,10,78,1551,1627
4803,5.897343777,2.337283695,1295,1128,2,103,1297,1231
4804,4.615282026,1.012957372,851,867,4,59,855,926
4805,1.556107997,1.474617549,1258,1108,4,74,1262,1182
4806,5.858967216,2.599208154,872,859,2,79,874,938
4807,4.700961929,0.5829774008,718,622,5,48,723,670
4808,3.14828433,0.244443836,1212,1112,8,56,1220,1168
4809,3.239975143,2.043813481,1493,1452,8,120,1501,1572
4810,4.252202077,2.186491619,1380,1272,3,126,1383,1398
4811,4.391792589,1.202451181,970,916,5,57,975,973
4812,2.899698652,0.7572701504,1295,1181,9,73,1304,1254
4813,3.382034021,0.5334835886,1057,1026,4,59,1061,1085
4814,5.217740621,3.24799287,898,819,4,78,902,897
4815,1.59732493,2.710090055,599,535,2,40,601,575
4816,2.590407274,3.608550272,682,606,2,59,684,665
4817,1.160702571,0.3832446574,1127,979,6,45,1133,1024
4818,1.448384723,1.749121537,784,706,7,42,791,748
4819,5.353039443,1.155407498,772,738,4,50,776,788
4820,5.062922,1.560686925,1251,1205,7,81,1258,1286
4821,1.843972483,3.746488685,1027,895,4,89,1031,984
4822,4.272895617,3.854667483,596,521,0,50,596,571
4823,2.595078562,2.594722527,1494,1415,2,102,1496,1517
4824,4.584884369,2.503727761,574,542,1,37,575,579
4825,5.728080111,0.3763805364,1163,1175,7,64,1170,1239
4826,1.84242809,0.51255665,1513,1488,7,65,1520,1553
4827,5.3210218,0.9026800782,624,541,4,36,628,577
4828,2.328410548,2.681750215,1110,964,1,69,1111,1033
4829,2.189419502,1.988012296,1376,1320,6,91,1382,1411
4830,2.81256165,1.614563359,1497,1400,6,113,1503,1513
4831,1.503806915,1.731517878,1269,1225,4,79,1273,1304
4832,2.471094447,2.382377924,1081,990,2,76,1083,1066
4833,3.3237485,3.736786152,664,626,2,53,666,679
4834,2.716859607,3.667135783,1561,1411,3,126,1564,1537
4835,4.531485084,0.6258140577,918,824,3,52,921,876
4836,4.078854491,2.738218753,1143,972,3,79,1146,1051
4837,2.799451465,0.3104999954,1244,1222,8,66,1252,1288
4838,5.31539347,0.05291547825,1565,1553,12,71,1577,1624
4839,4.464985719,3.058013852,1409,1326,4,117,1413,1443
4840,3.346376649,3.309118362,593,525,1,50,594,575
4841,1.615498861,3.959173846,1194,1136,6,97,1200,1233
4842,5.785557138,1.871639004,1446,1433,6,115,1452,1548
4843,2.990762027,0.966451076,881,857,5,44,886,901
4844,5.230094636,1.735454686,851,812,3,60,854,872
4845,3.183069266,1.587431655,1644,1502,2,92,1646,1594
4846,5.364403094,0.2408109211,792,774,3,34,795,808
4847,5.713649332,1.908821539,1529,1459,8,133,1537,1592
4848,5.327864696,1.383305082,1269,1199,7,102,1276,1301
4849,1.118628616,3.424917144,1465,1373,9,108,1474,1481
4850,2.89087271,3.069601512,886,819,3,87,889,906
4851,2.730867222,0.4320015127,966,954,3,53,969,1007
4852,5.414584124,3.333843164,1620,1435,4,148,1624,1583
4853,3.678345381,2.379473895,721,660,1,47,722,707
4854,4.410554258,0.5304976461,561,562,3,37,564,599
4855,1.818715408,1.926197281,1126,1086,2,73,1128,1159
4856,5.308754399,1.747995801,961,943,3,86,964,1029
4857,3.369731539,0.3801166352,1452,1415,8,75,1460,1490
4858,2.034314577,2.361145181,882,821,3,57,885,878
4859,3.136007294,0.9954281388,1601,1494,9,98,1610,1592
4860,5.753476488,1.438653159,642,641,3,55,645,696
4861,5.97221736,0.8084892461,1331,1245,7,103,1338,1348
4862,4.928033915,0.1829276919,1482,1452,8,65,1490,1517
4863,5.783380032,0.2421886848,870,876,6,54,876,930
4864,4.671397712,1.089139349,686,639,4,50,690,689
4865,1.889489346,0.3971117513,879,876,4,50,883,926
4866,5.972784079,2.662162048,1359,1201,2,132,1361,1333
4867,2.300235009,3.220708253,663,621,1,58,664,679
4868,1.377251754,2.899504889,1273,1137,7,82,1280,1219
4869,3.351650875,1.414093443,1276,1223,2,89,1278,1312
4870,2.958188056,3.307728784,922,880,3,78,925,958
4871,3.210062261,3.833085964,817,689,1,78,818,767
4872,2.319744547,3.300755208,1187,1139,1,89,1188,1228
4873,4.112561934,0.5299262582,624,552,2,32,626,584
4874,5.036177317,0.3258080562,767,718,6,36,773,754
4875,1.51198915,2.320857259,1373,1324,5,78,1378,1402
4876,1.285755633,3.421242808,794,722,3,54,797,776
4877,5.695178732,0.3175416779,1509,1350,3,75,1512,1425
4878,5.113869199,0.4772691518,892,806,6,58,898,864
4879,4.041208607,0.1662313702,725,666,5,26,730,692
4880,1.993480228,2.584523888,1579,1472,9,124,1588,1596
4881,5.292015889,0.2171224716,1014,908,4,49,1018,957
4882,4.390018577,1.806018871,1186,1120,2,95,1188,1215
4883,3.608121681,1.956249854,1617,1414,5,117,1622,1531
4884,4.967256489,1.531687143,818,875,1,71,819,946
4885,4.378617322,2.962296765,1090,972,4,94,1094,1066
4886,3.411572454,2.638903858,1104,976,3,91,1107,1067
4887,2.916246305,2.248400132,600,530,0,45,600,575
4888,3.08238265,0.3093211462,893,839,0,53,893,892
4889,2.119994037,0.5403657341,1590,1506,9,68,1599,1574
4890,5.161594388,2.461106803,1217,1046,4,87,1221,1133
4891,1.151115427,1.339545402,1346,1364,9,84,1355,1448
4892,4.34393682,3.02883412,844,820,1,94,845,914
4893,5.355141044,2.357419985,1162,1091,2,103,1164,1194
4894,4.110981999,1.519241069,603,552,4,38,607,590
4895,4.906784699,2.008586972,611,503,2,43,613,546
4896,1.049637562,0.1976895253,1415,1343,7,58,1422,1401
4897,1.86397157,3.699307502,1339,1249,4,94,1343,1343
4898,4.946734385,2.824399466,862,808,5,71,867,879
4899,3.022483716,2.510356442,1062,1020,5,74,1067,1094
4900,2.092093339,0.1799556333,589,558,1,20,590,578
4901,5.734006749,0.1966881378,910,849,2,50,912,899
4902,1.181353121,3.047658855,870,861,4,54,874,915
4903,3.096655328,1.311597451,806,768,1,38,807,806
4904,5.072583115,3.171784889,966,884,3,95,969,979
4905,3.088599549,0.5132543885,1089,1105,8,58,1097,1163
4906,4.086183279,2.159045016,1217,1049,3,97,1220,1146
4907,4.55306288,0.2559726026,781,757,5,42,786,799
4908,5.297938838,1.193900386,1014,919,0,67,1014,986
4909,5.79763753,0.5293186543,900,820,7,40,907,860
4910,5.051488475,1.843189773,1599,1495,9,123,1608,1618
4911,4.261531124,1.629771852,856,825,3,69,859,894
4912,1.913469269,2.385518131,1272,1191,3,91,1275,1282
4913,1.883841948,1.053497668,1427,1321,9,70,1436,1391
4914,4.152615911,0.987098918,805,741,3,49,808,790
4915,2.391344698,0.4732052959,1150,1105,6,67,1156,1172
4916,4.696835005,3.934428998,830,701,3,71,833,772
4917,5.828639819,3.006501356,978,880,3,84,981,964
4918,1.772237238,2.032019494,1361,1314,4,79,1365,1393
4919,4.619769661,1.906524552,1419,1375,7,102,1426,1477
4920,3.327937878,1.204456474,1004,947,6,59,1010,1006
4921,3.277466783,0.4701019269,774,816,5,35,779,851
4922,5.296713315,1.303412278,930,897,4,73,934,970
4923,4.430211687,1.114547415,1212,1104,3,78,1215,1182
4924,3.792410149,0.2590679298,1278,1217,8,73,1286,1290
4925,1.063320651,1.311765079,904,832,8,51,912,883
4926,3.351438709,0.06090488481,1356,1299,11,65,1367,1364
4927,3.792715572,3.2234372,978,893,4,83,982,976
4928,2.263999713,3.700388121,807,727,5,56,812,783
4929,1.457101009,2.088223572,1455,1390,5,97,1460,1487
4930,1.600513238,3.851072773,1287,1198,2,100,1289,1298
4931,4.422206109,1.724501649,1444,1427,11,121,1455,1548
4932,1.63015233,2.151666274,1096,1052,6,78,1102,1130
4933,2.385774945,0.4035919639,1498,1480,9,83,1507,1563
4934,3.929041782,0.9313479921,880,821,4,55,884,876
4935,4.437457142,2.787237993,1065,998,2,89,1067,1087
4936,4.336923893,3.720749873,1448,1347,5,157,1453,1504
4937,2.292394627,0.106355634,1596,1540,13,78,1609,1618
4938,2.129723164,3.909425439,597,545,2,43,599,588
4939,3.571557167,0.4912581159,1472,1366,8,87,1480,1453
4940,5.336357844,0.712524462,1531,1425,8,76,1539,1501
4941,3.23884257,0.2581465973,580,550,4,25,584,575
4942,4.957397166,1.255254042,1589,1454,3,111,1592,1565
4943,5.803091372,1.717442917,695,656,4,54,699,710
4944,1.576426283,3.409055484,1380,1261,8,93,1388,1354
4945,2.585052928,3.782538784,797,793,0,81,797,874
4946,1.333678401,1.562122219,936,957,6,68,942,1025
4947,2.593112098,3.399416736,705,655,3,55,708,710
4948,5.711322854,1.857448962,881,853,5,78,886,931
4949,5.566804635,1.277220953,892,850,5,51,897,901
4950,2.088597921,1.344220975,982,928,3,59,985,987
4951,2.8981473,3.3528743,955,926,6,90,961,1016
4952,5.237180342,3.770355592,587,545,3,44,590,589
4953,3.983448259,3.469347406,1026,940,1,85,1027,1025
4954,5.629688034,3.985218859,1185,1014,2,118,1187,1132
4955,1.422067942,0.1876820735,1340,1347,6,54,1346,1401
4956,4.12669787,1.650092446,618,546,3,53,621,599
4957,1.635006944,2.935570864,1314,1322,9,112,1323,1434
4958,4.47251438,1.067553225,1227,1172,3,99,1230,1271
4959,5.69606035,2.104195747,902,824,4,60,906,884
4960,1.716425357,3.496891307,1256,1197,4,84,1260,1281
4961,3.472993743,0.2274380676,1229,1126,4,53,1233,1179
4962,1.027902898,1.600606955,1145,1059,4,56,1149,1115
4963,3.151643581,0.6550831456,1016,937,11,47,1027,984
4964,5.803676768,3.439938039,888,802,4,78,892,880
4965,3.93314801,1.389411242,784,743,2,45,786,788
4966,2.727514621,2.599587564,1238,1092,1,74,1239,1166
4967,3.28018662,1.586517536,1249,1214,4,99,1253,1313
4968,5.928781381,1.443312598,1266,1171,2,103,1268,1274
4969,5.646331719,3.875651702,874,765,1,85,875,850
4970,2.180933425,2.56157516,1079,1050,5,60,1084,1110
4971,3.487887572,2.06967577,583,589,4,46,587,635
4972,4.51093737,0.5007878959,898,862,3,48,901,910
4973,4.632011884,3.694521916,1134,1058,2,103,1136,1161
4974,2.031099148,1.880814394,729,637,2,48,731,685
4975,4.626133901,2.62900957,811,726,4,67,815,793
4976,4.631372792,2.366479802,1100,962,4,86,1104,1048
4977,5.166859975,0.2704324259,1499,1379,4,68,1503,1447
4978,2.528231487,0.494340422,1515,1393,6,68,1521,1461
4979,2.525951104,0.7167471958,1086,1024,3,59,1089,1083
4980,5.4131967,3.025105892,1095,958,5,74,1100,1032
4981,1.852678585,3.003240149,1483,1367,6,131,1489,1498
4982,4.782577269,3.791824617,1003,943,0,95,1003,1038
4983,4.553674604,3.947179831,1472,1388,6,140,1478,1528
4984,4.108766357,0.3049109843,879,811,5,49,884,860
4985,5.385107135,2.631179539,1441,1373,4,146,1445,1519
4986,2.376345765,1.92638487,1483,1386,4,90,1487,1476
4987,4.351106104,1.863352883,1076,1034,3,98,1079,1132
4988,2.687255626,1.27603028,590,560,1,33,591,593
4989,2.797906007,3.462468423,1188,1116,8,110,1196,1226
4990,5.96485212,1.602466572,1182,1131,1,74,1183,1205
4991,2.240381899,0.719371532,913,869,3,49,916,918
4992,4.27816167,0.3013637594,1477,1370,8,80,1485,1450
4993,5.757308382,0.9569370815,1201,1240,7,92,1208,1332
4994,5.162499357,1.327358047,961,979,1,76,962,1055
4995,3.389021672,2.48159338,889,841,1,70,890,911
4996,5.467469324,0.8222486628,593,615,3,36,596,651
4997,3.599598764,3.331128514,1514,1383,4,119,1518,1502
4998,4.716178435,3.155673789,1493,1360,5,119,1498,1479
4999,3.837973126,0.3646491856,1131,1109,3,63,1134,1172
5000,4.250922403,2.855416028,1034,892,3,73,1037,965
5001,5.197000711,1.080774016,1143,1068,2,80,1145,1148
5002,3.48052708,1.073385317,1057,975,3,79,1060,1054
5003,2.874558449,1.986079725,1192,1106,6,77,1198,1183
5004,1.608680131,0.4530568191,806,755,3,42,809,797
5005,3.842246568,3.386835321,1211,1059,4,87,1215,1146
5006,5.922367046,0.4084903253,774,753,2,44,776,797
5007,2.566995787,1.215766986,801,736,6,41,807,777
5008,4.589841494,3.445209584,1616,1427,3,144,1619,1571
5009,4.105134804,0.8240036604,1222,1097,4,97,1226,1194
5010,2.851769022,0.8173534523,1263,1201,5,62,1268,1263
5011,2.32329341,0.518810156,832,815,2,45,834,860
5012,4.520612447,3.345664974,1296,1148,3,107,1299,1255
5013,1.991987435,0.9893990801,757,759,3,26,760,785
5014,5.482681563,0.8805627732,1324,1358,7,92,1331,1450
5015,4.819414131,3.572951823,1435,1283,3,146,1438,1429
5016,2.777647337,2.478978948,1406,1250,8,112,1414,1362
5017,5.197655217,0.1802526423,824,711,7,32,831,743
5018,3.511945498,0.2930634616,1090,975,5,51,1095,1026
5019,5.380340196,0.4808978226,1139,1173,10,60,1149,1233
5020,5.302724132,1.979956593,674,640,0,56,674,696
5021,2.976774878,2.195702868,752,634,0,47,752,681
5022,2.402754511,0.7338669307,965,935,1,54,966,989
5023,5.357961817,1.489622147,582,535,3,39,585,574
5024,4.12344621,2.510379812,1213,1185,7,95,1220,1280
5025,2.489114061,2.287555547,593,553,3,42,596,595
5026,3.591001598,3.466273835,1208,1076,4,86,1212,1162
5027,5.042001639,3.854043084,1253,1072,3,115,1256,1187
5028,5.867214127,0.5552275065,1115,1032,4,45,1119,1077
5029,4.462608794,1.495267648,799,743,1,54,800,797
5030,3.482503486,2.365994088,793,743,1,72,794,815
5031,4.011088629,2.563513893,617,554,2,44,619,598
5032,5.709468758,3.515269096,1184,1102,3,116,1187,1218
5033,4.668953948,3.478889235,898,843,1,78,899,921
5034,3.154029571,3.668626335,994,912,4,93,998,1005
5035,2.135045265,1.033514686,685,660,4,37,689,697
5036,2.572235879,0.1790764102,1472,1422,8,61,1480,1483
5037,4.228606392,3.169796311,1237,1192,4,140,1241,1332
5038,5.208969112,2.438707328,857,761,2,63,859,824
5039,4.517629029,1.086684507,630,538,3,38,633,576
5040,4.303670552,3.770677458,1234,1123,3,120,1237,1243
5041,4.601003968,3.524531184,1471,1373,0,154,1471,1527
5042,4.622572642,2.30173974,1285,1194,4,106,1289,1300
5043,2.405777236,2.412134058,777,663,1,41,778,704
5044,4.944256584,0.1650151462,840,758,3,46,843,804
5045,4.273264766,0.007509775873,716,683,7,27,723,710
5046,3.548549387,2.115626686,1007,912,6,65,1013,977
5047,5.371148759,3.324237865,652,643,4,66,656,709
5048,4.712320142,2.450512921,1368,1324,5,102,1373,1426
5049,3.828547003,3.53843983,1430,1384,4,162,1434,1546
5050,3.168730976,1.786434547,697,627,0,46,697,673
5051,2.036238936,3.742333898,713,610,3,52,716,662
5052,1.964973369,3.055657874,1548,1441,7,106,1555,1547
5053,5.159922612,3.972766035,811,647,1,77,812,724
5054,1.574664478,0.471681956,1208,1140,8,53,1216,1193
5055,2.059043939,1.389481353,1510,1399,8,89,1518,1488
5056,1.545630551,1.34705189,1306,1230,6,80,1312,1310
5057,3.527375817,0.8550984718,1231,1247,7,67,1238,1314
5058,3.345769216,0.5495386393,1344,1306,6,70,1350,1376
5059,1.859339498,1.721506896,1356,1295,7,88,1363,1383
5060,4.742982478,2.932369164,1534,1301,4,125,1538,1426
5061,1.654817184,2.165130539,1138,1081,7,63,1145,1144
5062,5.868572125,3.986054387,880,827,2,91,882,918
5063,1.617030843,1.783635643,1343,1291,7,86,1350,1377
5064,3.276806947,2.450018892,900,821,2,52,902,873
5065,5.438425799,2.402321061,738,717,0,68,738,785
5066,5.644021281,3.795173903,804,666,2,70,806,736
5067,5.804322602,2.516087749,1206,1151,3,112,1209,1263
5068,2.817869697,1.401519652,1467,1401,5,103,1472,1504
5069,1.112465928,2.992220305,1103,946,3,74,1106,1020
5070,5.84165203,3.715136815,1292,1179,2,126,1294,1305
5071,4.488126533,3.46973094,1162,1106,4,105,1166,1211
5072,4.189429823,1.135436265,1204,1127,2,91,1206,1218
5073,3.376348487,3.465844865,1561,1454,5,128,1566,1582
5074,1.219173567,3.061429891,695,643,2,37,697,680
5075,2.713831139,2.456921784,650,648,4,42,654,690
5076,2.319352159,0.726662922,820,735,3,44,823,779
5077,2.707098866,0.4059768814,779,749,6,40,785,789
5078,4.380379269,3.225691376,1267,1127,4,117,1271,1244
5079,3.735703481,3.042497214,1625,1460,8,137,1633,1597
5080,4.762353466,1.422153118,1112,956,6,71,1118,1027
5081,1.49525541,0.2050588284,1459,1442,3,73,1462,1515
5082,2.99382947,2.091544129,683,624,3,38,686,662
5083,4.327294727,3.248037395,1402,1288,1,106,1403,1394
5084,1.009825772,0.9490743883,795,772,5,38,800,810
5085,4.141394657,3.820093605,685,619,1,67,686,686
5086,3.158803976,1.637370216,1045,925,3,79,1048,1004
5087,4.442023516,1.222810119,859,831,10,53,869,884
5088,5.883095263,3.330660761,800,710,0,70,800,780
5089,3.075533581,3.351796748,1244,1162,8,95,1252,1257
5090,2.402720441,3.110775392,1164,1108,0,101,1164,1209
5091,1.562256535,0.350893009,806,786,4,32,810,818
5092,2.949900595,3.813219634,1589,1477,6,155,1595,1632
5093,2.399764845,0.2537446039,605,535,1,22,606,557
5094,1.852177694,3.123643248,1119,1115,4,80,1123,1195
5095,2.708507705,0.3660792407,1410,1367,6,56,1416,1423
5096,3.764972366,2.06609177,1496,1342,3,117,1499,1459
5097,2.781854323,1.915864415,1284,1172,5,88,1289,1260
5098,4.026863983,0.5236705388,863,827,3,44,866,871
5099,1.486540931,3.465965734,1467,1372,8,133,1475,1505
5100,5.993945029,2.458842906,561,510,2,46,563,556
5101,5.662082596,2.045639882,1203,1132,4,103,1207,1235
5102,5.801157344,2.377322639,939,849,6,77,945,926
5103,4.659780301,0.7761254982,1540,1391,8,85,1548,1476
5104,1.157366848,3.780059676,1583,1526,6,115,1589,1641
5105,2.023163281,3.723419289,773,743,0,61,773,804
5106,2.131511748,3.266358089,974,998,1,70,975,1068
5107,2.262877568,2.185920614,775,754,5,61,780,815
5108,3.976999267,1.853583444,672,633,0,54,672,687
5109,4.28358329,1.776063801,1084,998,1,88,1085,1086
5110,5.96057813,3.184991652,1505,1304,1,142,1506,1446
5111,5.998102557,1.252117646,1168,1076,5,89,1173,1165
5112,2.275948513,0.1043951586,995,936,2,42,997,978
5113,1.371589736,0.5537642483,1456,1455,13,74,1469,1529
5114,2.843681102,3.879685818,1526,1474,8,149,1534,1623
5115,1.374982144,3.24612866,1601,1476,4,114,1605,1590
5116,5.45343203,1.784660597,874,894,3,58,877,952
5117,1.869807994,0.03066144966,667,695,6,29,673,724
5118,3.468866461,3.810763207,1085,975,4,91,1089,1066
5119,1.091990049,1.089304119,1247,1189,8,61,1255,1250
5120,5.032759529,0.6499027795,646,614,2,33,648,647
5121,1.50272222,2.728332538,751,763,2,45,753,808
5122,2.141244466,3.075018332,1239,1191,2,103,1241,1294
5123,1.80904851,3.271922155,760,693,2,71,762,764
5124,1.005564412,2.703915677,1199,1129,4,72,1203,1201
5125,4.485711502,2.958442324,1576,1492,5,141,1581,1633
5126,2.791538972,1.091065238,1112,1009,5,63,1117,1072
5127,2.511044399,3.147135016,1165,930,1,94,1166,1024
5128,4.125407503,3.868824146,796,751,0,75,796,826
5129,1.282362238,0.236764433,816,764,5,37,821,801
5130,3.512096137,3.932478212,609,559,2,44,611,603
5131,3.423083467,1.61502024,1109,968,6,72,1115,1040
5132,4.60353954,2.631911376,956,902,3,72,959,974
5133,1.240066899,3.444397554,961,924,3,60,964,984
5134,3.183654602,2.433830527,542,547,2,38,544,585
5135,5.488581799,2.166772645,1550,1435,4,105,1554,1540
5136,4.113427388,2.967924149,1403,1301,4,138,1407,1439
5137,1.282777165,2.229783888,760,726,2,55,762,781
5138,5.090065543,3.361527886,840,781,1,74,841,855
5139,2.788416785,2.437429586,1550,1442,5,129,1555,1571
5140,3.340962422,3.878811672,1138,985,3,96,1141,1081
5141,2.36949284,2.005428064,1577,1391,4,100,1581,1491
5142,3.509095168,2.683193124,1179,1090,4,87,1183,1177
5143,4.540477777,3.710399913,913,795,1,93,914,888
5144,4.576105599,1.3409163,918,944,2,75,920,1019
5145,4.26730699,3.376234894,1419,1266,1,119,1420,1385
5146,2.110117045,3.906058553,1370,1223,4,108,1374,1331
5147,3.198894627,1.122060615,1182,1085,3,63,1185,1148
5148,4.067710649,1.989616297,1467,1350,7,121,1474,1471
5149,5.904286741,3.309868013,1608,1459,10,159,1618,1618
5150,2.851020733,2.565015687,889,788,4,65,893,853
5151,4.242802566,1.764857679,598,558,2,40,600,598
5152,4.960640402,1.954597621,1027,927,3,80,1030,1007
5153,2.170027919,1.437936749,1037,970,7,71,1044,1041
5154,3.407185777,1.819171595,941,896,3,75,944,971
5155,4.725997755,3.213270363,1513,1426,3,143,1516,1569
5156,2.3495284,0.3443770755,1042,940,4,59,1046,999
5157,5.203932471,1.56761461,897,832,0,48,897,880
5158,1.116480017,1.280546024,1286,1219,9,68,1295,1287
5159,2.873123326,1.126768572,1057,1071,7,59,1064,1130
5160,2.071084593,3.200189569,1301,1205,3,94,1304,1299
5161,4.216502671,3.137313236,1494,1377,6,132,1500,1509
5162,1.117029213,3.644630303,1266,1173,3,78,1269,1251
5163,2.414085484,2.503121038,890,828,6,56,896,884
5164,5.862669607,0.252798845,1585,1514,7,87,1592,1601
5165,3.010945425,0.6455854742,1174,1096,6,83,1180,1179
5166,3.242533024,3.659839365,812,745,4,62,816,807
5167,4.897433559,2.393144027,1516,1368,4,116,1520,1484
5168,4.815271804,0.8281088097,1412,1286,6,91,1418,1377
5169,2.91255882,2.423523838,1623,1498,5,109,1628,1607
5170,2.067392993,3.548178339,1557,1507,4,129,1561,1636
5171,3.070497501,2.510743195,1356,1290,5,92,1361,1382
5172,4.195118262,0.5346853491,1159,1121,6,72,1165,1193
5173,5.713959277,3.138466305,1053,968,1,91,1054,1059
5174,4.734972414,1.113208689,1344,1330,5,103,1349,1433
5175,2.023475426,1.045593271,1078,1030,4,69,1082,1099
5176,5.558006783,2.666007367,663,598,3,51,666,649
5177,1.272573204,3.267010973,1030,893,3,59,1033,952
5178,1.099282055,0.8575611111,911,932,5,44,916,976
5179,1.47838027,1.945888474,1449,1379,5,101,1454,1480
5180,4.295095197,0.8570715821,881,825,2,54,883,879
5181,4.865365392,3.577731673,805,685,1,78,806,763
5182,4.832132247,3.770649025,1386,1218,8,135,1394,1353
5183,4.056893741,1.022793034,1160,1139,2,60,1162,1199
5184,1.629261736,1.561314592,1052,990,5,67,1057,1057
5185,1.099492092,1.685844013,1214,1090,8,71,1222,1161
5186,1.992993883,3.59443883,1118,965,4,81,1122,1046
5187,2.99542056,1.80773729,1105,1008,5,67,1110,1075
5188,3.774869768,0.9091547055,936,918,1,67,937,985
5189,5.455917435,0.8999252147,1587,1513,10,105,1597,1618
5190,1.141052044,0.2802540551,1304,1221,13,60,1317,1281
5191,2.00932681,0.3503448967,580,571,2,27,582,598
5192,3.852758991,0.2287424891,669,661,3,36,672,697
5193,1.846820717,0.04945866077,801,735,2,32,803,767
5194,4.989198022,3.268684297,1558,1490,5,132,1563,1622
5195,3.099296729,1.493482994,716,657,4,50,720,707
5196,3.946123312,2.128619039,949,877,3,71,952,948
5197,3.632419421,1.654531953,1407,1256,2,100,1409,1356
5198,2.207348243,0.806826646,603,594,3,30,606,624
5199,2.931987472,1.987456694,1209,1136,2,85,1211,1221
5200,3.066014206,0.6638421853,768,737,4,36,772,773
5201,1.242002707,1.336255102,979,919,5,46,984,965
5202,1.401585444,3.992888982,701,602,1,40,702,642
5203,4.868377687,1.153045277,1240,1181,4,75,1244,1256
5204,1.508724254,3.129517681,960,892,2,77,962,969
5205,3.748833029,0.06167494463,580,579,3,22,583,601
5206,4.312799219,3.783890318,967,920,2,106,969,1026
5207,4.160807123,2.172357406,1022,892,2,73,1024,965
5208,3.009437799,0.2651018299,710,634,3,32,713,666
5209,2.103618898,1.829292266,1048,915,5,61,1053,976
5210,2.789023386,0.0341465719,919,821,7,30,926,851
5211,5.611709123,3.747172347,842,771,2,83,844,854
5212,5.770837053,0.6070085296,994,944,7,54,1001,998
5213,5.805694259,3.937187515,1400,1208,0,138,1400,1346
5214,5.289950078,1.11086051,1442,1352,10,105,1452,1457
5215,1.627035032,0.2903409628,1597,1510,6,79,1603,1589
5216,3.007506607,2.028383976,737,720,1,53,738,773
5217,3.23578854,0.9807309106,600,548,4,35,604,583
5218,1.286973793,3.568307742,1078,1071,8,69,1086,1140
5219,5.674052867,0.5839207484,738,696,1,33,739,729
5220,5.070188606,3.881239714,1553,1415,4,128,1557,1543
5221,4.71278844,0.253477712,1126,1121,6,48,1132,1169
5222,5.510085578,1.180662094,796,694,4,36,800,730
5223,4.300464563,0.5645641342,810,747,3,42,813,789
5224,4.12968394,2.730028872,1449,1241,2,105,1451,1346
5225,2.059572617,1.627108668,663,620,2,42,665,662
5226,1.72312466,1.52704966,1501,1368,13,82,1514,1450
5227,3.994873771,2.478154175,1132,1084,1,94,1133,1178
5228,4.3199267,3.354400526,1361,1204,4,125,1365,1329
5229,4.830021842,3.522356,1547,1406,11,139,1558,1545
5230,2.112695688,2.445567614,592,565,3,61,595,626
5231,3.681442407,0.9672703327,728,772,3,51,731,823
5232,4.173889054,3.069080403,1129,1081,9,106,1138,1187
5233,5.713131077,3.163526535,680,625,3,65,683,690
5234,1.126539101,1.776140709,1329,1323,6,73,1335,1396
5235,2.328227643,2.499409756,1073,991,5,83,1078,1074
5236,1.925898047,0.07804718182,1412,1316,11,56,1423,1372
5237,3.57964074,1.090283592,778,729,1,55,779,784
5238,2.736058509,1.201852835,618,596,2,35,620,631
5239,4.688114115,3.810403104,830,768,1,87,831,855
5240,5.306206897,0.5507133632,1137,1106,3,75,1140,1181
5241,4.6757384,2.277728493,1118,1026,3,75,1121,1101
5242,1.101401233,3.71162406,1333,1231,5,105,1338,1336
5243,5.150000759,0.3526388696,1466,1369,6,77,1472,1446
5244,3.683642176,3.646367346,560,539,1,44,561,583
5245,3.544324795,1.467199503,1492,1393,3,103,1495,1496
5246,3.530536914,0.9497937006,1329,1245,2,80,1331,1325
5247,5.680565197,2.437335152,1520,1363,6,119,1526,1482
5248,5.916157584,0.2091116279,1070,980,5,52,1075,1032
5249,4.101612471,0.7914129496,1349,1307,7,77,1356,1384
5250,1.118065051,1.91613065,1388,1282,7,80,1395,1362
5251,1.667122003,2.837477555,966,931,2,67,968,998
5252,4.588201388,3.698189407,907,807,1,77,908,884
5253,5.676981281,3.866948471,1075,959,1,97,1076,1056
5254,2.64343684,0.5007921008,696,610,6,35,702,645
5255,3.71368174,0.7527975832,664,673,1,47,665,720
5256,5.782934494,2.631394298,1321,1202,5,98,1326,1300
5257,4.627413999,1.115336751,946,876,4,64,950,940
5258,3.011971633,3.8813366,1199,1051,3,101,1202,1152
5259,3.59382525,1.498400754,1384,1274,8,85,1392,1359
5260,2.597679199,2.776444077,1349,1265,3,94,1352,1359
5261,2.293504709,3.812105107,689,621,2,57,691,678
5262,3.037735275,3.650851058,1366,1254,2,133,1368,1387
5263,4.65515406,0.4562019454,573,542,4,22,577,564
5264,5.387214279,1.035626674,582,587,1,40,583,627
5265,2.857516789,3.736386976,1406,1211,7,119,1413,1330
5266,1.621186503,0.1818541175,697,684,4,20,701,704
5267,4.733598276,0.1394853106,1630,1476,14,67,1644,1543
5268,5.091114422,1.958042532,1442,1359,6,119,1448,1478
5269,5.433459434,2.823578195,1188,1076,0,100,1188,1176
5270,2.971874736,0.4095040723,1011,964,5,49,1016,1013
5271,1.221485862,1.117636895,1332,1246,4,66,1336,1312
5272,5.914383425,0.8132138097,1585,1444,6,128,1591,1572
5273,3.62540936,3.814981192,1355,1284,6,131,1361,1415
5274,2.460186628,0.9911881419,820,773,2,39,822,812
5275,2.91710338,3.590287684,1444,1364,6,130,1450,1494
5276,4.278701489,0.7486787379,558,565,1,45,559,610
5277,1.399028206,3.017472432,621,534,2,38,623,572
5278,4.227778647,1.613073574,910,782,3,69,913,851
5279,5.579259683,3.170019428,650,648,1,58,651,706
5280,3.588621241,2.745472542,1356,1270,5,110,1361,1380
5281,3.31480566,3.888091486,1213,1081,1,97,1214,1178
5282,2.018576184,2.453984581,1334,1202,4,90,1338,1292
5283,5.083590966,2.026784273,798,706,2,65,800,771
5284,4.457308067,1.857846143,583,528,3,38,586,566
5285,3.233227586,2.122629439,1437,1289,7,112,1444,1401
5286,5.556890149,2.978841231,1587,1479,6,143,1593,1622
5287,1.071231587,2.290121959,897,815,3,34,900,849
5288,4.523348587,0.5528194537,817,733,2,38,819,771
5289,5.819273416,1.869745304,1599,1451,7,137,1606,1588
5290,2.380589359,0.9567084216,917,910,3,62,920,972
5291,1.236786212,0.4673244258,893,814,2,32,895,846
5292,3.308493189,1.610953093,615,556,1,27,616,583
5293,4.211758813,0.02274983486,1469,1410,4,51,1473,1461
5294,3.585214414,2.460255134,1043,1066,6,78,1049,1144
5295,2.184603031,1.148647514,1424,1330,12,69,1436,1399
5296,2.233273112,0.1979708287,1554,1566,9,75,1563,1641
5297,2.328302352,0.7663434238,925,912,5,39,930,951
5298,5.635932054,1.129630823,635,510,2,40,637,550
5299,2.731743092,2.542227995,740,663,2,54,742,717
5300,1.920101409,0.7039827611,1100,1016,6,47,1106,1063
5301,2.064290148,1.909675245,708,657,2,44,710,701
5302,2.60690016,0.6625724157,879,902,5,52,884,954
5303,5.804752855,3.384083875,839,817,0,91,839,908
5304,3.33805713,2.597913166,1377,1353,5,97,1382,1450
5305,3.630570843,2.271579775,889,820,4,55,893,875
5306,5.846044676,3.095170328,1293,1146,4,120,1297,1266
5307,5.548656321,0.7830989159,1294,1286,3,77,1297,1363
5308,4.132536125,2.537432972,1069,987,4,90,1073,1077
5309,5.41008205,2.498538006,760,706,2,68,762,774
5310,5.61892318,1.663729471,957,907,7,73,964,980
5311,2.113939201,0.9708068372,1636,1477,9,88,1645,1565
5312,4.850827471,1.979643335,1180,1144,5,85,1185,1229
5313,4.845748058,2.297876587,1568,1503,4,143,1572,1646
5314,4.204066888,3.440770374,1213,1051,5,118,1218,1169
5315,5.532898725,2.99217647,1171,1056,3,109,1174,1165
5316,1.08893343,0.2691562871,1478,1429,12,51,1490,1480
5317,2.613207788,1.672010091,1127,997,1,73,1128,1070
5318,1.180027727,3.88672858,625,540,2,47,627,587
5319,4.596101248,3.756380339,1588,1444,6,155,1594,1599
5320,5.205365149,1.78216578,1131,1097,6,87,1137,1184
5321,2.792043384,1.096773723,1432,1324,7,84,1439,1408
5322,2.441520795,2.154030877,1289,1237,3,84,1292,1321
5323,4.615481632,1.718762092,1164,1143,3,77,1167,1220
5324,3.653355658,1.819259401,1162,1087,3,84,1165,1171
5325,5.864233019,0.8074347481,906,856,5,46,911,902
5326,2.494906734,3.786509812,1595,1491,5,138,1600,1629
5327,3.25507434,3.842291209,695,642,6,45,701,687
5328,3.671069634,2.401329211,767,723,2,50,769,773
5329,1.998188608,0.5778362751,668,628,5,38,673,666
5330,5.477295501,2.522248753,1134,972,2,94,1136,1066
5331,4.159605092,3.97821896,1156,1011,7,98,1163,1109
5332,3.600807248,0.7927047739,1544,1551,10,105,1554,1656
5333,1.200409562,0.5289071557,583,575,1,32,584,607
5334,2.498891299,3.259068458,1023,927,5,74,1028,1001
5335,3.336237626,2.490827343,1321,1184,5,85,1326,1269
5336,1.2103376,1.196244075,1117,1042,7,63,1124,1105
5337,2.54792863,3.35213638,1617,1418,7,116,1624,1534
5338,5.362929664,3.72359328,1445,1254,2,123,1447,1377
5339,4.310589448,3.812449278,1269,1177,3,117,1272,1294
5340,3.956099555,3.961133811,686,641,2,60,688,701
5341,5.229628253,2.300083862,903,856,2,67,905,923
5342,1.54543149,3.703999373,779,748,1,65,780,813
5343,5.055037898,1.619333582,591,513,1,36,592,549
5344,5.649503928,2.598136013,1499,1418,4,136,1503,1554
5345,5.373509319,2.70294039,1579,1480,6,134,1585,1614
5346,1.290761281,3.720199643,700,691,2,38,702,729
5347,1.206126698,2.19397018,1394,1227,4,88,1398,1315
5348,1.227617032,3.139902718,1202,1130,4,75,1206,1205
5349,3.274440816,2.189893773,1171,1146,1,80,1172,1226
5350,4.320194208,0.1571932435,1262,1206,4,56,1266,1262
5351,2.366913118,2.444104769,603,538,7,31,610,569
5352,1.149617638,3.655432585,874,860,3,57,877,917
5353,3.182176327,0.4287572737,625,623,3,33,628,656
5354,2.793707313,1.505761577,1280,1276,5,76,1285,1352
5355,5.2579873,1.34742508,877,849,3,83,880,932
5356,2.783323594,1.914136934,597,571,5,35,602,606
5357,4.44613172,1.95965236,915,858,3,71,918,929
5358,4.974841034,3.996883597,704,607,0,61,704,668
5359,2.823939158,1.865805718,1344,1261,2,88,1346,1349
5360,3.967819506,2.368738912,1501,1353,6,115,1507,1468
5361,3.796099487,2.247131866,859,831,4,64,863,895
5362,1.46688491,3.245979512,680,656,1,46,681,702
5363,3.08656272,1.6376709,848,853,2,55,850,908
5364,1.958299003,2.723743806,1510,1509,4,128,1514,1637
5365,2.418425835,2.610350827,861,732,0,57,861,789
5366,4.885616644,3.929575093,1508,1438,4,166,1512,1604
5367,3.260463837,1.369619736,1282,1172,4,64,1286,1236
5368,3.661895127,0.09261658668,1490,1468,8,63,1498,1531
5369,1.608887742,2.332332087,1029,914,5,72,1034,986
5370,1.379323073,0.4332070071,687,667,4,27,691,694
5371,3.526673127,1.007805517,1012,943,7,60,1019,1003
5372,1.865775252,0.8834964176,965,1031,4,59,969,1090
5373,3.205553257,3.754715628,1400,1273,10,127,1410,1400
5374,1.231038599,0.04279170625,1368,1301,10,53,1378,1354
5375,2.159851106,0.3137499731,829,764,4,43,833,807
5376,1.069542166,1.903518847,978,904,3,62,981,966
5377,2.176814613,2.066686577,703,627,3,45,706,672
5378,4.799202335,1.705817966,1397,1316,9,101,1406,1417
5379,3.000141369,0.7394514782,995,926,4,62,999,988
5380,2.56986214,3.35335027,814,728,2,69,816,797
5381,1.493542036,1.51213425,1172,1165,6,71,1178,1236
5382,3.614349432,3.700594325,1586,1444,2,144,1588,1588
5383,1.543997414,3.370439502,1631,1500,6,140,1637,1640
5384,5.280444404,1.507225573,582,608,3,47,585,655
5385,4.528584659,0.3427168277,1102,1018,8,57,1110,1075
5386,3.68747704,3.600280986,1353,1273,3,123,1356,1396
5387,2.581253188,2.571730857,1059,988,4,69,1063,1057
5388,4.159341846,3.095827055,1612,1449,5,138,1617,1587
5389,4.403732701,0.9560770973,1510,1542,6,99,1516,1641
5390,3.140341193,3.20418349,1341,1162,3,93,1344,1255
5391,5.5876233,2.821050231,1055,985,4,83,1059,1068
5392,1.773673562,2.959145566,1591,1450,5,113,1596,1563
5393,5.241390116,0.0308949323,785,785,3,29,788,814
5394,3.79401982,1.00051244,1317,1177,12,97,1329,1274
5395,4.897119018,3.248164586,1379,1270,6,125,1385,1395
5396,2.279894755,0.5299786399,561,556,2,28,563,584
5397,5.962656741,2.180875134,923,758,2,86,925,844
5398,3.166128894,1.143227931,671,694,0,41,671,735
5399,5.652601593,3.624988238,1164,1117,1,100,1165,1217
5400,4.625597276,1.59600792,1511,1347,10,110,1521,1457
5401,4.040326139,1.545684337,1395,1292,7,83,1402,1375
5402,1.676463456,3.974922191,1558,1461,2,120,1560,1581
5403,3.093584303,0.3905249123,1113,1165,7,55,1120,1220
5404,2.609276772,1.342675407,1297,1194,3,76,1300,1270
5405,3.917841503,3.510441804,969,903,3,83,972,986
5406,5.343856326,2.571767861,1333,1228,1,125,1334,1353
5407,3.972919254,2.195936999,1022,949,4,54,1026,1003
5408,2.248155807,3.114399974,962,891,1,77,963,968
5409,4.396568263,2.608117347,789,719,3,62,792,781
5410,2.590307705,3.940071571,1326,1213,5,103,1331,1316
5411,3.143289412,2.209624245,581,572,0,36,581,608
5412,2.2477055,1.476801188,598,580,2,40,600,620
5413,2.172555829,1.81764038,617,551,2,62,619,613
5414,2.780233226,3.265036667,1522,1385,7,101,1529,1486
5415,3.920599288,0.3056150922,672,672,7,37,679,709
5416,1.728626104,3.683306571,875,797,2,65,877,862
5417,5.236850911,1.123267036,596,583,3,42,599,625
5418,4.912994259,2.280236582,559,563,2,39,561,602
5419,3.561982972,3.986924023,592,527,1,45,593,572
5420,1.91185945,0.7674646669,1380,1332,8,62,1388,1394
5421,4.106673189,0.229081642,806,745,8,38,814,783
5422,2.136716173,1.730978422,1425,1379,5,83,1430,1462
5423,3.303018775,1.655334576,1467,1369,4,100,1471,1469
5424,5.166434495,2.956325441,960,801,0,59,960,860
5425,4.822079014,1.364887431,719,615,4,45,723,660
5426,3.783020928,3.339266165,1400,1278,2,98,1402,1376
5427,5.301319819,2.678875355,592,538,1,45,593,583
5428,3.185246814,1.394359346,1366,1315,7,88,1373,1403
5429,2.541943079,1.871700571,910,833,3,63,913,896
5430,1.006935699,3.973090061,599,564,5,35,604,599
5431,1.710719051,1.630188867,1511,1341,7,95,1518,1436
5432,3.066813453,0.5199001547,720,665,2,39,722,704
5433,3.513718719,0.009312286394,926,870,6,30,932,900
5434,1.465751588,3.612525987,1103,959,7,76,1110,1035
5435,3.53423101,0.8827713711,854,791,4,58,858,849
5436,1.015375825,0.8827365864,743,704,3,33,746,737
5437,2.521505152,3.232919158,1119,997,4,80,1123,1077
5438,2.458571578,0.4055702431,1256,1214,2,63,1258,1277
5439,2.593981157,3.775212771,898,768,3,82,901,850
5440,3.713786054,1.225642525,1341,1231,8,82,1349,1313
5441,2.567336371,1.583287137,827,702,5,44,832,746
5442,4.376251514,1.19790955,1377,1339,6,105,1383,1444
5443,4.45593899,3.297667637,1460,1355,5,145,1465,1500
5444,4.828252481,1.489295607,1081,1034,5,71,1086,1105
5445,4.707169269,2.130176926,1329,1104,3,104,1332,1208
5446,4.339436918,2.158455219,1399,1277,3,109,1402,1386
5447,2.709427779,3.177293494,853,815,7,78,860,893
5448,4.743201498,0.8177665871,1445,1418,3,93,1448,1511
5449,5.943886188,0.3109723249,1034,966,6,53,1040,1019
5450,3.787549573,2.098368778,1085,1047,5,68,1090,1115
5451,1.273569451,3.181868288,1132,1201,5,72,1137,1273
5452,5.19155095,3.176864299,1392,1235,3,116,1395,1351
5453,3.941781226,3.686587523,1093,1005,3,86,1096,1091
5454,3.416141364,0.168705796,1382,1265,7,58,1389,1323
5455,4.6849157,2.886926319,1479,1273,5,133,1484,1406
5456,3.919865954,0.8606463449,1237,1161,4,73,1241,1234
5457,5.07185932,2.667841831,837,800,3,64,840,864
5458,5.295757601,0.3054323031,1585,1548,9,76,1594,1624
5459,5.728870545,1.660648609,707,673,2,50,709,723
5460,2.992637968,3.145855253,1459,1359,4,126,1463,1485
5461,2.182963544,1.220893144,1276,1235,8,85,1284,1320
5462,4.276216879,3.245776615,1193,1098,5,107,1198,1205
5463,3.383180518,0.7213513548,689,622,2,48,691,670
5464,4.135725637,3.696908044,979,906,0,95,979,1001
5465,3.807135808,1.935124277,1111,998,3,88,1114,1086
5466,1.831464144,3.373960395,1335,1189,3,95,1338,1284
5467,5.191036897,2.9037096,1333,1231,4,103,1337,1334
5468,1.209501644,1.351523006,953,971,2,54,955,1025
5469,4.357297827,3.570287756,1428,1305,3,108,1431,1413
5470,5.166976148,1.835375624,724,721,2,49,726,770
5471,1.207207606,3.010506804,1214,1119,2,75,1216,1194
5472,4.21989007,3.019760219,1180,963,5,105,1185,1068
5473,1.898084844,2.710023537,669,675,2,43,671,718
5474,1.820051945,0.8935209366,1052,1009,3,55,1055,1064
5475,1.355756401,0.8844298635,706,638,0,41,706,679
5476,4.523179423,3.232886413,1035,960,0,94,1035,1054
5477,4.470191856,1.337699578,1465,1444,0,91,1465,1535
5478,3.384549511,1.017974165,1215,1136,6,70,1221,1206
5479,5.69401903,1.707861048,1607,1495,3,130,1610,1625
5480,4.149571549,2.275828533,1367,1235,1,126,1368,1361
5481,2.95586629,1.531600695,1282,1184,5,81,1287,1265
5482,2.077317493,3.421843944,765,726,2,54,767,780
5483,2.106777577,1.632506805,667,590,1,35,668,625
5484,5.841302858,3.084197811,1226,1048,0,110,1226,1158
5485,5.205028603,2.153905621,1020,977,4,75,1024,1052
5486,3.448700458,3.955519944,717,609,4,54,721,663
5487,5.664953489,1.252282772,578,564,2,37,580,601
5488,5.262251241,1.649680173,1307,1148,5,95,1312,1243
5489,3.503315279,2.852101355,1574,1477,3,134,1577,1611
5490,4.595377518,3.611490314,1194,1061,1,114,1195,1175
5491,2.767696177,3.303117352,1415,1266,3,106,1418,1372
5492,5.316467559,2.779980795,1489,1358,4,134,1493,1492
5493,5.542472493,3.142362577,1641,1424,6,158,1647,1582
5494,1.893549584,3.532891266,1584,1471,4,154,1588,1625
5495,4.763040999,3.284246757,763,716,4,66,767,782
5496,5.509840137,3.22802725,863,814,1,75,864,889
5497,3.909754281,3.021681182,973,935,7,82,980,1017
5498,1.2690219,3.220991459,1481,1332,3,123,1484,1455
5499,4.762002644,2.386315775,1441,1260,2,118,1443,1378
5500,3.272290597,0.5146402742,1391,1299,11,56,1402,1355
5501,3.085888515,3.095927364,978,980,3,79,981,1059
5502,5.363126986,0.979331032,586,577,3,31,589,608
5503,4.501199522,3.640237726,970,878,2,97,972,975
5504,1.070158854,0.2064438375,1128,1062,9,44,1137,1106
5505,5.964413448,0.31764974,682,678,4,35,686,713
5506,3.42079181,1.935854405,1027,983,2,69,1029,1052
5507,3.69895054,1.612796289,1067,965,3,70,1070,1035
5508,3.577125496,2.568849992,1506,1367,6,119,1512,1486
5509,5.724961081,0.6780324609,835,831,3,59,838,890
5510,2.141663842,3.58996291,938,906,2,70,940,976
5511,3.042328935,0.9486674693,763,723,2,46,765,769
5512,4.939130179,3.926773493,894,809,3,92,897,901
5513,3.289950494,0.7174606999,1041,973,9,65,1050,1038
5514,3.939540803,0.8352191046,576,580,0,33,576,613
5515,3.829111267,2.306137229,658,604,0,41,658,645
5516,3.761596354,0.6438225172,1518,1377,5,76,1523,1453
5517,3.505338413,2.098095794,1452,1382,7,123,1459,1505
5518,4.764542738,0.9749583691,1548,1466,3,112,1551,1578
5519,2.867764191,3.704144487,744,708,0,76,744,784
5520,1.097366,3.502052234,569,558,2,48,571,606
5521,2.798068196,1.990762372,889,835,2,58,891,893
5522,2.445799699,1.203219311,1399,1237,6,63,1405,1300
5523,2.839849717,0.6338195283,1598,1522,9,77,1607,1599
5524,2.983902961,2.884157331,1314,1193,8,85,1322,1278
5525,5.013720896,1.814086374,759,726,0,55,759,781
5526,3.30377618,3.827891355,1611,1437,5,144,1616,1581
5527,4.13143702,3.862008885,1297,1265,5,123,1302,1388
5528,4.434890032,1.729819766,968,918,1,81,969,999
5529,3.391782226,3.592354014,911,799,2,72,913,871
5530,2.090059292,2.412508317,1451,1370,2,118,1453,1488
5531,5.425905622,3.235531804,974,864,2,87,976,951
5532,3.72502019,2.542951599,814,697,4,70,818,767
5533,1.243800841,2.410250194,1364,1288,10,87,1374,1375
5534,4.461582503,2.98662205,1560,1428,6,133,1566,1561
5535,3.890437656,0.7298010624,561,538,1,30,562,568
5536,2.693128624,2.861060941,1076,941,2,103,1078,1044
5537,5.285904328,3.150539154,1020,888,4,100,1024,988
5538,2.00882668,2.168319411,667,679,2,33,669,712
5539,4.613885073,2.802262763,1588,1430,4,135,1592,1565
5540,5.54649532,0.6776727269,790,746,2,47,792,793
5541,4.657004613,0.6334239565,816,768,0,49,816,817
5542,4.494824921,2.725683388,823,763,0,55,823,818
5543,2.01876292,1.610577772,1170,1144,3,69,1173,1213
5544,1.729664387,3.385741194,1275,1198,9,86,1284,1284
5545,1.417392526,0.5173969347,1379,1326,10,61,1389,1387
5546,3.035293397,0.7053000518,1474,1368,3,86,1477,1454
5547,2.894802272,2.848171666,883,849,2,70,885,919
5548,2.377804522,0.4686384182,977,977,5,48,982,1025
5549,5.95243403,3.143948069,1344,1276,1,138,1345,1414
5550,1.905055235,2.197818424,1124,989,3,68,1127,1057
5551,4.814736398,1.470544289,1086,988,7,66,1093,1054
5552,1.822620359,1.163586008,1099,1011,3,60,1102,1071
5553,3.47146095,2.347014733,1290,1234,5,86,1295,1320
5554,2.834132726,2.782639059,617,543,3,46,620,589
5555,3.023272835,1.800934633,1320,1202,5,98,1325,1300
5556,3.21049216,1.429572328,551,573,4,36,555,609
5557,4.182928626,2.776877908,628,543,0,44,628,587
5558,5.999819959,2.076393502,674,671,5,65,679,736
5559,4.5735478,0.02747663059,1586,1491,12,77,1598,1568
5560,2.574849997,1.865962694,1604,1537,5,122,1609,1659
5561,4.407407145,0.4083630002,1501,1403,7,79,1508,1482
5562,1.351505627,3.37793331,1179,1109,3,74,1182,1183
5563,5.438274504,1.112811562,1038,962,3,57,1041,1019
5564,1.603818861,0.6533527573,1359,1332,7,66,1366,1398
5565,3.613691425,1.304580839,805,773,2,48,807,821
5566,5.964759676,0.8047142169,1392,1330,7,101,1399,1431
5567,5.362668928,1.826530442,591,590,2,46,593,636
5568,5.141951473,2.713318865,765,748,3,58,768,806
5569,3.395181593,3.04819448,691,637,1,59,692,696
5570,1.404244766,1.485854276,1599,1556,5,91,1604,1647
5571,3.700085231,1.866119774,1295,1160,3,82,1298,1242
5572,4.589516221,0.9134188427,941,967,4,70,945,1037
5573,5.807649247,3.343571321,1109,1056,3,88,1112,1144
5574,1.404620622,2.50323442,703,677,2,54,705,731
5575,3.221749695,1.257794363,1580,1439,9,90,1589,1529
5576,4.14072684,2.633984504,1247,1223,4,118,1251,1341
5577,3.530658734,1.182883438,1052,1073,5,68,1057,1141
5578,5.464170766,0.1645953274,899,842,2,43,901,885
5579,3.612185026,1.099363781,1043,951,2,60,1045,1011
5580,3.233836069,2.156762392,748,738,3,57,751,795
5581,5.280115108,1.450807744,1554,1490,6,126,1560,1616
5582,1.687343256,2.792766341,1352,1351,6,86,1358,1437
5583,5.862472398,1.418399437,718,680,5,42,723,722
5584,2.279848368,2.679233081,1266,1183,4,108,1270,1291
5585,3.327313822,3.63263604,1394,1349,8,138,1402,1487
5586,1.228090671,3.228451874,1595,1404,9,117,1604,1521
5587,5.481337218,3.367461652,826,708,0,62,826,770
5588,4.352064671,1.470543437,1542,1453,5,130,1547,1583
5589,5.754032611,1.629158606,827,716,2,64,829,780
5590,5.371386011,2.91414294,1490,1358,9,128,1499,1486
5591,2.402248839,0.6147105284,1105,992,5,60,1110,1052
5592,3.448441738,2.683430896,924,847,3,65,927,912
5593,5.373782477,0.1770623901,662,672,5,34,667,706
5594,3.52139075,1.510134824,809,756,2,54,811,810
5595,2.400915525,0.9782054174,1565,1523,9,90,1574,1613
5596,3.171860466,2.772342344,1098,1040,4,68,1102,1108
5597,3.030863889,3.238056684,1498,1357,6,93,1504,1450
5598,5.971990502,0.5533738661,600,585,2,35,602,620
5599,5.97232902,3.942242073,754,674,1,80,755,754
5600,4.476901395,0.01144933383,1286,1225,9,49,1295,1274
5601,3.598072405,0.3998020348,789,765,4,44,793,809
5602,5.461841022,0.7731767536,1575,1474,9,85,1584,1559
5603,1.385210665,3.541127603,1099,1004,5,82,1104,1086
5604,5.142887019,0.3142545987,1538,1468,8,80,1546,1548
5605,3.36687566,2.993273985,1388,1307,6,108,1394,1415
5606,3.53366921,2.662596082,1173,1133,3,78,1176,1211
5607,4.386374094,1.864885907,908,772,4,61,912,833
5608,1.735439753,0.05571950955,844,744,5,27,849,771
5609,3.746903065,0.7927711528,1557,1502,6,92,1563,1594
5610,1.692050235,3.683819393,1256,1162,4,98,1260,1260
5611,5.370407278,3.406285847,1357,1226,3,136,1360,1362
5612,4.95701181,0.5083882526,1377,1311,8,68,1385,1379
5613,1.442051594,1.674177192,1194,1148,10,85,1204,1233
5614,1.875868339,2.991070012,906,837,4,67,910,904
5615,5.583409972,0.2073307281,864,832,6,49,870,881
5616,1.432708885,3.359542536,779,739,6,52,785,791
5617,1.913149472,0.04497551046,1263,1211,9,45,1272,1256
5618,1.198602937,2.700975637,1126,1140,6,73,1132,1213
5619,1.827171834,2.197725204,985,891,3,67,988,958
5620,4.462561574,2.038718046,665,605,2,51,667,656
5621,5.304975225,2.092812751,908,789,3,67,911,856
5622,1.663750913,1.447276419,1277,1212,11,54,1288,1266
5623,2.732535193,1.226577195,830,723,2,58,832,781
5624,5.869464043,0.7716543171,1389,1310,7,101,1396,1411
5625,3.954869345,2.163412738,1213,1143,3,75,1216,1218
5626,3.585484656,1.168628835,661,639,4,63,665,702
5627,5.890231808,1.801814014,1063,1035,4,75,1067,1110
5628,5.170197134,0.708905987,783,795,2,28,785,823
5629,2.069518207,1.406312396,1391,1283,5,80,1396,1363
5630,5.625891405,1.365066587,672,637,2,42,674,679
5631,5.357939385,1.359454084,1626,1439,6,91,1632,1530
5632,2.087813481,3.512250739,1064,1003,2,88,1066,1091
5633,3.651428825,2.796297246,1138,1059,1,100,1139,1159
5634,5.489445963,2.870503908,670,621,0,64,670,685
5635,3.916739474,1.383049022,549,573,2,42,551,615
5636,5.591586531,2.654788003,565,583,1,63,566,646
5637,4.223580055,3.069609024,1549,1427,6,161,1555,1588
5638,2.48010092,3.359303841,1575,1440,4,126,1579,1566
5639,1.46936894,3.054771812,1173,1044,8,91,1181,1135
5640,4.229694653,3.543285655,798,717,3,69,801,786
5641,4.14446113,2.91142638,1340,1195,1,108,1341,1303
5642,5.609328118,2.480383214,1537,1340,4,123,1541,1463
5643,1.780832753,0.3371236517,609,564,4,28,613,592
5644,1.777680027,1.126092882,1618,1543,5,97,1623,1640
5645,3.389584815,2.550219261,1266,1205,4,96,1270,1301
5646,2.386049456,3.553864736,708,624,3,52,711,676
5647,5.696274795,3.72847643,1020,867,2,109,1022,976
5648,5.276785956,2.895357248,759,756,1,72,760,828
5649,5.735678579,3.198894152,1124,984,2,109,1126,1093
5650,5.004460532,3.785015365,766,714,5,68,771,782
5651,5.357848439,0.02909260995,842,711,3,43,845,754
5652,4.002155317,3.24897872,955,906,5,70,960,976
5653,3.359581579,0.8113215227,1608,1433,5,97,1613,1530
5654,1.388104067,2.479811288,685,653,2,41,687,694
5655,4.28002107,1.938146047,995,917,3,68,998,985
5656,2.645423791,2.465999976,1190,1080,4,99,1194,1179
5657,1.620313656,2.267083027,1118,1026,3,78,1121,1104
5658,4.789588062,0.6874340555,694,665,3,32,697,697
5659,4.749186239,2.812381123,874,817,3,76,877,893
5660,3.589039426,0.4343543735,581,568,6,17,587,585
5661,1.079625902,1.364761972,1605,1488,7,83,1612,1571
5662,5.19462685,1.178867369,885,851,4,61,889,912
5663,3.375764097,0.2123195828,1042,1052,8,31,1050,1083
5664,1.560461484,3.489961415,1061,1040,5,81,1066,1121
5665,3.314200222,3.583538435,1467,1356,6,112,1473,1468
5666,3.53998184,0.1929338645,1477,1395,10,83,1487,1478
5667,2.570967703,1.745554164,952,852,3,59,955,911
5668,2.300497449,0.8766532135,1281,1211,9,72,1290,1283
5669,5.958879029,3.152317619,1368,1315,3,143,1371,1458
5670,5.315764187,2.676673552,1106,1028,5,105,1111,1133
5671,3.713429475,2.797036743,886,776,4,70,890,846
5672,5.240717326,1.689656633,651,550,1,40,652,590
5673,5.379558293,2.210165515,875,828,4,76,879,904
5674,5.75833937,0.4288324828,591,568,3,39,594,607
5675,4.235500954,1.688344434,1262,1098,3,81,1265,1179
5676,4.956811554,3.583570914,1550,1482,1,136,1551,1618
5677,1.198126205,2.416700467,1209,1076,3,74,1212,1150
5678,1.060177459,2.392874823,682,659,5,45,687,704
5679,2.404335804,3.228453549,1297,1257,5,110,1302,1367
5680,2.933521616,2.899503648,1482,1375,5,118,1487,1493
5681,2.034917527,2.592073406,553,560,2,49,555,609
5682,2.733172996,0.2544609491,961,982,7,47,968,1029
5683,2.880440446,3.164541398,1382,1219,5,113,1387,1332
5684,5.776642681,0.503635704,969,1004,2,68,971,1072
5685,2.290280432,0.4073081946,1465,1417,5,60,1470,1477
5686,1.701548663,0.6803905883,1314,1246,7,69,1321,1315
5687,4.036881856,3.252669866,1590,1445,10,143,1600,1588
5688,3.165148633,0.06221781558,1033,1011,9,42,1042,1053
5689,1.205610803,2.551016559,609,539,4,38,613,577
5690,4.83589071,3.611028206,823,678,6,73,829,751
5691,1.115810171,1.930478327,1543,1507,9,95,1552,1602
5692,4.003638593,0.8586920191,1111,1013,6,83,1117,1096
5693,3.154252462,3.932497371,1410,1259,4,130,1414,1389
5694,3.379411775,1.313666701,1504,1380,5,75,1509,1455
5695,2.219028869,2.344257701,893,847,3,58,896,905
5696,4.406912666,3.40716442,1188,1041,1,112,1189,1153
5697,2.37346823,2.74311603,1191,1125,6,91,1197,1216
5698,2.913096857,0.06747625245,1091,1059,6,43,1097,1102
5699,5.728570645,2.060227602,1083,1055,6,87,1089,1142
5700,2.746581173,2.654353644,570,537,0,51,570,588
5701,5.976699166,2.527441045,1385,1255,7,126,1392,1381
5702,2.289099648,3.311030618,961,933,2,65,963,998
5703,1.167076947,3.111565387,857,792,2,65,859,857
5704,4.453380176,2.7363285,708,656,3,58,711,714
5705,1.283675087,2.876823928,695,642,2,48,697,690
5706,2.525043232,2.721851762,1576,1434,8,107,1584,1541
5707,1.40383021,2.391147492,628,612,5,51,633,663
5708,2.107569661,1.117614863,767,773,2,50,769,823
5709,4.004449673,2.423971644,1292,1194,2,94,1294,1288
5710,4.850228146,1.401680665,1273,1249,4,93,1277,1342
5711,4.181467203,0.5280005667,915,829,4,54,919,883
5712,1.933087693,3.70564486,606,550,2,57,608,607
5713,2.317413829,3.756358746,662,627,1,57,663,684
5714,1.829758805,0.7824215649,1372,1319,2,73,1374,1392
5715,3.703273618,0.7971217686,900,894,8,61,908,955
5716,3.125168621,2.379416898,894,797,2,65,896,862
5717,3.832838903,0.03281291363,581,552,3,21,584,573
5718,5.666372324,2.54009781,1171,1081,3,108,1174,1189
5719,5.341862823,3.62232737,1441,1297,3,146,1444,1443
5720,2.85053703,1.152040726,962,922,2,59,964,981
5721,3.677197248,0.7322630052,1268,1298,8,73,1276,1371
5722,3.533918451,3.759192375,773,734,0,68,773,802
5723,1.777096731,3.842105998,1418,1312,4,113,1422,1425
5724,1.341504918,2.751158485,575,553,0,32,575,585
5725,5.361283971,3.723870088,1479,1334,3,149,1482,1483
5726,4.647259464,3.263406278,1238,1104,3,88,1241,1192
5727,4.344202527,0.5772165456,898,845,4,55,902,900
5728,4.243554981,1.151237069,620,564,2,36,622,600
5729,1.191381966,0.1644284099,821,792,7,29,828,821
5730,3.644965224,0.379415133,1236,1159,5,74,1241,1233
5731,5.52743101,2.056524857,1491,1337,6,113,1497,1450
5732,5.642370753,3.558459132,657,652,2,62,659,714
5733,2.151475901,1.205479857,564,567,3,26,567,593
5734,1.985653633,3.156545989,982,939,6,59,988,998
5735,1.67899541,1.054417636,674,694,5,36,679,730
5736,4.100278186,0.976389855,591,535,3,39,594,574
5737,2.704408872,0.2942840877,1122,1035,10,46,1132,1081
5738,5.047036682,0.7049259924,1301,1153,4,82,1305,1235
5739,2.265792125,0.2915381451,1296,1176,2,61,1298,1237
5740,1.815172131,1.327323384,969,897,4,50,973,947
5741,4.834021707,1.278453576,1413,1300,6,97,1419,1397
5742,3.423511336,0.612337948,1317,1295,5,81,1322,1376
5743,2.649050555,1.722999963,1246,1203,11,81,1257,1284
5744,1.266925695,1.439173517,1063,1044,4,71,1067,1115
5745,1.255060765,3.299893128,1048,994,3,80,1051,1074
5746,5.838179174,3.546620636,895,780,1,102,896,882
5747,4.606611229,2.656390592,1591,1426,3,132,1594,1558
5748,5.303631316,0.5738652542,1360,1260,3,92,1363,1352
5749,2.86779198,2.332259452,975,902,2,58,977,960
5750,1.314937081,2.07621738,1563,1509,8,96,1571,1605
5751,2.008711202,0.1826518636,1598,1515,6,81,1604,1596
5752,4.327870578,1.473130202,1471,1408,5,105,1476,1513
5753,3.005074608,0.981595448,803,816,2,49,805,865
5754,2.101255968,1.404424865,1605,1466,8,95,1613,1561
5755,1.681379231,1.024073146,1166,1181,9,60,1175,1241
5756,1.13484163,2.13605456,613,553,3,35,616,588
5757,2.633730019,2.984326657,1556,1461,5,122,1561,1583
5758,5.304969715,2.698044081,697,657,3,56,700,713
5759,3.498457313,3.170031446,770,732,1,72,771,804
5760,5.844561985,1.12218327,789,757,5,56,794,813
5761,4.485288659,1.747823194,848,829,5,54,853,883
5762,5.923645423,2.322714144,1327,1176,5,117,1332,1293
5763,1.996397246,2.231906654,1176,1141,6,71,1182,1212
5764,5.065958113,0.2489551074,1609,1501,7,86,1616,1587
5765,4.531839925,1.083469151,999,972,3,65,1002,1037
5766,5.867866646,1.488608053,1318,1242,3,103,1321,1345
5767,2.127597319,0.1463000347,1131,1029,7,36,1138,1065
5768,5.447696725,1.867610869,787,734,2,61,789,795
5769,1.73397812,0.6824956267,934,816,7,37,941,853
5770,3.119442714,0.7529145995,1012,931,6,36,1018,967
5771,2.190908238,3.57529077,554,535,3,36,557,571
5772,4.262113162,2.620160486,1464,1412,6,133,1470,1545
5773,3.659722128,0.6906161355,1401,1321,9,88,1410,1409
5774,4.349194877,2.469845742,1133,1113,2,82,1135,1195
5775,3.589326097,0.7283108655,802,713,2,37,804,750
5776,1.968279059,2.228940112,1321,1186,2,79,1323,1265
5777,5.004533657,2.126545502,1188,1066,3,91,1191,1157
5778,2.495164913,1.928072172,987,886,2,75,989,961
5779,2.717145722,1.995186676,911,816,1,71,912,887
5780,4.023538095,1.878870174,596,561,2,42,598,603
5781,5.390790752,1.91685437,1452,1355,5,111,1457,1466
5782,3.387031933,3.3475814,929,942,3,87,932,1029
5783,4.099564151,2.260016686,1304,1300,3,101,1307,1401
5784,3.09811124,0.3301119566,777,767,3,42,780,809
5785,1.104907301,0.5653638287,1196,1112,8,59,1204,1171
5786,1.67284235,3.63805273,740,596,3,41,743,637
5787,1.321804335,0.2147762337,1132,1155,8,48,1140,1203
5788,3.47410969,2.319758766,1183,1122,8,83,1191,1205
5789,2.940934786,0.7457147773,1462,1395,7,78,1469,1473
5790,5.087331715,0.4569342067,1306,1250,5,67,1311,1317
5791,3.926634711,3.011440307,1500,1315,5,114,1505,1429
5792,2.521548919,3.919662549,687,616,4,44,691,660
5793,4.327074655,2.792980763,1318,1172,3,120,1321,1292
5794,2.970542983,2.60654294,1073,988,4,77,1077,1065
5795,3.93230784,3.995700092,958,909,1,87,959,996
5796,3.860130816,1.589534778,1309,1235,5,85,1314,1320
5797,2.602904661,1.789166521,595,551,1,35,596,586
5798,2.792335054,3.554792417,944,959,1,81,945,1040
5799,1.375166375,1.835612171,1019,962,6,56,1025,1018
5800,2.818973902,1.925662984,961,987,5,76,966,1063
5801,1.710524304,2.694242808,994,914,4,73,998,987
5802,1.420723917,3.671369696,1166,1068,8,87,1174,1155
5803,2.452296173,2.371341265,737,688,2,43,739,731
5804,3.429576086,0.1467649465,981,917,6,35,987,952
5805,2.344065459,1.746318924,695,655,1,41,696,696
5806,4.058958061,1.559479376,1406,1320,5,98,1411,1418
5807,4.961225002,1.444807549,1393,1228,5,105,1398,1333
5808,5.025104096,1.024785921,1145,1130,3,66,1148,1196
5809,1.903287205,3.50641275,791,779,3,60,794,839
5810,5.816528538,3.066296196,944,892,0,75,944,967
5811,4.183039567,3.667037292,1146,1105,2,94,1148,1199
5812,5.719317892,0.8735468314,1361,1262,8,98,1369,1360
5813,5.013520867,2.897742846,1060,1010,4,94,1064,1104
5814,4.334773711,2.14845785,1612,1454,3,106,1615,1560
5815,3.442112223,0.9648962568,1511,1452,4,85,1515,1537
5816,3.699291012,0.390464285,817,775,1,47,818,822
5817,3.573304937,1.574169163,1354,1280,7,102,1361,1382
5818,3.498277401,3.705735962,810,693,5,71,815,764
5819,5.040217098,2.525461892,576,563,2,53,578,616
5820,2.33011782,3.551172144,1390,1229,8,120,1398,1349
5821,3.791539644,1.153508808,1371,1292,3,86,1374,1378
5822,5.930087495,0.04908585145,1153,1122,6,57,1159,1179
5823,4.876933172,0.4559032348,690,646,5,33,695,679
5824,4.140710491,1.524527341,557,543,2,52,559,595
5825,5.137677307,0.6387498782,1253,1215,5,68,1258,1283
5826,4.378360185,3.393148871,1101,979,1,91,1102,1070
5827,4.307222591,0.509665191,1277,1210,2,74,1279,1284
5828,2.651634265,0.2784309398,708,692,5,26,713,718
5829,5.353864661,1.634963084,553,556,0,54,553,610
5830,5.028551999,0.8561544624,826,734,3,45,829,779
5831,5.859224319,1.378650777,592,576,2,37,594,613
5832,1.022677482,2.709730992,1030,1003,3,62,1033,1065
5833,4.641269805,2.191895118,1459,1445,6,133,1465,1578
5834,3.297238679,3.738689812,1548,1415,2,162,1550,1577
5835,3.109894684,0.6790730549,1559,1526,6,113,1565,1639
5836,3.134742036,2.27391941,1381,1254,5,101,1386,1355
5837,4.460367142,3.62245706,881,823,4,75,885,898
5838,2.480058276,0.7771462112,704,679,1,31,705,710
5839,3.129546559,0.4493140833,981,932,5,56,986,988
5840,1.772213259,1.26245598,1583,1565,11,87,1594,1652
5841,2.483277979,2.362982487,1405,1279,5,103,1410,1382
5842,1.781706511,0.06211017887,691,684,6,30,697,714
5843,1.26146552,3.408382173,794,711,2,49,796,760
5844,5.715847516,3.702897847,1312,1126,4,136,1316,1262
5845,1.993980586,3.102511917,775,741,1,52,776,793
5846,1.683966864,3.538533168,570,557,3,47,573,604
5847,4.479253294,2.873579029,1138,1040,2,106,1140,1146
5848,2.382985474,3.283806367,1144,1123,2,85,1146,1208
5849,5.106372739,0.7165773375,611,559,1,41,612,600
5850,2.310615819,2.807124553,598,523,3,40,601,563
5851,5.225435287,3.535396847,1043,855,2,83,1045,938
5852,4.819411684,0.2759924123,581,539,3,33,584,572
5853,3.825196389,0.04992000273,944,938,6,40,950,978
5854,2.714925949,3.329738102,1323,1186,7,112,1330,1298
5855,3.938912067,3.17703504,958,913,4,88,962,1001
5856,5.665893728,0.1810850965,883,856,3,46,886,902
5857,4.241893745,2.022457156,1600,1490,3,121,1603,1611
5858,4.339960761,0.5718307673,1508,1383,5,90,1513,1473
5859,5.258575376,1.683280362,1582,1453,7,114,1589,1567
5860,4.895463886,2.92992489,731,576,1,71,732,647
5861,4.525225182,0.9284457492,1602,1421,12,80,1614,1501
5862,1.011392101,1.261579637,1272,1213,1,65,1273,1278
5863,3.448552327,1.255022046,1415,1321,4,87,1419,1408
5864,5.31404666,1.61515788,876,841,4,65,880,906
5865,2.080473598,2.600041969,1177,1111,8,77,1185,1188
5866,3.969039023,1.280491667,713,648,3,51,716,699
5867,3.989144017,3.228477785,916,955,5,71,921,1026
5868,2.484072075,2.269739883,912,878,5,67,917,945
5869,5.089900437,0.9388467678,825,700,0,39,825,739
5870,5.868858756,3.936314097,1500,1451,7,159,1507,1610
5871,3.911631735,2.024180964,594,532,3,51,597,583
5872,2.990002173,0.4523413559,882,883,2,56,884,939
5873,4.536476242,3.438811091,542,523,2,51,544,574
5874,4.962516594,0.2709562082,796,692,7,48,803,740
5875,3.681426976,0.3688457325,1607,1520,7,72,1614,1592
5876,5.209588243,0.4823507872,1112,994,3,63,1115,1057
5877,1.55847346,3.014285729,1647,1411,6,136,1653,1547
5878,1.275817479,0.9784276901,1309,1204,8,69,1317,1273
5879,1.901304778,3.060354295,801,759,4,58,805,817
5880,3.984539204,0.5437141705,1111,1033,3,57,1114,1090
5881,3.668739566,3.201177018,904,799,1,63,905,862
5882,3.66793527,1.949111621,821,742,1,63,822,805
5883,3.998312526,3.289473333,1569,1395,4,143,1573,1538
5884,4.587769218,2.059861515,1080,975,4,85,1084,1060
5885,5.13775862,2.81201654,913,797,0,79,913,876
5886,4.750104695,3.317190914,1383,1219,3,129,1386,1348
5887,2.611125201,1.115680864,1050,1020,8,52,1058,1072
5888,5.835795572,2.460167141,671,626,2,47,673,673
5889,1.300902906,1.780422745,700,681,3,45,703,726
5890,5.973065004,1.117633139,867,829,2,60,869,889
5891,5.338512933,2.298320901,1386,1275,5,121,1391,1396
5892,5.477737411,0.9251628264,995,917,4,52,999,969
5893,2.547707539,0.7200455649,795,739,4,35,799,774
5894,4.542943127,2.947149586,1156,1070,0,95,1156,1165
5895,5.629841276,3.696552501,1456,1301,7,144,1463,1445
5896,5.493370062,2.065205635,1015,891,2,65,1017,956
5897,5.837257871,2.096644137,607,553,0,43,607,596
5898,5.267117042,0.7784903656,1070,924,5,64,1075,988
5899,4.464202407,1.820088027,585,568,4,42,589,610
5900,1.236736845,0.6011504893,931,869,5,41,936,910
5901,2.617903289,2.058345278,1142,1128,5,71,1147,1199
5902,3.835538686,1.629781956,926,818,6,46,932,864
5903,1.395024224,0.6242535719,703,658,4,34,707,692
5904,2.312987853,0.7787445652,1544,1527,9,90,1553,1617
5905,3.531597289,0.06264391348,1357,1356,9,47,1366,1403
5906,5.256925213,1.681917529,1384,1287,4,103,1388,1390
5907,5.745077306,3.248710504,1370,1193,1,141,1371,1334
5908,3.552012647,3.056860084,1003,921,5,64,1008,985
5909,1.896960686,3.342513349,670,617,0,51,670,668
5910,2.871846724,1.054495521,1397,1290,9,95,1406,1385
5911,2.173865388,3.139944,1352,1191,4,121,1356,1312
5912,5.325212613,0.1757822487,1429,1431,10,94,1439,1525
5913,5.566941451,3.144467579,710,635,0,71,710,706
5914,5.252995284,3.152263874,1148,1107,3,116,1151,1223
5915,5.467158097,0.3242011095,1635,1514,6,82,1641,1596
5916,5.959419789,2.575494514,1581,1455,6,133,1587,1588
5917,1.266553368,0.8083182852,1198,1145,6,60,1204,1205
5918,1.250553199,2.401266395,567,591,3,38,570,629
5919,5.067309055,2.131067231,1462,1376,6,124,1468,1500
5920,4.295787207,0.9553055911,1380,1292,3,83,1383,1375
5921,4.1776633,2.986450456,1494,1344,1,136,1495,1480
5922,4.523150927,3.689155593,718,663,1,51,719,714
5923,4.528237948,0.4806666282,1472,1399,10,81,1482,1480
5924,3.592358985,2.365621726,594,564,1,37,595,601
5925,3.130270491,2.730993129,1088,1152,5,90,1093,1242
5926,4.386272015,1.347277293,1179,1102,5,80,1184,1182
5927,4.384822739,3.097518669,1101,1035,2,87,1103,1122
5928,4.420287141,2.611264771,808,743,3,74,811,817
5929,3.781862218,0.6816853164,953,956,3,62,956,1018
5930,5.053744008,2.343146977,832,741,2,76,834,817
5931,4.814079137,2.353421234,1238,1060,2,96,1240,1156
5932,2.840786636,3.037389045,1502,1469,2,137,1504,1606
5933,2.100271375,1.712256733,1186,1088,3,70,1189,1158
5934,5.153093599,2.930958977,1005,924,2,75,1007,999
5935,2.170027418,2.699088532,807,736,3,56,810,792
5936,4.782675298,1.176092714,884,850,1,63,885,913
5937,4.601164933,2.091555357,1326,1199,3,107,1329,1306
5938,4.870467442,3.560495207,1138,1115,3,118,1141,1233
5939,2.616458335,2.0653922,1336,1142,5,101,1341,1243
5940,4.63960793,1.54829295,1363,1300,7,114,1370,1414
5941,1.094689223,0.9427769584,1001,958,6,41,1007,999
5942,3.96163385,2.150577007,628,584,0,40,628,624
5943,1.387410281,0.2203907774,1320,1207,1,57,1321,1264
5944,3.224346517,2.03924048,716,644,1,58,717,702
5945,1.742078328,0.003876874327,1476,1431,16,51,1492,1482
5946,5.36349893,3.524025973,1142,999,3,106,1145,1105
5947,4.965307366,0.9662717408,873,833,5,72,878,905
5948,3.935788789,3.624263001,1057,1054,2,102,1059,1156
5949,3.49743309,0.09209474807,1533,1460,9,75,1542,1535
5950,3.819275254,1.285376485,1473,1392,1,80,1474,1472
5951,1.337943834,0.4199427498,1120,1151,6,64,1126,1215
5952,4.678860131,1.483729342,1470,1348,6,84,1476,1432
5953,4.693368557,1.479746778,574,551,1,34,575,585
5954,1.417513108,2.654498677,1028,858,3,69,1031,927
5955,2.692410534,2.028134063,858,831,4,70,862,901
5956,4.616566528,1.320946571,959,992,3,72,962,1064
5957,4.927902361,2.662946539,1292,1188,3,114,1295,1302
5958,1.953581311,1.469820302,1015,1088,4,72,1019,1160
5959,5.559874286,1.630468854,744,738,1,60,745,798
5960,3.775102333,0.4545113826,1221,1196,3,68,1224,1264
5961,5.82288087,1.020034547,1404,1250,3,84,1407,1334
5962,1.471563961,2.323856797,988,926,4,56,992,982
5963,3.261900939,2.963551118,691,676,2,57,693,733
5964,3.703814294,0.004581313459,783,793,5,32,788,825
5965,1.306877768,1.581168032,907,850,2,49,909,899
5966,2.316216115,0.7106386391,1290,1186,5,73,1295,1259
5967,4.149433123,0.9121666986,561,549,3,29,564,578
5968,5.741538141,0.4710980887,1066,1026,6,55,1072,1081
5969,1.680273888,0.2310386481,1201,1132,7,49,1208,1181
5970,1.613726209,3.402448186,771,741,2,57,773,798
5971,3.200709948,1.437150726,1088,1013,4,82,1092,1095
5972,2.59987888,2.075433633,1301,1152,0,94,1301,1246
5973,3.46264066,0.541135408,576,571,4,20,580,591
5974,2.506565091,2.873059046,1283,1155,3,78,1286,1233
5975,5.036583802,2.485840917,1297,1149,2,101,1299,1250
5976,2.217434399,3.92275631,1145,1010,1,96,1146,1106
5977,1.612744419,1.127048384,1285,1237,5,80,1290,1317
5978,5.254774494,1.534883615,761,710,2,60,763,770
5979,2.323899464,2.733269551,857,761,3,46,860,807
5980,5.465742595,1.642148769,1213,1100,1,81,1214,1181
5981,4.503208516,2.952577311,1410,1342,3,126,1413,1468
5982,5.481862463,3.481721876,1499,1342,3,160,1502,1502
5983,3.410691677,3.18861558,1298,1224,4,105,1302,1329
5984,1.345718328,2.44770759,1332,1308,4,87,1336,1395
5985,5.832137435,1.149367916,805,733,2,56,807,789
5986,3.443981037,2.976410604,1063,1017,2,97,1065,1114
5987,2.954634516,3.465122342,844,794,3,72,847,866
5988,2.991213261,2.787473632,829,798,3,53,832,851
5989,5.971272939,1.869472283,768,730,3,66,771,796
5990,4.367233523,1.657018039,1545,1457,5,108,1550,1565
5991,5.307641691,3.49470197,702,639,1,60,703,699
5992,2.807404461,3.048153891,581,561,2,47,583,608
5993,1.789986857,3.908419729,984,981,5,80,989,1061
5994,3.683749381,1.684036227,603,563,3,46,606,609
5995,3.406271332,1.718902997,1319,1310,6,105,1325,1415
5996,1.049374264,1.009094966,1046,1030,5,53,1051,1083
5997,2.352732518,2.120520311,980,868,5,74,985,942
5998,2.695560809,0.2785188993,1541,1406,8,61,1549,1467
5999,3.873799376,1.394658063,715,641,3,48,718,689
6000,4.342050646,1.457486709,584,517,2,34,586,551
6001,2.304412839,0.5361484598,1285,1183,5,80,1290,1263
6002,2.661880754,0.5345293859,1289,1239,8,54,1297,1293
6003,5.492957346,2.401093936,1315,1212,5,112,1320,1324
6004,2.246739018,1.762753888,842,771,2,48,844,819
6005,5.761413324,0.6143488573,664,684,1,37,665,721
6006,1.707947673,3.096756903,1306,1182,6,95,1312,1277
6007,4.229804812,0.2928349918,1336,1328,2,79,1338,1407
6008,2.755893351,3.862125577,1385,1263,5,128,1390,1391
6009,1.628899779,1.343433171,593,583,4,36,597,619
6010,2.671457828,0.4062465657,1497,1445,5,73,1502,1518
6011,1.961335277,1.696603052,1612,1520,2,81,1614,1601
6012,3.496810965,1.324035951,1112,1042,5,61,1117,1103
6013,4.645165007,1.029180175,1476,1438,10,106,1486,1544
6014,3.419656185,2.385799922,784,749,3,62,787,811
6015,2.500756247,0.6580705035,781,678,2,55,783,733
6016,3.08906429,1.111269188,1128,1151,6,76,1134,1227
6017,4.347533752,2.550022894,1404,1328,3,121,1407,1449
6018,2.596731158,2.257244387,972,956,2,59,974,1015
6019,1.969493315,2.262052017,1396,1421,6,103,1402,1524
6020,2.121086157,1.74786201,1040,897,2,61,1042,958
6021,5.738120197,1.855938261,1053,979,2,83,1055,1062
6022,2.302986061,2.514363095,1622,1432,9,121,1631,1553
6023,1.59429457,1.732864928,707,614,3,54,710,668
6024,4.376600613,2.967792923,1598,1381,3,148,1601,1529
6025,2.793482121,1.227771235,562,554,1,30,563,584
6026,5.500242902,0.07170148381,647,681,3,30,650,711
6027,3.317880752,2.443600408,1096,1031,5,98,1101,1129
6028,1.763709237,2.922776003,1254,1171,5,89,1259,1260
6029,5.219483149,2.225103628,871,858,4,77,875,935
6030,4.780427033,0.8009182041,1104,1083,4,82,1108,1165
6031,4.202369136,3.81156153,1587,1523,6,124,1593,1647
6032,2.584857216,3.340779168,962,909,1,61,963,970
6033,2.741766395,3.084262848,765,708,3,53,768,761
6034,3.634109296,3.272598742,1135,1053,3,88,1138,1141
6035,4.136983141,3.730792247,1598,1404,3,162,1601,1566
6036,2.561928238,0.8477759679,972,916,3,49,975,965
6037,4.211683774,3.185687596,1590,1387,3,146,1593,1533
6038,3.675650455,0.8362660933,745,688,2,35,747,723
6039,2.273897149,1.697840737,833,781,2,52,835,833
6040,3.087303546,0.08026457788,567,601,1,20,568,621
6041,5.005837014,2.406697934,910,837,4,66,914,903
6042,1.066979389,3.247955129,985,952,3,62,988,1014
6043,3.901233286,0.1211137399,1051,942,8,43,1059,985
6044,3.609179888,1.158216999,1573,1526,8,117,1581,1643
6045,5.420359089,0.8455181125,1118,1031,8,61,1126,1092
6046,3.576703866,0.5861914057,1382,1299,4,82,1386,1381
6047,3.430773402,0.5002503002,1145,1006,5,82,1150,1088
6048,1.713409319,3.723164651,991,919,4,77,995,996
6049,1.256044784,1.745141964,849,839,5,60,854,899
6050,4.579450469,3.896069347,986,883,2,98,988,981
6051,5.383498547,3.769204755,595,552,3,60,598,612
6052,3.807811312,1.715771409,782,709,3,58,785,767
6053,4.359906667,0.2700982347,1029,1010,5,55,1034,1065
6054,4.628426057,2.105043377,1291,1158,8,96,1299,1254
6055,2.618586751,1.57954941,783,744,3,39,786,783
6056,5.288570457,1.028161579,1366,1259,8,82,1374,1341
6057,1.911598409,2.083520693,1417,1330,2,77,1419,1407
6058,4.264583745,2.210255552,1201,1097,2,88,1203,1185
6059,1.429470181,3.533210585,1570,1579,6,138,1576,1717
6060,2.355630133,1.941967475,947,916,5,70,952,986
6061,1.75733643,0.8857303391,938,925,6,55,944,980
6062,4.011649396,0.09590773217,1472,1412,6,58,1478,1470
6063,4.369102577,2.200513401,602,539,1,43,603,582
6064,1.20447811,2.655145318,1215,1179,7,85,1222,1264
6065,3.549744506,1.705606625,799,703,1,42,800,745
6066,1.046715492,2.899783754,665,645,2,54,667,699
6067,3.36181329,3.204083371,602,538,2,39,604,577
6068,3.9179308,3.447084646,859,794,0,81,859,875
6069,2.585952909,0.07402570909,1399,1337,9,59,1408,1396
6070,3.377903549,3.665696523,579,572,2,68,581,640
6071,1.831808951,0.839935152,799,752,6,47,805,799
6072,3.056902489,1.522555383,1208,1166,6,80,1214,1246
6073,4.337662054,3.200274824,688,637,1,59,689,696
6074,1.717058009,2.248739304,929,874,5,72,934,946
6075,2.700865642,1.573904222,1482,1417,4,107,1486,1524
6076,2.960301369,0.3967741417,1210,1115,8,63,1218,1178
6077,3.094484788,1.108256509,680,635,3,42,683,677
6078,1.839017478,1.187073059,675,654,2,42,677,696
6079,3.440132216,2.272373588,1461,1368,5,122,1466,1490
6080,2.937494972,2.863796925,1257,1170,5,113,1262,1283
6081,4.256815668,0.8702088757,1222,1158,3,61,1225,1219
6082,5.769611665,1.242447862,981,917,2,57,983,974
6083,3.366876641,3.815328033,1517,1315,3,119,1520,1434
6084,1.143040316,2.799473028,1361,1196,7,78,1368,1274
6085,2.310885717,3.546645313,1395,1240,5,118,1400,1358
6086,3.793129297,2.531198417,705,697,3,45,708,742
6087,1.250361108,1.028032501,1130,1153,8,64,1138,1217
6088,5.291774528,2.5946143,1478,1331,2,121,1480,1452
6089,2.313295066,3.530224275,576,527,2,46,578,573
6090,1.259802796,1.872088116,1614,1478,7,96,1621,1574
6091,1.855065817,1.315630402,1218,1112,3,78,1221,1190
6092,2.21384564,2.713063179,684,624,1,49,685,673
6093,3.276029644,3.335336576,1092,994,3,81,1095,1075
6094,5.619100127,1.987636794,1216,1077,2,87,1218,1164
6095,1.525350625,2.169882892,1056,1025,5,65,1061,1090
6096,2.596396663,3.028057629,805,752,7,60,812,812
6097,1.784269043,1.449208234,1148,1156,5,80,1153,1236
6098,2.945283621,0.6611064721,1185,1102,4,64,1189,1166
6099,5.149978019,0.2490645941,663,678,3,37,666,715
6100,1.770091418,3.993910622,695,665,1,51,696,716
6101,2.049821302,0.7127164962,871,890,5,60,876,950
6102,2.061303519,1.846201459,963,980,1,65,964,1045
6103,3.563044202,3.73682133,837,796,1,56,838,852
6104,2.214710447,1.904233404,798,687,6,53,804,740
6105,5.745029044,1.792335569,782,716,3,51,785,767
6106,2.710158707,0.004102243491,1378,1379,7,45,1385,1424
6107,4.798183761,0.8409357541,1317,1207,6,74,1323,1281
6108,5.622433526,0.3436656018,952,946,5,55,957,1001
6109,5.992145428,3.913162995,713,652,3,62,716,714
6110,1.441628078,3.334628557,1012,902,2,73,1014,975
6111,5.610561739,1.991883809,976,897,3,78,979,975
6112,3.710751296,2.932741662,1615,1431,6,124,1621,1555
6113,5.104292411,2.758947948,1210,1074,3,99,1213,1173
6114,3.664385978,0.472703977,1365,1303,5,76,1370,1379
6115,5.71483865,2.728692629,587,544,1,56,588,600
6116,2.034778217,0.7830575327,1173,1150,2,60,1175,1210
6117,1.286190742,3.094518386,1062,1011,5,64,1067,1075
6118,4.042052715,0.7216432782,590,584,3,48,593,632
6119,2.274012614,1.094842498,1360,1325,4,66,1364,1391
6120,1.438401161,2.578336849,1600,1458,8,93,1608,1551
6121,2.435307092,2.08466095,776,748,6,47,782,795
6122,1.496549675,2.025334038,1615,1518,12,101,1627,1619
6123,2.751649964,3.226129569,1479,1331,4,135,1483,1466
6124,4.06414826,2.251559402,988,920,1,85,989,1005
6125,2.079835803,0.01308486648,1275,1230,8,43,1283,1273
6126,2.311919148,2.511042058,1005,952,3,63,1008,1015
6127,5.084643413,1.727521731,702,649,1,48,703,697
6128,4.973425428,0.1792389258,1229,1190,2,60,1231,1250
6129,3.146797077,1.100504273,1588,1520,7,115,1595,1635
6130,2.764654315,3.465462409,811,724,3,71,814,795
6131,2.222350121,1.655830113,940,930,2,50,942,980
6132,3.60841421,1.438192196,920,809,0,81,920,890
6133,4.152397457,2.98327059,1560,1456,7,124,1567,1580
6134,3.728708523,0.8288940535,1003,898,3,62,1006,960
6135,1.749738614,0.8334952309,1353,1309,9,61,1362,1370
6136,1.099675168,2.331781943,936,851,3,70,939,921
6137,4.00515081,2.772927446,675,635,4,64,679,699
6138,1.261162133,1.21299964,1291,1219,7,65,1298,1284
6139,5.775797508,3.132474331,1266,1176,0,126,1266,1302
6140,3.517437515,1.709399702,1158,1074,6,87,1164,1161
6141,2.412049363,1.249481314,961,904,2,58,963,962
6142,1.839218159,1.943246156,1529,1537,9,84,1538,1621
6143,4.288857581,3.951895828,580,580,1,53,581,633
6144,1.105576366,1.724070677,1065,1057,5,68,1070,1125
6145,2.603075271,1.047018024,873,860,4,57,877,917
6146,5.778616335,1.272885812,1606,1465,4,117,1610,1582
6147,4.098375185,3.485261236,988,889,1,81,989,970
6148,4.943331692,1.355953377,1600,1482,4,98,1604,1580
6149,3.612916844,3.845672764,848,793,0,102,848,895
6150,2.612341108,1.766966963,1467,1390,5,85,1472,1475
6151,5.161146126,3.577845511,771,766,4,62,775,828
6152,1.553646788,1.59679666,984,1000,3,57,987,1057
6153,4.583709734,3.194049867,575,560,3,63,578,623
6154,3.960853965,1.704917784,1476,1378,4,113,1480,1491
6155,5.866804501,2.587420668,1120,985,6,97,1126,1082
6156,3.246049922,3.284051767,673,649,4,50,677,699
6157,5.772341277,1.180347098,807,707,1,58,808,765
6158,2.190263565,1.540215026,706,673,2,34,708,707
6159,1.929906772,0.2937862965,1014,936,9,48,1023,984
6160,1.806536788,2.730856718,793,762,1,50,794,812
6161,4.021206443,2.941174887,1123,1013,3,90,1126,1103
6162,4.636743043,3.003780337,795,764,1,63,796,827
6163,2.340529606,1.953853149,1172,1085,5,87,1177,1172
6164,3.95566045,3.891735803,1394,1177,3,131,1397,1308
6165,5.696156806,3.154279654,1486,1328,0,157,1486,1485
6166,5.307124693,1.962739276,941,883,2,85,943,968
6167,1.180505223,1.756744831,1124,1075,6,59,1130,1134
6168,2.997609845,3.130167778,586,542,3,55,589,597
6169,5.102691586,0.6856214525,1015,955,2,60,1017,1015
6170,1.625922094,0.766011924,774,763,5,39,779,802
6171,4.44645109,3.894419302,811,751,2,71,813,822
6172,5.006080991,3.758014594,1572,1434,5,151,1577,1585
6173,2.198651711,0.5025156057,1134,1114,4,58,1138,1172
6174,1.720585667,3.690271794,1478,1328,6,123,1484,1451
6175,3.284830798,1.503455888,945,923,3,63,948,986
6176,5.262752374,3.16275774,608,579,1,48,609,627
6177,5.672323435,0.06217774251,1542,1500,3,92,1545,1592
6178,2.267425756,2.871594452,1543,1440,4,105,1547,1545
6179,5.942365813,3.584351982,1445,1376,5,146,1450,1522
6180,2.591525661,2.177172297,1180,1071,0,63,1180,1134
6181,1.633746807,2.393064593,1245,1119,7,84,1252,1203
6182,1.726479127,0.6258161859,1583,1509,5,87,1588,1596
6183,2.123028333,2.615132162,942,825,3,56,945,881
6184,1.453399539,1.23345276,1325,1219,5,74,1330,1293
6185,3.710190623,2.277984193,994,887,4,66,998,953
6186,2.892079617,1.428726389,1420,1256,5,74,1425,1330
6187,1.691715672,3.578255236,1128,1032,5,84,1133,1116
6188,1.981259079,3.995132154,1601,1470,8,123,1609,1593
6189,2.143567986,0.06650490532,887,854,8,44,895,898
6190,5.615962865,3.944385636,1156,1105,2,105,1158,1210
6191,3.65152502,2.975151793,685,651,0,54,685,705
6192,1.908174606,2.426739374,591,530,3,34,594,564
6193,5.209116651,1.843224149,892,782,7,71,899,853
6194,3.997046891,3.459746266,836,798,2,95,838,893
6195,3.131154599,0.6944432515,729,672,7,42,736,714
6196,3.836793654,2.401328913,1560,1496,8,124,1568,1620
6197,4.214035593,3.753624744,1042,1067,3,83,1045,1150
6198,1.059903048,0.5867855693,1062,1034,8,52,1070,1086
6199,1.568202647,1.072489236,824,771,5,52,829,823
6200,3.658023952,0.3151000317,958,902,8,42,966,944
6201,1.80601532,2.140194705,703,686,3,42,706,728
6202,1.977876813,2.465607734,1552,1413,8,130,1560,1543
6203,1.275419686,1.745725129,787,761,2,41,789,802
6204,1.905184114,3.148574701,780,722,2,65,782,787
6205,3.028650349,1.352547711,666,663,0,30,666,693
6206,1.74929477,3.151453246,1397,1275,5,98,1402,1373
6207,3.36500034,0.2453998739,745,759,4,41,749,800
6208,4.22182846,2.787719713,938,823,3,54,941,877
6209,5.240173482,3.297551226,917,908,0,106,917,1014
6210,1.276021915,0.2056904283,1100,1103,7,44,1107,1147
6211,3.284906516,2.104998343,902,809,1,65,903,874
6212,5.100943063,0.02794500576,1278,1196,9,50,1287,1246
6213,2.694275034,0.2288063867,1495,1410,7,64,1502,1474
6214,2.717957615,0.7309887926,1390,1304,9,70,1399,1374
6215,1.748377943,0.3387289289,1090,1068,1,66,1091,1134
6216,1.86630896,0.6093365599,695,677,6,42,701,719
6217,3.624333373,3.11500963,1314,1116,4,106,1318,1222
6218,4.770702682,3.658291447,1321,1134,3,111,1324,1245
6219,2.467981587,1.51958444,1383,1318,7,82,1390,1400
6220,1.747667599,3.450038154,1220,1062,1,87,1221,1149
6221,1.163919112,2.127198239,1536,1413,6,97,1542,1510
6222,4.951936837,2.74515673,1246,1163,3,107,1249,1270
6223,5.440663822,1.741955261,1296,1186,3,115,1299,1301
6224,3.831446096,0.1551101201,1278,1220,12,68,1290,1288
6225,3.578990093,0.5999631264,1006,953,6,55,1012,1008
6226,1.077724541,0.8346635323,1289,1189,7,41,1296,1230
6227,3.777583232,1.486184866,1409,1315,5,86,1414,1401
6228,1.051057323,3.097577501,1385,1229,7,94,1392,1323
6229,3.0427951,2.995006176,1265,1165,2,102,1267,1267
6230,2.162653692,0.4505369275,578,563,6,34,584,597
6231,3.325770327,1.208883821,587,594,3,30,590,624
6232,3.464684856,3.571454487,579,525,2,49,581,574
6233,1.827481287,3.549246163,1258,1230,5,107,1263,1337
6234,5.701370866,0.3094548787,1583,1505,5,84,1588,1589
6235,4.260636176,2.872016674,1028,871,6,97,1034,968
6236,1.737743956,3.989626878,1318,1259,6,111,1324,1370
6237,2.270501192,0.7795056151,1345,1154,2,70,1347,1224
6238,3.891795049,0.8591524084,810,710,5,45,815,755
6239,1.643045399,3.423683446,806,740,0,59,806,799
6240,3.310294902,1.140457112,1006,938,4,63,1010,1001
6241,4.121855994,0.8692988042,1410,1388,3,76,1413,1464
6242,5.628081493,0.6277521296,1057,1002,4,61,1061,1063
6243,2.319486639,1.724135028,802,705,1,55,803,760
6244,2.446991041,1.072214898,614,587,2,39,616,626
6245,5.867138761,3.395635176,809,709,2,74,811,783
6246,4.331437454,2.806833534,1105,1087,4,93,1109,1180
6247,3.726227377,1.825689618,1185,1104,4,92,1189,1196
6248,4.267221668,0.5717061055,790,776,2,58,792,834
6249,5.176718465,0.6012550977,724,655,7,46,731,701
6250,3.078788699,2.255924384,1544,1425,5,134,1549,1559
6251,1.040152549,2.521283099,1600,1453,8,106,1608,1559
6252,1.186607361,0.3223271196,1465,1385,13,58,1478,1443
6253,4.352620771,1.234927521,1305,1237,1,75,1306,1312
6254,2.905660521,2.453817482,736,653,3,42,739,695
6255,2.493410545,2.506298888,1258,1220,4,96,1262,1316
6256,2.688915291,1.536915785,1527,1456,1,102,1528,1558
6257,5.609228919,2.756199248,1532,1362,4,134,1536,1496
6258,3.620036245,2.250698025,675,673,2,60,677,733
6259,4.393315711,0.1015772094,924,875,2,40,926,915
6260,4.929254097,1.495092015,1156,1085,4,99,1160,1184
6261,1.188430693,0.1133141121,1183,1175,7,43,1190,1218
6262,4.522402041,3.965375063,597,552,1,50,598,602
6263,5.630677588,2.268581556,1220,1063,6,108,1226,1171
6264,3.985160161,1.592847736,1603,1496,7,114,1610,1610
6265,3.668515309,1.122704137,788,769,2,55,790,824
6266,5.786310346,0.6134686954,1554,1448,9,81,1563,1529
6267,5.095709606,1.25943607,750,750,1,74,751,824
6268,3.020429371,0.4175910083,1299,1215,2,65,1301,1280
6269,4.745249608,1.014721156,717,623,3,49,720,672
6270,5.870056631,0.6307945098,1496,1362,7,98,1503,1460
6271,5.294942481,1.852003418,1438,1293,10,111,1448,1404
6272,5.305362426,1.191674259,1053,1049,7,74,1060,1123
6273,2.5783954,0.5029726306,1208,1118,2,56,1210,1174
6274,2.837542149,0.8539124349,938,818,3,57,941,875
6275,3.126614092,1.993959511,1133,1120,3,87,1136,1207
6276,5.992420383,1.276627933,1447,1425,9,98,1456,1523
6277,1.094116536,1.350111812,700,663,4,37,704,700
6278,3.332788403,0.3788056933,1299,1211,6,70,1305,1281
6279,2.725004006,1.132871307,679,624,0,36,679,660
6280,5.020054446,1.214049542,894,820,6,47,900,867
6281,1.133748672,0.345392889,1475,1390,9,59,1484,1449
6282,1.792647331,1.576992295,1186,1151,5,79,1191,1230
6283,2.622559657,0.9341615476,993,961,3,60,996,1021
6284,1.018748796,2.925631725,1153,970,5,63,1158,1033
6285,3.284650111,0.2397753668,1397,1305,11,70,1408,1375
6286,2.127662601,1.137686148,1508,1322,7,84,1515,1406
6287,4.126343114,3.968996784,1134,991,2,92,1136,1083
6288,4.672447323,3.295015998,1592,1453,8,128,1600,1581
6289,5.494480669,1.710220322,1376,1222,4,112,1380,1334
6290,1.959673033,0.8847509256,1365,1309,5,69,1370,1378
6291,5.268408991,0.9415081257,991,958,9,55,1000,1013
6292,2.37487024,2.742456303,1378,1221,5,88,1383,1309
6293,4.156894753,1.919482172,781,755,2,63,783,818
6294,3.508959975,1.840810137,959,929,6,75,965,1004
6295,3.054523393,0.3036776103,1572,1520,10,72,1582,1592
6296,5.505188014,3.469445127,1041,1011,2,88,1043,1099
6297,1.533996849,2.977884219,1070,996,4,79,1074,1075
6298,4.983658539,0.5099969555,635,579,2,28,637,607
6299,3.50067914,1.939099296,664,640,2,46,666,686
6300,2.299408176,0.4013153468,1349,1293,7,75,1356,1368
6301,1.625330341,2.346878032,1200,1075,6,78,1206,1153
6302,5.069351204,2.73828756,1176,1095,1,110,1177,1205
6303,4.570423545,3.186576292,1508,1370,3,135,1511,1505
6304,3.396378644,3.248206386,532,547,2,51,534,598
6305,3.484754279,0.2652899511,763,712,4,32,767,744
6306,2.676233083,1.701084155,1404,1273,3,99,1407,1372
6307,2.264363548,3.1563247,1073,998,2,73,1075,1071
6308,2.615862188,2.541265868,1577,1453,5,107,1582,1560
6309,4.930863563,0.3381080791,1101,1016,8,56,1109,1072
6310,1.393392133,3.219960858,1058,1022,5,90,1063,1112
6311,1.31453395,3.081132991,980,908,3,61,983,969
6312,5.720687914,0.6507622749,1414,1310,12,88,1426,1398
6313,2.338390534,2.644387626,1064,1029,3,75,1067,1104
6314,4.09929914,3.305582325,590,546,4,56,594,602
6315,1.865720357,2.50292008,1076,1006,3,70,1079,1076
6316,1.332724189,2.715360443,686,639,1,40,687,679
6317,2.620070751,3.094663292,1522,1455,3,131,1525,1586
6318,4.951677722,3.117758282,1449,1347,5,140,1454,1487
6319,4.145170328,2.973774826,1591,1440,6,131,1597,1571
6320,1.531862142,3.855608664,828,726,2,67,830,793
6321,3.681047328,0.8094229338,1521,1403,5,102,1526,1505
6322,3.752619082,1.613349993,1002,888,6,70,1008,958
6323,4.79272606,0.4965426197,1056,1028,5,65,1061,1093
6324,5.201918168,0.2284617866,1597,1502,10,84,1607,1586
6325,3.079298998,3.449529139,589,536,1,46,590,582
6326,2.814257128,2.710229551,980,914,4,65,984,979
6327,5.456913394,1.130760847,1321,1180,1,87,1322,1267
6328,4.843734171,3.712343547,1093,983,2,106,1095,1089
6329,4.879287329,0.07762514353,1093,1016,6,49,1099,1065
6330,1.343014749,2.181487532,1513,1410,5,85,1518,1495
6331,1.039286333,1.284816217,847,807,2,54,849,861
6332,4.898967599,3.144255592,867,856,6,70,873,926
6333,5.743433025,2.607864712,1161,1105,2,102,1163,1207
6334,5.470128606,3.703489296,1578,1379,3,160,1581,1539
6335,1.105937695,1.11751758,619,547,2,21,621,568
6336,2.646254887,1.051152152,1026,1008,4,63,1030,1071
6337,2.252751374,1.536947181,1206,1139,10,63,1216,1202
6338,1.594709247,2.274281936,720,668,1,42,721,710
6339,3.012208033,3.892784767,589,511,1,43,590,554
6340,2.221829066,0.7326221245,695,710,0,47,695,757
6341,2.481039877,3.743829037,1064,982,3,77,1067,1059
6342,3.040581638,2.407743075,1007,947,3,66,1010,1013
6343,3.134650898,0.8693940008,1275,1174,4,66,1279,1240
6344,1.819255774,2.374612322,919,872,1,62,920,934
6345,4.041050996,2.111043737,993,969,7,65,1000,1034
6346,2.232234841,3.421815302,1111,986,5,94,1116,1080
6347,4.892291836,1.246532167,1410,1256,6,107,1416,1363
6348,1.169375661,1.140911093,793,782,2,49,795,831
6349,1.786472698,0.9468207051,1500,1430,9,84,1509,1514
6350,3.823042588,3.624767071,1343,1276,7,122,1350,1398
6351,1.051904009,2.683675257,571,590,0,33,571,623
6352,1.556470784,0.6665129458,1078,1002,6,56,1084,1058
6353,3.407537805,2.116496486,1382,1276,5,102,1387,1378
6354,3.29356857,2.090554266,1094,1034,6,85,1100,1119
6355,4.464682315,3.914706837,1319,1234,4,105,1323,1339
6356,2.51429845,0.1741305932,1360,1295,5,61,1365,1356
6357,1.402788317,3.231219144,1310,1218,5,101,1315,1319
6358,5.561391317,2.881489962,915,863,2,72,917,935
6359,4.465706749,1.015329252,1080,1058,4,62,1084,1120
6360,4.900018009,1.295703734,1249,1214,8,72,1257,1286
6361,3.602881354,1.22744696,617,578,2,40,619,618
6362,4.165794251,3.151735414,645,528,1,57,646,585
6363,1.239735574,1.460619335,1354,1321,7,79,1361,1400
6364,1.366185638,2.90707278,1083,954,5,76,1088,1030
6365,5.907361577,2.570341574,1633,1416,5,120,1638,1536
6366,5.163211211,3.67319331,915,810,2,85,917,895
6367,3.484473343,3.258572453,1094,1019,1,97,1095,1116
6368,1.613927422,3.351556866,794,680,7,44,801,724
6369,3.463204663,3.838597326,879,811,3,101,882,912
6370,1.372589714,0.1244198612,1219,1146,10,46,1229,1192
6371,1.516260069,3.296591107,1392,1298,10,96,1402,1394
6372,1.600154864,0.2023264949,725,637,4,32,729,669
6373,1.263740305,1.669980666,1434,1356,9,91,1443,1447
6374,5.294201345,1.091829066,1374,1240,7,94,1381,1334
6375,5.620932388,0.3550833603,858,821,5,47,863,868
6376,1.754067398,0.1796973632,666,683,4,33,670,716
6377,3.296510751,1.784125023,683,671,3,44,686,715
6378,2.575388634,3.286554535,1432,1329,5,124,1437,1453
6379,5.478457328,2.797432327,1177,1052,2,114,1179,1166
6380,1.416012262,1.661927154,717,659,5,29,722,688
6381,1.726260578,1.612264126,1183,1170,3,78,1186,1248
6382,4.075263141,2.882013381,587,541,0,51,587,592
6383,4.165457214,1.660873111,693,628,4,36,697,664
6384,5.379469108,0.5943866269,1045,1057,5,64,1050,1121
6385,4.458116006,2.353719348,1073,979,7,86,1080,1065
6386,3.073661926,1.718377894,1357,1344,7,94,1364,1438
6387,2.409996356,3.028956231,671,694,0,47,671,741
6388,2.481990823,3.487248901,1007,901,4,77,1011,978
6389,5.152806837,2.362243062,952,900,2,79,954,979
6390,5.088138299,1.403276028,1320,1215,9,92,1329,1307
6391,2.836413636,0.6662644679,1352,1321,7,66,1359,1387
6392,2.191927258,0.1903730786,777,757,2,27,779,784
6393,2.358398838,1.201722254,1381,1323,5,98,1386,1421
6394,3.594999089,3.530032116,1474,1354,11,135,1485,1489
6395,3.085735525,2.471116581,1183,1131,5,90,1188,1221
6396,2.885276784,2.271946464,865,796,2,59,867,855
6397,4.909725451,1.279710577,1402,1292,8,89,1410,1381
6398,2.50164843,3.16579111,1418,1408,10,131,1428,1539
6399,5.946548055,0.7755536798,1186,1082,2,79,1188,1161
6400,3.647261902,3.572608224,1019,903,1,91,1020,994
6401,2.861442477,1.41587842,1178,1145,3,55,1181,1200
6402,3.771632134,1.880226137,1166,1118,5,83,1171,1201
6403,2.244594761,2.693593382,592,596,5,45,597,641
6404,1.767450044,3.293276699,904,831,4,56,908,887
6405,2.71655687,3.901046564,1574,1474,7,132,1581,1606
6406,3.39071673,1.234401431,589,572,2,32,591,604
6407,3.309510626,3.76272071,812,758,8,52,820,810
6408,4.717757485,3.009559548,708,597,4,67,712,664
6409,4.885779791,2.934557008,569,572,6,47,575,619
6410,2.155517186,3.625408964,940,881,3,70,943,951
6411,4.178362673,1.015391714,981,914,7,53,988,967
6412,3.293589209,2.904423392,1577,1440,7,111,1584,1551
6413,5.075371686,1.013144407,1268,1204,2,90,1270,1294
6414,1.884314881,0.8691097009,875,852,7,49,882,901
6415,1.814992035,3.067213141,658,613,5,53,663,666
6416,3.191923181,3.506533919,716,617,1,49,717,666
6417,1.082603081,3.184509754,935,925,4,82,939,1007
6418,5.733595528,3.677195181,1557,1348,6,155,1563,1503
6419,1.691054149,0.4317648196,1113,1047,6,45,1119,1092
6420,5.118524664,1.158666635,1319,1260,8,86,1327,1346
6421,2.718053752,1.347079456,982,942,4,68,986,1010
6422,4.733479482,2.783176923,903,972,4,107,907,1079
6423,5.890324745,0.5229971163,1359,1265,4,78,1363,1343
6424,2.830792965,0.6403518736,1272,1176,4,71,1276,1247
6425,5.937517749,3.915867184,683,641,4,77,687,718
6426,2.834979727,2.156934915,552,553,2,43,554,596
6427,3.11955182,3.041712142,585,549,3,41,588,590
6428,5.56072283,1.789446707,1007,895,4,85,1011,980
6429,5.227829266,0.2473948425,1408,1318,6,70,1414,1388
6430,4.739757207,0.7535059461,1164,1081,6,84,1170,1165
6431,4.135372625,1.985966998,975,972,1,76,976,1048
6432,4.96053914,1.770090769,589,556,2,51,591,607
6433,5.876191051,3.553746478,984,941,2,110,986,1051
6434,3.212348125,2.687929748,790,737,3,50,793,787
6435,4.063291743,2.762868038,984,889,2,79,986,968
6436,4.737413844,1.536908354,1185,1153,2,82,1187,1235
6437,2.007629531,1.43871616,1200,1149,7,79,1207,1228
6438,1.576129685,2.235499066,1069,1018,4,66,1073,1084
6439,4.859943267,0.9205992224,588,580,3,46,591,626
6440,3.743660383,3.849160499,877,852,3,70,880,922
6441,1.362189543,0.6536939928,1004,902,7,41,1011,943
6442,5.491494327,1.429408929,689,599,3,50,692,649
6443,2.35979292,2.592069472,916,857,1,70,917,927
6444,3.746425229,0.06219007501,1124,1053,6,59,1130,1112
6445,2.861659221,3.642624237,1602,1411,3,118,1605,1529
6446,1.915735971,1.756698269,784,767,7,53,791,820
6447,3.691566344,2.261503235,1027,862,2,76,1029,938
6448,2.78271154,3.512556637,1166,1078,3,101,1169,1179
6449,2.99787021,1.360319098,1293,1202,4,76,1297,1278
6450,4.153318399,1.603398312,1199,1139,1,90,1200,1229
6451,5.479600046,1.436676686,815,753,4,70,819,823
6452,2.097210648,1.181924799,1192,1114,5,62,1197,1176
6453,3.36653005,2.265896482,913,819,4,66,917,885
6454,1.891209377,1.831809655,679,625,4,38,683,663
6455,1.579212726,0.7123670383,740,632,3,37,743,669
6456,5.761805666,3.338549802,739,649,5,52,744,701
6457,5.048574241,3.555476939,709,649,2,58,711,707
6458,4.61729551,1.861199577,1328,1248,2,91,1330,1339
6459,2.197254316,2.199257276,1061,1038,4,73,1065,1111
6460,5.203324204,0.3237543885,649,673,4,37,653,710
6461,3.809390367,1.418989829,1355,1275,2,91,1357,1366
6462,2.64845168,1.032674667,1236,1223,2,74,1238,1297
6463,1.977695083,1.119940312,922,837,6,48,928,885
6464,4.885739507,2.901482715,849,807,2,69,851,876
6465,5.961816822,0.2837980761,555,591,4,31,559,622
6466,5.664577904,1.57661813,1249,1204,2,88,1251,1292
6467,3.532833659,1.135948652,1100,1044,6,76,1106,1120
6468,2.23381227,3.013161799,747,639,4,50,751,689
6469,3.065934694,1.101684524,1297,1191,6,81,1303,1272
6470,1.211300598,0.6836516192,1544,1481,11,86,1555,1567
6471,1.435873337,1.153688343,1273,1211,5,80,1278,1291
6472,2.707932042,0.7294550292,1603,1524,3,81,1606,1605
6473,1.380710401,0.172160491,707,617,4,28,711,645
6474,3.389010839,3.712611951,1370,1280,5,131,1375,1411
6475,1.523802491,1.379794377,1051,987,5,48,1056,1035
6476,4.517577268,0.9212896951,669,639,3,50,672,689
6477,2.859767081,3.475918072,638,578,1,49,639,627
6478,2.021745048,3.313604653,678,619,2,55,680,674
6479,3.81065984,3.907056478,1368,1280,3,118,1371,1398
6480,1.265109064,0.6141438545,1010,965,7,45,1017,1010
6481,4.487902076,2.284947937,686,640,1,53,687,693
6482,2.184454551,1.71613502,821,773,3,61,824,834
6483,2.377843164,0.8071395324,939,950,3,70,942,1020
6484,2.588643976,2.582679737,622,620,4,44,626,664
6485,3.580918817,2.261975054,1082,1016,3,88,1085,1104
6486,3.135392401,1.796808217,1374,1309,5,91,1379,1400
6487,1.229594883,1.603006568,969,954,4,69,973,1023
6488,5.209830277,1.49625845,741,768,2,60,743,828
6489,2.249182943,0.5036972777,554,575,1,38,555,613
6490,5.917216508,0.5174624927,772,714,4,43,776,757
6491,3.781620895,0.3463457506,1349,1238,4,58,1353,1296
6492,4.177547197,3.128439299,1570,1472,6,153,1576,1625
6493,2.063727473,1.611413025,554,517,0,29,554,546
6494,1.675861817,2.084927879,1351,1344,6,82,1357,1426
6495,1.345532502,3.004919016,1481,1347,4,103,1485,1450
6496,4.416379151,3.33972961,1560,1484,2,158,1562,1642
6497,3.765642997,2.934348747,773,705,4,78,777,783
6498,2.014192851,1.697870329,1189,1101,4,68,1193,1169
6499,1.526904634,3.19816297,627,603,1,32,628,635
6500,3.502871368,0.3679739973,1232,1136,8,63,1240,1199
6501,1.376371374,2.376140427,1180,1095,4,86,1184,1181
6502,2.420787092,3.872872652,1165,1110,3,108,1168,1218
6503,1.777909648,3.50115197,587,570,1,48,588,618
6504,5.838833852,1.912890344,1282,1204,4,106,1286,1310
6505,4.4340302,1.582404218,945,935,6,62,951,997
6506,3.512930126,2.003889102,1236,1193,2,104,1238,1297
6507,4.310772056,3.990014476,586,535,2,57,588,592
6508,4.276592844,0.1851937084,1175,1176,5,54,1180,1230
6509,5.716668499,3.790141848,708,659,3,56,711,715
6510,3.105335966,3.002758641,1625,1441,4,127,1629,1568
6511,1.910775114,0.8061414617,665,655,7,46,672,701
6512,3.382872537,3.872357625,783,729,2,70,785,799
6513,4.026018416,2.839344964,1100,996,4,91,1104,1087
6514,1.365313273,0.1713826971,886,862,7,43,893,905
6515,2.452226024,0.9352863811,1421,1286,8,85,1429,1371
6516,2.368717639,1.582661015,679,653,2,40,681,693
6517,1.652521291,2.202696274,1115,1151,2,75,1117,1226
6518,4.387259479,3.692761293,1037,886,1,98,1038,984
6519,5.076050898,3.704004697,1221,1178,5,134,1226,1312
6520,2.521710484,2.023286226,1289,1211,5,81,1294,1292
6521,5.499294301,0.4316224917,1382,1282,4,57,1386,1339
6522,2.303095718,2.031158953,876,786,1,46,877,832
6523,4.659791585,3.557645907,790,734,0,74,790,808
6524,3.260169223,2.417330678,599,550,2,49,601,599
6525,5.459453298,0.8835438804,1287,1182,7,76,1294,1258
6526,1.130941823,3.4389948,1475,1416,7,113,1482,1529
6527,5.160661447,3.510632091,1384,1206,1,132,1385,1338
6528,5.566195382,1.158565536,887,822,3,51,890,873
6529,5.543590631,0.2756751894,1264,1241,10,79,1274,1320
6530,5.973299875,1.946771752,744,647,6,46,750,693
6531,3.977521696,3.63816523,981,906,4,91,985,997
6532,4.077046076,1.669540743,594,582,2,34,596,616
6533,4.512523305,2.979494958,624,559,1,50,625,609
6534,5.941224896,2.040529056,1104,981,3,100,1107,1081
6535,2.070448595,2.084475205,1414,1398,5,114,1419,1512
6536,4.842154102,1.481115744,976,954,0,64,976,1018
6537,2.398934438,3.089728329,1172,1129,3,88,1175,1217
6538,4.896919994,0.9908379533,1142,1030,6,75,1148,1105
6539,3.80353103,3.23721967,1392,1254,7,100,1399,1354
6540,3.114558776,0.01439591757,648,621,0,24,648,645
6541,5.828340512,2.625109137,971,901,1,84,972,985
6542,5.907719358,3.65628488,659,612,0,70,659,682
6543,2.159690106,2.911198026,625,534,2,47,627,581
6544,3.671960092,3.968391558,531,578,2,57,533,635
6545,1.813286733,1.414915232,1461,1384,5,78,1466,1462
6546,3.872890497,3.146885628,1190,1039,2,113,1192,1152
6547,4.629560541,0.4947520267,695,615,3,47,698,662
6548,1.745251156,0.268116639,771,765,5,33,776,798
6549,4.190160068,1.102414065,645,671,1,44,646,715
6550,2.410455044,1.269544029,886,893,4,76,890,969
6551,2.197075918,0.9662147392,974,958,3,59,977,1017
6552,3.352508193,2.108206226,1102,1014,3,76,1105,1090
6553,3.4333721,2.734901425,1282,1179,5,86,1287,1265
6554,2.975330949,2.25159712,892,817,2,72,894,889
6555,1.158807238,2.70702967,1462,1400,7,83,1469,1483
6556,2.592476347,0.6210662992,1360,1252,6,64,1366,1316
6557,3.229431568,2.905745229,1014,929,4,73,1018,1002
6558,2.435556861,2.527860648,855,843,4,77,859,920
6559,2.186759865,0.4157972588,552,582,2,24,554,606
6560,5.467100555,0.1921772387,988,933,3,59,991,992
6561,4.120541056,1.913200232,684,686,2,52,686,738
6562,2.508006737,2.094600309,1326,1213,4,88,1330,1301
6563,5.209436106,0.9240636838,1020,941,3,53,1023,994
6564,5.415599003,3.942237863,813,734,2,88,815,822
6565,4.142544967,3.353843589,956,907,6,88,962,995
6566,2.777131117,3.215696713,1526,1389,4,112,1530,1501
6567,1.671193636,2.892705903,1416,1223,9,93,1425,1316
6568,5.014538088,2.037926824,1347,1267,3,110,1350,1377
6569,2.636437692,3.780508474,699,634,2,39,701,673
6570,4.570391227,0.9070333342,1251,1184,10,88,1261,1272
6571,2.306244338,1.629357278,754,746,4,51,758,797
6572,4.972498061,3.269390251,1111,1138,3,125,1114,1263
6573,2.892187344,2.225295341,875,778,6,77,881,855
6574,4.137307832,1.269868628,1230,1146,7,63,1237,1209
6575,1.671657023,3.567603281,1422,1364,2,116,1424,1480
6576,5.765957183,3.628288319,1447,1320,4,136,1451,1456
6577,3.732199479,0.05337269897,773,735,3,33,776,768
6578,2.884417584,2.367646711,1466,1385,6,105,1472,1490
6579,3.471021989,1.752156084,1000,945,1,66,1001,1011
6580,2.904574308,0.8312244233,1303,1221,3,86,1306,1307
6581,1.970710038,0.09141067002,1356,1327,7,52,1363,1379
6582,5.71080261,3.108634283,556,495,0,55,556,550
6583,2.508473955,1.743168429,1082,1144,10,67,1092,1211
6584,1.507577891,3.93906924,598,517,4,57,602,574
6585,3.553889237,3.503340105,1230,1191,5,100,1235,1291
6586,2.785348542,3.274796208,594,531,4,32,598,563
6587,1.134689113,0.3770983784,737,641,1,41,738,682
6588,3.23190098,1.774389894,794,744,3,63,797,807
6589,3.546513175,1.255376868,719,753,1,51,720,804
6590,3.418789967,2.273234907,700,655,2,48,702,703
6591,2.453423961,3.18063862,1006,902,3,78,1009,980
6592,3.851660812,0.4731508321,1334,1189,10,63,1344,1252
6593,5.91025947,3.847253075,1312,1181,0,126,1312,1307
6594,4.54533106,1.369604692,1460,1356,6,105,1466,1461
6595,2.158944293,1.496654098,1209,1117,6,71,1215,1188
6596,2.101439683,1.848339635,1078,1002,2,65,1080,1067
6597,1.159746617,1.88089123,786,728,4,63,790,791
6598,2.351182822,2.675290318,1622,1466,6,111,1628,1577
6599,3.514922997,2.161428617,1034,1013,3,84,1037,1097
6600,1.21487867,2.668410335,1479,1427,8,98,1487,1525
6601,2.854618248,0.4847504064,843,798,1,49,844,847
6602,2.630660837,3.702827095,1414,1289,2,141,1416,1430
6603,5.723611905,2.573040223,1203,1028,2,114,1205,1142
6604,3.641077542,3.664210016,1091,978,2,81,1093,1059
6605,4.261541124,3.944173981,1531,1405,4,155,1535,1560
6606,3.561799705,3.790286241,1059,1016,4,81,1063,1097
6607,5.948834385,3.604571987,1265,1191,4,113,1269,1304
6608,4.657325599,0.6416148615,778,760,5,55,783,815
6609,3.348512508,0.6850450037,1498,1432,6,87,1504,1519
6610,2.341395789,0.1190322858,671,662,5,30,676,692
6611,1.573298973,3.098159835,1218,1229,5,89,1223,1318
6612,3.325949019,1.167669537,1405,1345,7,100,1412,1445
6613,3.457234652,2.336691694,1405,1302,3,120,1408,1422
6614,5.822374084,1.883964431,1205,1103,5,100,1210,1203
6615,5.17103739,3.641659782,753,741,2,78,755,819
6616,4.355768341,2.842686079,594,544,1,56,595,600
6617,5.665262271,1.130041556,1083,1026,4,77,1087,1103
6618,1.407786216,2.55552928,1270,1156,6,92,1276,1248
6619,5.89553456,1.928067604,956,912,3,65,959,977
6620,4.4869137,2.555780836,725,618,2,55,727,673
6621,3.507488282,3.461642132,834,728,4,73,838,801
6622,1.766576464,1.390016628,640,561,5,33,645,594
6623,5.897044377,3.43068977,700,634,3,58,703,692
6624,4.598590845,3.296350464,1381,1304,5,118,1386,1422
6625,1.801380653,3.918912692,627,546,2,50,629,596
6626,1.982650629,0.9164844553,1589,1467,9,96,1598,1563
6627,1.588742044,1.964983843,591,567,2,25,593,592
6628,5.595800497,1.800618053,1100,991,7,86,1107,1077
6629,5.248430437,3.182558636,1617,1455,3,161,1620,1616
6630,2.885622219,0.338170015,1035,940,3,59,1038,999
6631,3.224056968,3.605003367,1569,1448,7,133,1576,1581
6632,4.689286268,2.789891606,1009,963,4,87,1013,1050
6633,3.814397119,0.8047301427,867,830,5,46,872,876
6634,1.582339129,2.541884214,618,534,0,36,618,570
6635,5.212624719,0.2549460566,1252,1279,2,71,1254,1350
6636,4.454387513,1.191498637,677,587,2,45,679,632
6637,5.26140787,2.25325955,807,707,2,56,809,763
6638,2.329604232,3.121649863,790,746,1,53,791,799
6639,1.988023137,2.001735561,1563,1408,6,93,1569,1501
6640,4.88721078,3.884563114,1230,1022,3,116,1233,1138
6641,4.150418066,1.408824389,910,839,0,60,910,899
6642,4.254881635,2.550539871,1588,1413,3,110,1591,1523
6643,1.716681118,2.627722829,1163,1136,4,79,1167,1215
6644,2.030053707,0.5335916987,1554,1476,5,82,1559,1558
6645,1.891976851,3.946670358,1355,1357,5,113,1360,1470
6646,5.182986076,3.954473153,559,498,1,68,560,566
6647,1.803932784,0.3849136893,1370,1353,7,57,1377,1410
6648,4.441120293,0.9916443976,787,760,5,66,792,826
6649,1.631115867,3.754183258,675,618,4,58,679,676
6650,1.943983519,0.9979308022,1239,1122,7,71,1246,1193
6651,3.316399898,0.2089912014,1436,1411,6,78,1442,1489
6652,5.369967174,1.741088989,1474,1374,9,93,1483,1467
6653,1.933610812,2.55081918,1598,1452,5,97,1603,1549
6654,4.68581985,0.1290506262,1598,1574,12,73,1610,1647
6655,5.702698374,3.932579463,693,661,3,70,696,731
6656,1.784796632,1.551614156,1182,1148,7,73,1189,1221
6657,1.26800644,2.340675475,1584,1464,7,111,1591,1575
6658,5.524136123,2.524807574,1012,955,3,77,1015,1032
6659,5.13650026,0.6866618554,812,736,1,40,813,776
6660,5.961750816,2.775642058,1552,1405,3,144,1555,1549
6661,2.134572809,1.845620799,633,637,2,43,635,680
6662,3.611449384,0.8455397315,1046,946,2,59,1048,1005
6663,1.777883444,3.833109323,1590,1412,0,137,1590,1549
6664,1.700249409,1.553534749,587,563,1,51,588,614
6665,5.662650983,2.783089478,569,558,3,56,572,614
6666,2.677457911,3.813066281,802,729,1,56,803,785
6667,1.498310985,2.3728726,1403,1297,3,88,1406,1385
6668,3.576700859,2.873458345,1310,1216,3,111,1313,1327
6669,1.216895179,0.3909552982,1601,1517,17,83,1618,1600
6670,4.421619596,0.7496654647,1294,1294,12,91,1306,1385
6671,5.180893655,2.765548673,728,677,1,66,729,743
6672,5.58695337,3.653486027,977,862,2,97,979,959
6673,5.809578192,0.6732193649,1203,1082,6,70,1209,1152
6674,2.002205624,0.2197215721,954,949,5,35,959,984
6675,5.559953681,3.498421755,1529,1361,4,127,1533,1488
6676,5.875862474,3.130852842,793,764,1,69,794,833
6677,3.698077068,1.071530302,1218,1174,8,57,1226,1231
6678,4.210765903,0.494047883,599,582,5,35,604,617
6679,2.657279825,0.1385275086,587,556,4,25,591,581
6680,2.134378349,0.4483756464,871,870,7,50,878,920
6681,3.032080066,0.7380397459,1232,1164,7,64,1239,1228
6682,1.048846371,1.452388494,962,983,5,49,967,1032
6683,2.604701781,2.098209978,823,703,2,47,825,750
6684,1.973107801,0.909288342,950,976,7,39,957,1015
6685,1.609576487,3.898443712,1366,1247,6,120,1372,1367
6686,2.526933293,2.601383256,1128,996,2,78,1130,1074
6687,2.195255855,3.205167906,1465,1333,6,120,1471,1453
6688,5.331864351,3.718701717,1444,1212,7,131,1451,1343
6689,3.777277086,2.435710379,605,551,4,51,609,602
6690,1.476785631,0.008266316572,1419,1399,10,56,1429,1455
6691,5.970404562,0.8921753163,768,684,3,62,771,746
6692,3.813859592,0.1529912636,1301,1219,6,57,1307,1276
6693,2.609625457,0.3586922282,1020,941,9,57,1029,998
6694,3.651416053,0.4035539881,1242,1109,5,52,1247,1161
6695,1.53397987,3.600290576,1195,1170,2,87,1197,1257
6696,2.065374713,3.805108283,1382,1259,6,113,1388,1372
6697,1.395346756,0.08272197766,1262,1191,8,64,1270,1255
6698,1.891037556,2.781654174,1101,982,5,68,1106,1050
6699,3.352654645,0.2624901709,763,737,2,34,765,771
6700,4.53370395,0.1569346294,830,859,6,43,836,902
6701,2.972518557,2.554265551,907,769,0,74,907,843
6702,1.894477833,0.8775628145,1026,1008,7,58,1033,1066
6703,2.631763992,1.202440445,574,553,2,32,576,585
6704,4.630668051,1.633151548,1457,1377,9,101,1466,1478
6705,5.730806526,1.669508248,1079,984,3,85,1082,1069
6706,2.588060488,2.937987643,950,940,5,80,955,1020
6707,5.632861269,2.776722612,1267,1118,4,115,1271,1233
6708,3.419059841,1.134673149,697,655,1,42,698,697
6709,2.988111934,2.262125285,724,650,2,58,726,708
6710,2.535610099,1.107083922,1159,1012,1,75,1160,1087
6711,4.342905162,3.464901176,1634,1455,8,130,1642,1585
6712,5.716078716,3.580680613,1327,1213,4,125,1331,1338
6713,2.548092908,2.332706593,1375,1299,4,88,1379,1387
6714,2.445102129,3.959659402,818,746,3,65,821,811
6715,4.4351844,2.418920409,1263,1176,3,107,1266,1283
6716,1.177163926,3.870268584,1257,1193,4,89,1261,1282
6717,1.164278266,1.211046231,946,932,6,49,952,981
6718,5.222454945,3.377328305,1469,1389,4,141,1473,1530
6719,3.561332994,0.3790344345,1496,1465,7,79,1503,1544
6720,4.849790935,2.722671474,1602,1426,6,144,1608,1570
6721,2.910626166,2.95786156,1492,1490,5,116,1497,1606
6722,3.723787064,2.483141969,1555,1467,4,121,1559,1588
6723,5.477370843,3.389834559,947,891,2,96,949,987
6724,2.440301834,3.430712055,925,856,4,69,929,925
6725,3.807414907,3.06044694,1296,1170,3,97,1299,1267
6726,1.957855054,2.372774342,766,738,3,48,769,786
6727,1.880103436,1.830282211,576,515,2,37,578,552
6728,5.688323221,3.617216037,1390,1201,4,120,1394,1321
6729,1.925608755,1.464550256,772,678,4,49,776,727
6730,4.436636827,1.84250898,985,900,0,65,985,965
6731,1.345443601,3.075560601,1517,1378,3,91,1520,1469
6732,2.95807235,0.9985543022,559,534,4,28,563,562
6733,1.676541968,3.011947826,1446,1361,6,105,1452,1466
6734,5.749593386,1.176657778,719,639,0,57,719,696
6735,5.342427264,0.9534407424,1138,1144,4,71,1142,1215
6736,4.0358056,2.831144069,700,663,3,60,703,723
6737,3.349145742,0.05737340943,1038,933,6,29,1044,962
6738,4.812862782,0.3395608982,675,674,0,33,675,707
6739,1.415669029,0.5156531553,1127,1154,5,48,1132,1202
6740,5.156770996,0.1888481737,1344,1240,6,56,1350,1296
6741,4.712732446,3.636938978,812,690,1,62,813,752
6742,2.994052945,3.921356897,1401,1322,4,112,1405,1434
6743,1.908667768,3.824448456,1078,1000,5,76,1083,1076
6744,1.104087854,1.368946372,1082,1052,9,57,1091,1109
6745,4.467739429,2.485770855,597,538,0,45,597,583
6746,5.038749257,1.724222311,1246,1120,4,101,1250,1221
6747,5.081312998,2.877019815,760,709,0,55,760,764
6748,5.844227109,3.078036373,1541,1450,4,137,1545,1587
6749,3.319821371,2.35623507,553,574,6,35,559,609
6750,2.413366186,0.9542469257,799,732,3,41,802,773
6751,4.901857968,0.6434771733,697,629,1,48,698,677
6752,2.80181028,1.088004133,1565,1509,6,89,1571,1598
6753,2.187352878,0.1118147377,1076,1073,2,42,1078,1115
6754,2.381670358,2.151858363,958,983,6,74,964,1057
6755,2.049076988,2.857524752,1416,1366,6,103,1422,1469
6756,3.744086168,3.638286127,1361,1241,4,122,1365,1363
6757,3.241871245,3.704161401,1348,1278,2,109,1350,1387
6758,1.523977615,1.537265128,1227,1213,3,77,1230,1290
6759,1.340479815,0.6507837073,1275,1180,7,60,1282,1240
6760,5.334633367,3.995654412,782,705,3,88,785,793
6761,4.70318503,1.674582405,693,637,1,40,694,677
6762,3.097745863,3.441813577,1318,1208,5,120,1323,1328
6763,2.628273587,0.242597856,1486,1380,9,65,1495,1445
6764,3.752538079,0.9189108051,751,734,1,47,752,781
6765,5.397759011,2.271463578,561,539,2,50,563,589
6766,5.709956787,2.278870287,1181,1064,5,88,1186,1152
6767,5.133600247,0.06840729182,861,844,6,37,867,881
6768,5.414032689,2.421976706,794,746,4,52,798,798
6769,3.408154678,2.418368834,823,752,4,60,827,812
6770,3.323723939,1.47716523,1553,1473,5,116,1558,1589
6771,1.353828425,1.306671725,1325,1314,9,77,1334,1391
6772,5.899677866,0.4535109616,1311,1228,7,75,1318,1303
6773,4.683932427,0.7772783164,1238,1227,9,77,1247,1304
6774,1.769001318,2.993640341,990,907,5,67,995,974
6775,1.286017876,3.730340378,576,551,1,50,577,601
6776,1.888508523,3.300192431,1195,1123,3,92,1198,1215
6777,2.245767833,3.464154896,738,642,2,66,740,708
6778,1.650883896,1.271391384,1061,981,8,55,1069,1036
6779,3.425528632,0.7390844579,1525,1357,5,72,1530,1429
6780,5.269932235,3.151891772,807,733,3,76,810,809
6781,1.923980793,1.915289344,1086,1023,5,65,1091,1088
6782,4.69352675,2.773293274,671,629,1,53,672,682
6783,4.751872509,2.385735648,906,849,2,81,908,930
6784,4.857023377,0.07117570733,1615,1435,10,77,1625,1512
6785,1.251677603,2.225381045,1543,1511,8,102,1551,1613
6786,1.091886319,1.34687391,1461,1441,6,84,1467,1525
6787,2.463135266,1.760111496,1129,1142,8,71,1137,1213
6788,4.365834925,2.261271009,1455,1301,6,99,1461,1400
6789,1.863340877,0.536191863,1580,1514,10,68,1590,1582
6790,3.503343408,0.8198060561,1371,1331,8,88,1379,1419
6791,2.483140781,0.7790586303,1445,1290,4,75,1449,1365
6792,4.913053379,2.558525216,1133,1101,4,79,1137,1180
6793,4.021345645,2.728212939,654,631,3,55,657,686
6794,2.47376222,1.997018238,600,545,4,32,604,577
6795,4.242218352,1.145455007,793,765,0,49,793,814
6796,1.014227225,0.8807296118,1055,946,7,54,1062,1000
6797,5.523033992,1.682867608,1515,1377,5,95,1520,1472
6798,3.356392564,1.772396438,774,729,0,50,774,779
6799,3.739574623,2.000842521,839,849,2,59,841,908
6800,3.562477573,1.825127126,978,981,2,87,980,1068
6801,2.52824859,1.902028904,1013,940,5,80,1018,1020
6802,4.666883466,2.149096381,1646,1475,6,104,1652,1579
6803,4.040254739,3.575385894,1541,1365,4,139,1545,1504
6804,5.656896748,1.943404949,605,531,4,53,609,584
6805,5.999884844,1.061967061,1420,1375,6,110,1426,1485
6806,4.824705378,2.662175475,941,852,0,81,941,933
6807,4.431396127,3.20973097,1373,1220,5,125,1378,1345
6808,1.506876094,2.947732366,845,735,3,60,848,795
6809,5.07089971,3.104292853,1572,1452,3,108,1575,1560
6810,3.886822941,1.449163707,719,616,6,40,725,656
6811,4.182656892,3.362395145,1345,1231,4,131,1349,1362
6812,1.726016639,3.098702725,1194,1177,8,88,1202,1265
6813,4.157907988,3.808374412,1388,1284,0,131,1388,1415
6814,3.477848246,3.51250838,1325,1145,4,99,1329,1244
6815,2.464361189,1.355442307,1201,1085,6,66,1207,1151
6816,4.560179999,3.25043153,1467,1386,3,128,1470,1514
6817,1.556287747,2.02511776,955,868,2,62,957,930
6818,4.284322437,1.772180317,1131,1002,4,74,1135,1076
6819,4.961969501,0.7863857051,1167,1120,3,68,1170,1188
6820,3.00151694,0.5267790008,1556,1492,6,69,1562,1561
6821,1.718779033,3.544879392,1384,1241,7,110,1391,1351
6822,3.111742144,3.480549103,786,699,0,54,786,753
6823,1.430187404,2.472325366,711,649,5,42,716,691
6824,4.440782921,1.046161462,1533,1507,5,111,1538,1618
6825,4.245176237,2.294464784,1112,1024,4,81,1116,1105
6826,1.047961231,1.033657031,1291,1201,4,70,1295,1271
6827,3.739286637,1.950018222,1219,1087,4,104,1223,1191
6828,4.577589501,2.8329125,809,759,3,70,812,829
6829,3.369963672,3.420449859,891,856,3,72,894,928
6830,5.391529813,3.792137097,1205,1104,4,105,1209,1209
6831,1.714180313,1.708864602,589,551,2,25,591,576
6832,5.608332046,0.619276697,673,659,5,46,678,705
6833,2.742679985,3.808637814,1272,1174,3,96,1275,1270
6834,3.118367383,1.012465344,722,673,5,41,727,714
6835,1.882696597,3.429595253,1568,1510,6,109,1574,1619
6836,5.961333341,2.74983847,724,659,2,63,726,722
6837,4.593645583,2.01937587,601,510,2,44,603,554
6838,5.97954662,3.939950031,1386,1182,3,129,1389,1311
6839,1.758093723,1.356993443,1515,1467,7,104,1522,1571
6840,4.782226075,0.1588461031,1017,930,4,41,1021,971
6841,1.961003151,1.652137627,1008,918,4,78,1012,996
6842,3.963311995,0.03868359701,1439,1394,11,75,1450,1469
6843,2.785402616,2.910463188,769,681,3,59,772,740
6844,1.878403305,3.766011309,717,687,2,51,719,738
6845,1.023840304,1.581277436,1056,1119,6,52,1062,1171
6846,5.481959626,0.02107115061,560,568,3,28,563,596
6847,4.010330892,0.3460931517,909,954,3,57,912,1011
6848,3.662711617,2.634783103,1448,1338,3,110,1451,1448
6849,2.996959957,1.580725681,1385,1336,5,94,1390,1430
6850,4.748330814,1.961471659,1034,1009,1,80,1035,1089
6851,1.749540515,2.283110562,734,671,0,44,734,715
6852,2.559176894,1.323063172,1493,1400,12,97,1505,1497
6853,1.182571275,1.118366507,692,626,3,30,695,656
6854,2.084571839,1.420776164,892,866,2,51,894,917
6855,3.455295297,3.513869976,544,551,4,56,548,607
6856,4.15713562,0.1606706997,989,910,2,45,991,955
6857,3.740625393,2.609377114,722,676,0,61,722,737
6858,2.52766583,1.507526349,963,896,3,85,966,981
6859,2.059684237,2.427855984,1226,1148,3,87,1229,1235
6860,4.173802123,2.694470193,1242,1134,4,100,1246,1234
6861,4.000573271,2.566885898,580,602,4,50,584,652
6862,2.273792642,1.348991648,1624,1462,3,103,1627,1565
6863,2.995234065,2.743968637,633,574,1,54,634,628
6864,3.55993728,2.039154613,1369,1182,2,97,1371,1279
6865,3.810055254,3.351073001,1380,1287,1,104,1381,1391
6866,2.870073593,1.513623456,1303,1195,3,95,1306,1290
6867,1.793224652,3.910564042,1452,1377,4,111,1456,1488
6868,1.436304718,0.8263997761,989,908,3,46,992,954
6869,2.363209207,3.235636436,836,768,2,53,838,821
6870,3.923254807,3.70539525,796,761,4,81,800,842
6871,4.043555579,3.000137251,574,523,2,54,576,577
6872,3.625327752,2.587799747,1007,1008,2,87,1009,1095
6873,2.555056678,1.543167866,774,733,3,55,777,788
6874,2.441614166,1.051174865,1588,1517,6,112,1594,1629
6875,1.587170978,2.862581952,1424,1265,5,95,1429,1360
6876,5.245088145,3.466207189,572,560,1,49,573,609
6877,1.625206919,3.972413978,1585,1451,6,131,1591,1582
6878,2.863302192,1.649996773,1124,1004,5,64,1129,1068
6879,2.542704942,0.7505550028,1171,1089,10,74,1181,1163
6880,1.555613048,0.719855478,1440,1430,10,71,1450,1501
6881,1.328404207,1.180511455,1319,1294,6,70,1325,1364
6882,5.373172571,1.83008316,1215,1144,5,99,1220,1243
6883,4.235646891,2.273518985,1266,1182,4,85,1270,1267
6884,5.499362411,2.237775817,1097,1010,3,91,1100,1101
6885,1.558302366,3.609057466,867,813,7,68,874,881
6886,3.497620737,0.7193546836,1461,1409,7,91,1468,1500
6887,5.611417077,0.6443997986,1534,1422,9,97,1543,1519
6888,2.659437805,1.259376855,709,669,4,38,713,707
6889,2.659771119,0.1656577694,1397,1315,13,59,1410,1374
6890,5.308700418,0.3787022886,1103,1059,9,57,1112,1116
6891,5.506084976,2.536571313,1650,1533,5,125,1655,1658
6892,4.744702508,1.072533262,1022,895,2,66,1024,961
6893,3.733261248,2.000810595,1293,1200,6,82,1299,1282
6894,5.996413624,1.521745785,724,666,1,52,725,718
6895,4.836744456,0.5328768594,664,655,7,32,671,687
6896,2.576986999,2.489608183,1148,983,3,77,1151,1060
6897,3.027756945,1.431619232,1085,1047,5,71,1090,1118
6898,2.002102739,0.4088135937,1592,1558,6,68,1598,1626
6899,5.742160642,0.5996725653,671,614,5,50,676,664
6900,1.287812188,2.767377993,1071,1035,8,75,1079,1110
6901,2.02214055,2.343141935,772,716,2,59,774,775
6902,2.126511581,0.9139518159,1067,1041,6,63,1073,1104
6903,3.397961332,3.156593752,1159,1116,1,89,1160,1205
6904,3.96833204,1.102807702,591,573,1,31,592,604
6905,4.097255481,1.497951,846,826,2,66,848,892
6906,5.024695427,1.594142937,703,658,2,48,705,706
6907,4.79719982,0.9214136477,1593,1504,4,91,1597,1595
6908,4.283569431,2.8039371,878,816,2,72,880,888
6909,1.615731604,3.273058043,1387,1283,5,108,1392,1391
6910,4.453835075,3.726785344,1602,1457,3,156,1605,1613
6911,5.757266566,1.87530562,1197,1082,1,75,1198,1157
6912,2.394883641,3.760320816,875,838,4,72,879,910
6913,2.10500098,3.858550206,1366,1240,4,119,1370,1359
6914,2.654662065,1.689933488,1352,1184,6,79,1358,1263
6915,3.391171839,0.4234520224,755,717,5,41,760,758
6916,4.138426004,3.77963153,1021,897,1,104,1022,1001
6917,1.317731329,3.925386975,1583,1510,8,119,1591,1629
6918,4.297554638,3.18179429,725,623,0,56,725,679
6919,4.097481701,2.88157808,1103,1026,4,105,1107,1131
6920,3.737293941,0.9751036326,579,599,3,39,582,638
6921,4.750428017,2.706263038,1081,975,5,91,1086,1066
6922,4.877040374,1.623412494,1158,1107,3,92,1161,1199
6923,1.792680729,2.437283916,711,606,4,54,715,660
6924,1.188719315,0.4838860932,900,846,3,47,903,893
6925,3.133041811,1.478230909,681,621,3,45,684,666
6926,5.170654278,0.5577738338,1343,1292,6,82,1349,1374
6927,4.845203433,3.072053075,1188,1090,2,114,1190,1204
6928,1.623705015,3.088999945,711,652,1,44,712,696
6929,5.349868505,0.8233435335,613,563,4,43,617,606
6930,2.501134082,2.374932567,1293,1168,2,98,1295,1266
6931,1.086091614,3.477927781,720,676,0,49,720,725
6932,2.032570737,0.4213437102,1580,1530,6,74,1586,1604
6933,2.54842158,3.74436392,1328,1272,7,120,1335,1392
6934,1.279749977,2.902573664,800,784,3,53,803,837
6935,5.815168381,2.951815182,1209,1089,2,103,1211,1192
6936,1.677477662,0.3109906413,1081,1024,6,53,1087,1077
6937,5.123381842,1.268723302,907,868,5,79,912,947
6938,5.786479172,2.667775531,981,937,4,70,985,1007
6939,3.381589411,2.158167634,1312,1205,6,95,1318,1300
6940,3.847106173,1.787973678,679,629,2,49,681,678
6941,2.588198308,1.594755565,1311,1319,2,94,1313,1413
6942,2.745793387,2.148814303,1433,1464,4,119,1437,1583
6943,4.393948854,1.80379155,702,612,1,62,703,674
6944,1.71509271,2.18261115,890,852,3,65,893,917
6945,4.850104825,2.538217599,1208,1108,5,97,1213,1205
6946,5.251651686,1.251839672,1383,1271,3,97,1386,1368
6947,1.042811903,1.193108027,1021,1014,4,60,1025,1074
6948,5.407775248,1.91819623,914,831,2,75,916,906
6949,1.905075985,3.438598184,1394,1284,4,96,1398,1380
6950,2.53083796,0.9059859246,1597,1478,5,82,1602,1560
6951,4.67663147,1.280389616,741,629,1,44,742,673
6952,5.749863284,2.549494445,730,668,1,67,731,735
6953,2.144807285,0.9624145238,1319,1213,3,74,1322,1287
6954,1.716805513,1.991832827,1368,1296,6,79,1374,1375
6955,1.989698893,3.061252804,1055,1015,3,77,1058,1092
6956,5.429839349,0.001495470868,898,862,8,36,906,898
6957,5.039485084,0.1900976784,1573,1485,8,80,1581,1565
6958,5.402581675,3.121383488,1389,1289,5,136,1394,1425
6959,4.075306684,0.4658300848,1208,1116,8,64,1216,1180
6960,1.669312882,2.32626396,1585,1427,3,110,1588,1537
6961,3.557762526,0.3143395948,1393,1320,7,84,1400,1404
6962,4.934780636,1.055715914,991,955,5,62,996,1017
6963,4.156625041,1.824622403,1314,1161,9,99,1323,1260
6964,3.146535851,1.740314525,781,704,3,69,784,773
6965,3.276462107,0.6751970408,696,642,3,37,699,679
6966,2.961687236,1.621831474,1658,1455,4,106,1662,1561
6967,2.664492485,1.428996592,995,935,3,63,998,998
6968,4.058777065,2.886436666,1490,1465,4,117,1494,1582
6969,3.334115542,3.645172325,1181,1096,10,101,1191,1197
6970,3.565473513,3.018359975,902,803,2,68,904,871
6971,5.961464238,0.9525515163,1493,1320,10,82,1503,1402
6972,3.393777536,1.561120364,1408,1342,1,96,1409,1438
6973,4.545383502,2.478938584,1239,1127,3,109,1242,1236
6974,1.878634774,3.452657809,959,923,1,80,960,1003
6975,1.500071007,3.847992147,954,914,3,65,957,979
6976,3.928921473,3.908987602,895,802,2,64,897,866
6977,2.099382529,3.46321954,1591,1431,10,118,1601,1549
6978,5.264573323,2.457988887,1207,1107,3,94,1210,1201
6979,5.172902039,2.819744015,1035,979,4,78,1039,1057
6980,5.046560166,3.274439784,1286,1158,4,124,1290,1282
6981,2.146992179,1.746408939,933,799,2,60,935,859
6982,2.618081777,3.672937657,1098,957,5,100,1103,1057
6983,4.175269764,1.812282597,1368,1259,2,104,1370,1363
6984,4.764128428,2.734898511,1600,1510,6,129,1606,1639
6985,2.755239879,1.35100136,581,557,1,36,582,593
6986,3.280492366,2.776339303,1207,1098,5,87,1212,1185
6987,3.444594617,0.6280793142,1267,1193,5,69,1272,1262
6988,2.871166339,1.723737162,1229,1074,6,83,1235,1157
6989,4.34817827,2.082324518,820,682,4,49,824,731
6990,4.592682445,2.763101247,1275,1184,2,106,1277,1290
6991,3.445050627,2.252301785,754,755,2,54,756,809
6992,5.175701051,1.56413483,672,630,0,54,672,684
6993,2.622157593,2.768268081,1542,1543,3,124,1545,1667
6994,2.671792479,1.956087173,1139,1037,3,80,1142,1117
6995,4.225432874,2.570313006,1007,881,1,87,1008,968
6996,4.379829436,1.191014515,743,672,6,42,749,714
6997,2.275994754,1.023142886,1563,1425,6,68,1569,1493
6998,3.399511746,2.158915892,769,765,3,53,772,818
6999,5.532675165,1.826417692,615,555,2,50,617,605
7000,3.180467581,1.895852082,1403,1310,7,85,1410,1395
7001,3.578887256,3.090703584,974,903,1,70,975,973
7002,5.333693581,3.183532985,1460,1376,3,123,1463,1499
7003,3.08683752,2.293621472,960,955,0,64,960,1019
7004,4.965379386,0.1117028799,1504,1433,5,75,1509,1508
7005,4.249057811,1.203416996,1300,1208,6,83,1306,1291
7006,2.182470913,0.4976375806,767,747,2,33,769,780
7007,5.822181196,1.114514102,1164,1130,4,63,1168,1193
7008,5.907140423,1.953860297,1155,1078,3,86,1158,1164
7009,2.713479755,3.238442635,1254,1153,4,89,1258,1242
7010,1.251969545,0.1575794033,1098,1016,3,44,1101,1060
7011,5.74637107,0.9748555462,1209,1112,10,89,1219,1201
7012,1.718218874,1.000338666,1521,1531,2,84,1523,1615
7013,4.143084936,3.253200338,1087,979,2,101,1089,1080
7014,2.197820986,1.086587574,1332,1270,2,59,1334,1329
7015,5.460546712,2.7252766,977,884,3,76,980,960
7016,2.335422062,2.308179987,1383,1281,1,100,1384,1381
7017,3.995320591,1.197695822,776,711,1,46,777,757
7018,3.611198898,2.639831423,1535,1460,3,123,1538,1583
7019,5.534349338,2.040132758,1430,1382,5,129,1435,1511
7020,5.076547247,1.67063055,640,646,2,42,642,688
7021,4.906500804,2.73028642,1570,1419,2,144,1572,1563
7022,4.625452161,0.8504944209,604,579,3,42,607,621
7023,3.060093886,0.1524873153,854,832,3,38,857,870
7024,5.252342805,1.215377658,1591,1411,6,113,1597,1524
7025,1.55891391,1.9597219,795,763,0,58,795,821
7026,1.453044241,2.383399339,612,545,4,41,616,586
7027,3.856825662,2.731357378,1227,1161,3,115,1230,1276
7028,4.498931941,3.362596451,590,561,1,49,591,610
7029,1.723929196,1.554425494,818,791,4,50,822,841
7030,1.639444279,1.68260107,1637,1522,8,106,1645,1628
7031,3.986812672,2.466569955,1015,1002,5,89,1020,1091
7032,3.661941626,2.198287155,1444,1388,5,107,1449,1495
7033,4.777491678,2.817985005,1564,1467,5,137,1569,1604
7034,3.944998917,2.153418188,1632,1451,5,115,1637,1566
7035,2.935702732,3.121301654,911,814,3,56,914,870
7036,3.950505081,0.9848245241,1207,1080,4,75,1211,1155
7037,4.406108734,0.8270147206,996,895,7,64,1003,959
7038,3.824178662,0.3223929246,998,934,2,48,1000,982
7039,3.21164634,0.8824180165,1413,1333,4,86,1417,1419
7040,5.097591525,2.744605526,558,585,4,49,562,634
7041,2.895115756,3.668202372,1384,1263,5,93,1389,1356
7042,2.392599313,3.384623154,1039,875,4,82,1043,957
7043,1.310741484,0.08986955535,1299,1215,5,56,1304,1271
7044,5.450888299,2.271229436,717,636,1,55,718,691
7045,1.319461259,0.6960535895,803,768,4,27,807,795
7046,4.851449823,1.622164363,886,818,4,72,890,890
7047,4.261468336,2.386574879,640,599,1,50,641,649
7048,3.559060067,2.835954419,891,829,3,61,894,890
7049,1.50707352,2.768878284,666,624,2,34,668,658
7050,4.023623324,3.055247642,1239,1074,1,90,1240,1164
7051,1.564514123,0.7815668887,807,741,4,44,811,785
7052,2.981790301,2.409471996,1612,1453,3,121,1615,1574
7053,4.505372014,1.121798651,1407,1288,3,82,1410,1370
7054,3.982265191,3.459653793,614,511,1,61,615,572
7055,4.550610945,1.732923758,787,746,1,53,788,799
7056,4.231414608,2.660820524,737,643,3,52,740,695
7057,1.399897641,0.8800454976,649,653,3,41,652,694
7058,2.42825639,1.457945537,685,675,2,41,687,716
7059,3.681913143,1.919895322,1602,1445,5,110,1607,1555
7060,4.79124474,2.935546639,1611,1535,6,135,1617,1670
7061,5.716037224,2.773137566,1555,1472,6,137,1561,1609
7062,3.528280514,3.705684213,1192,1047,5,105,1197,1152
7063,5.444300006,3.516403531,705,597,2,65,707,662
7064,3.089073032,2.173454563,920,834,2,50,922,884
7065,1.247296483,2.164735026,1242,1212,4,68,1246,1280
7066,2.453634903,3.592241435,1184,1119,4,101,1188,1220
7067,1.064682073,1.493359596,1547,1565,15,83,1562,1648
7068,2.384517177,0.4513080505,878,873,8,42,886,915
7069,5.765791411,2.543262406,1243,1187,5,114,1248,1301
7070,2.428046189,2.239319786,1437,1248,9,86,1446,1334
7071,1.15531129,1.337416391,834,815,6,41,840,856
7072,4.170602354,0.6197095652,1542,1432,9,79,1551,1511
7073,4.810714638,0.3331202803,1153,1085,5,63,1158,1148
7074,1.523114907,0.9883614283,723,633,5,29,728,662
7075,4.197337765,3.713055479,1469,1302,4,152,1473,1454
7076,4.385739041,1.104913439,616,592,5,46,621,638
7077,3.32169504,3.761203532,1203,1110,2,94,1205,1204
7078,2.044119142,3.660058826,1482,1339,10,119,1492,1458
7079,1.166675731,0.2709062679,1071,1022,7,46,1078,1068
7080,1.343005834,3.571266896,1233,1217,3,93,1236,1310
7081,5.860493722,3.141766848,571,539,4,47,575,586
7082,4.098834534,1.589898512,1087,1044,0,82,1087,1126
7083,2.669994015,3.435181589,1592,1443,4,126,1596,1569
7084,1.556344734,2.919567146,956,922,3,64,959,986
7085,4.421613856,2.563907138,1233,1148,4,103,1237,1251
7086,3.542715789,2.135751964,953,885,3,56,956,941
7087,5.865510952,0.8592269031,801,700,3,67,804,767
7088,1.201179357,1.815929565,865,794,5,58,870,852
7089,2.632699761,0.417775259,534,558,1,29,535,587
7090,3.004775896,1.470978622,602,555,3,40,605,595
7091,2.110249609,3.458906957,1636,1466,6,118,1642,1584
7092,2.586403918,3.208787897,1482,1418,6,122,1488,1540
7093,5.736011276,2.766634146,793,768,3,68,796,836
7094,1.292351615,0.1826672808,1116,1066,8,46,1124,1112
7095,2.175167374,3.211772029,1476,1360,1,112,1477,1472
7096,4.445421139,1.703328149,780,763,3,47,783,810
7097,3.905918226,1.500489952,1177,1132,6,62,1183,1194
7098,5.613551166,3.841106845,1546,1426,5,146,1551,1572
7099,1.486547635,0.7973523427,1262,1196,4,54,1266,1250
7100,2.067260065,1.362320905,1405,1278,1,76,1406,1354
7101,4.563600348,0.4310877756,1432,1383,4,70,1436,1453
7102,5.718535834,3.446915936,1504,1341,4,152,1508,1493
7103,2.066383384,3.829957073,605,536,1,51,606,587
7104,4.347239709,1.604264046,971,929,5,52,976,981
7105,3.22719937,2.122501192,750,752,2,43,752,795
7106,1.881251418,1.260288,674,627,6,47,680,674
7107,3.023915851,0.3443537357,1175,1121,6,64,1181,1185
7108,4.654112919,3.7588728,1340,1244,7,118,1347,1362
7109,2.310443059,1.655166201,1380,1222,5,81,1385,1303
7110,4.633171139,3.581946543,888,806,1,73,889,879
7111,1.974131817,0.08302215435,1488,1397,6,58,1494,1455
7112,2.953517147,1.105256888,870,821,6,50,876,871
7113,3.46298367,3.005396464,1115,967,4,82,1119,1049
7114,2.819296244,1.308159428,800,782,2,50,802,832
7115,2.850758203,3.492896966,1291,1211,5,99,1296,1310
7116,1.528657561,3.678276377,1194,1112,8,90,1202,1202
7117,1.780900718,0.710300282,642,616,1,31,643,647
7118,3.617225304,0.5950995605,1103,1031,2,57,1105,1088
7119,1.341582946,1.479162744,982,934,4,49,986,983
7120,2.594279568,2.107663174,859,873,3,66,862,939
7121,2.654281664,1.004668982,1400,1271,8,79,1408,1350
7122,2.893109364,0.1574284257,905,861,3,31,908,892
7123,1.004192765,1.179528475,1185,1155,6,58,1191,1213
7124,2.472746734,1.291051144,549,571,5,28,554,599
7125,4.333141884,0.7269730121,1460,1306,7,90,1467,1396
7126,1.285751979,3.961574602,1051,1078,3,94,1054,1172
7127,2.247534021,1.039681203,1559,1494,6,85,1565,1579
7128,4.344025078,2.083167587,615,528,2,52,617,580
7129,3.309153424,3.937615155,814,713,2,59,816,772
7130,5.786575013,1.302076226,1005,881,5,76,1010,957
7131,3.041186599,0.0127014391,990,966,9,37,999,1003
7132,2.924880379,0.156071457,816,726,5,27,821,753
7133,2.362500101,3.592215287,1431,1277,7,106,1438,1383
7134,4.901194752,1.74542054,735,678,2,44,737,722
7135,3.055349075,2.319301212,785,695,3,53,788,748
7136,2.220552252,3.562937935,999,857,4,84,1003,941
7137,5.590331921,2.157481254,1406,1249,7,118,1413,1367
7138,3.861858415,0.675972379,959,919,2,58,961,977
7139,5.748915778,2.372569825,1183,1117,0,114,1183,1231
7140,4.408307902,1.635649126,1464,1393,6,122,1470,1515
7141,5.413729554,3.527020286,1190,1057,3,129,1193,1186
7142,2.29087845,1.690636428,672,661,5,46,677,707
7143,1.964561038,1.687165436,851,764,4,42,855,806
7144,1.217931627,1.04523687,600,543,3,29,603,572
7145,2.510120127,2.144310672,639,551,2,38,641,589
7146,4.709112664,2.134651027,1415,1346,3,112,1418,1458
7147,5.003554424,3.530060041,1208,1090,4,108,1212,1198
7148,4.955065586,2.959699393,937,907,2,88,939,995
7149,5.694667057,1.860845213,1410,1272,5,113,1415,1385
7150,2.697620982,3.9781209,1583,1411,5,155,1588,1566
7151,5.730429758,0.2882692508,1130,1077,3,57,1133,1134
7152,4.465280836,1.629167179,689,636,2,50,691,686
7153,4.684558322,0.5450871325,697,695,1,50,698,745
7154,5.583825331,1.242776748,1202,1112,4,89,1206,1201
7155,4.307722346,0.5296225513,888,836,4,45,892,881
7156,4.947989474,1.621675947,593,571,3,50,596,621
7157,3.112463483,2.95111915,808,688,2,59,810,747
7158,3.880095888,3.038370132,680,632,1,43,681,675
7159,2.776814538,1.833247055,593,542,0,26,593,568
7160,1.495355913,3.241210078,1077,1016,8,96,1085,1112
7161,2.483194977,3.087431925,769,783,1,56,770,839
7162,3.605775522,0.5817953825,618,581,3,34,621,615
7163,1.078619742,2.961119008,1348,1314,4,98,1352,1412
7164,2.674931976,0.7402087941,924,828,3,52,927,880
7165,3.804687024,0.1819450719,1456,1438,6,60,1462,1498
7166,3.864719126,2.251362695,1180,1108,2,83,1182,1191
7167,3.457286625,0.9388878233,1164,1125,5,87,1169,1212
7168,1.775477536,1.029140808,588,554,5,31,593,585
7169,5.605411543,2.540353878,592,521,3,40,595,561
7170,5.554178865,3.352382635,969,901,3,93,972,994
7171,1.61009889,3.307864088,1534,1508,7,118,1541,1626
7172,3.351580477,1.896619882,1390,1243,4,102,1394,1345
7173,4.116144146,0.4115710483,1507,1410,13,74,1520,1484
7174,3.299904605,2.625668342,921,816,4,64,925,880
7175,1.273898173,2.433176447,1111,1030,5,78,1116,1108
7176,4.423501859,0.8507360933,692,688,5,47,697,735
7177,3.268911878,1.433150145,956,934,0,56,956,990
7178,1.092378936,1.254233197,588,560,3,35,591,595
7179,4.580807637,3.958238065,1365,1241,2,111,1367,1352
7180,1.087664735,3.132201956,992,923,6,80,998,1003
7181,3.340167409,1.183371382,1012,957,2,44,1014,1001
7182,3.978518783,3.816135874,943,869,4,100,947,969
7183,5.044257838,0.9164902468,1588,1469,6,96,1594,1565
7184,2.653404867,0.7761374221,1231,1277,9,85,1240,1362
7185,4.804744568,0.07619389483,1412,1238,4,53,1416,1291
7186,3.595573881,3.551285962,1096,970,5,93,1101,1063
7187,4.910886479,2.852064755,1563,1370,7,109,1570,1479
7188,4.326338308,3.105949694,1285,1216,2,119,1287,1335
7189,5.474678514,3.753802735,1161,1090,3,119,1164,1209
7190,4.36839723,0.06498145101,1000,953,9,26,1009,979
7191,2.827421244,2.381209539,682,626,2,37,684,663
7192,4.184798209,1.436990485,1511,1479,7,105,1518,1584
7193,2.450313052,0.3687777134,884,861,3,50,887,911
7194,1.651799496,1.039791434,1254,1253,8,77,1262,1330
7195,2.586916316,0.2966000325,1084,995,7,51,1091,1046
7196,1.050924383,0.9047094078,1276,1183,9,61,1285,1244
7197,4.213978824,2.833951055,917,819,1,76,918,895
7198,5.899947827,0.1333463329,1574,1560,2,83,1576,1643
7199,2.48149387,2.528836448,572,585,2,45,574,630
7200,2.71599655,2.883543742,1521,1301,5,122,1526,1423
7201,3.268073658,2.400336107,1416,1299,3,97,1419,1396
7202,2.26969498,2.167859466,1155,1070,3,88,1158,1158
7203,3.143303082,3.403520677,772,749,5,68,777,817
7204,3.428472524,1.239427491,1343,1315,6,85,1349,1400
7205,5.12472453,0.1153218795,885,806,3,46,888,852
7206,4.938987706,3.134009576,790,725,1,59,791,784
7207,4.477372811,0.4569862335,1609,1423,3,95,1612,1518
7208,1.174614113,3.485429969,611,546,4,38,615,584
7209,1.294418617,0.983483062,1290,1270,6,72,1296,1342
7210,5.567672647,0.6726942957,1156,1144,5,82,1161,1226
7211,1.539841031,3.281936168,1029,1026,5,85,1034,1111
7212,4.476243969,3.278924213,1039,1053,2,97,1041,1150
7213,5.777376491,0.4620518445,818,724,2,44,820,768
7214,3.464935579,0.8187203853,806,709,4,40,810,749
7215,2.200958926,3.91592334,700,619,4,41,704,660
7216,4.176848077,0.4152860416,885,845,1,47,886,892
7217,2.783446159,1.839470905,1101,1076,8,76,1109,1152
7218,2.287784814,3.062590197,797,755,1,61,798,816
7219,2.919112611,3.958571066,1274,1172,1,106,1275,1278
7220,3.69769707,3.523746551,1050,939,1,95,1051,1034
7221,4.505880884,3.416460694,1398,1266,2,133,1400,1399
7222,2.701022061,2.464152709,900,816,5,51,905,867
7223,4.253722343,3.657107337,983,902,3,86,986,988
7224,2.547998137,2.398439487,1525,1393,5,113,1530,1506
7225,1.505462858,3.581409035,1328,1137,7,112,1335,1249
7226,1.112908067,1.380266651,1382,1317,6,64,1388,1381
7227,3.932929907,1.718428851,1137,1068,4,84,1141,1152
7228,5.489912298,0.6155016318,997,893,2,52,999,945
7229,3.225932014,0.1066256329,973,961,6,39,979,1000
7230,2.035355462,3.086248861,1205,1081,7,84,1212,1165
7231,4.136771003,0.7995688039,1565,1477,6,93,1571,1570
7232,1.378285028,0.6435536042,1596,1539,6,75,1602,1614
7233,4.49208258,2.088893707,1088,987,4,85,1092,1072
7234,4.235760213,0.6095218543,1290,1216,4,88,1294,1304
7235,1.973638977,0.2160356079,1199,1138,4,64,1203,1202
7236,4.030083742,3.121253084,736,745,2,89,738,834
7237,4.213460484,2.398779661,964,872,5,77,969,949
7238,1.191112894,1.957071368,1115,1064,2,67,1117,1131
7239,2.45168121,3.415341618,1491,1359,7,107,1498,1466
7240,2.659541537,1.20314771,1451,1386,6,81,1457,1467
7241,5.850022247,2.511531555,1540,1425,2,123,1542,1548
7242,5.263683056,1.960543741,952,869,2,85,954,954
7243,2.788096508,2.882886189,673,568,2,58,675,626
7244,4.247528488,3.442462172,719,606,2,66,721,672
7245,2.112159634,3.508355104,652,610,2,55,654,665
7246,2.547297089,2.581946795,621,562,2,42,623,604
7247,1.750957139,0.5966517464,905,817,5,37,910,854
7248,5.729550215,2.351828918,1344,1254,8,131,1352,1385
7249,5.932391435,1.532701557,857,835,3,65,860,900
7250,1.349628309,3.396778795,1556,1374,6,116,1562,1490
7251,1.05456278,1.307222575,1266,1221,5,57,1271,1278
7252,4.86849515,0.5013445414,1178,1109,4,78,1182,1187
7253,2.867143875,3.491425975,1174,1162,4,107,1178,1269
7254,5.285058807,0.5177726463,744,755,3,49,747,804
7255,4.586754135,1.260675561,1363,1314,11,84,1374,1398
7256,5.325643591,2.984095833,926,843,1,78,927,921
7257,1.655197484,2.476656079,693,685,1,45,694,730
7258,5.809934989,2.832357273,1184,1076,4,92,1188,1168
7259,4.640904542,1.535194304,794,752,2,62,796,814
7260,5.332451868,3.436420202,1002,867,4,95,1006,962
7261,2.770441219,0.2557332458,948,951,2,46,950,997
7262,2.862743564,2.405536482,1281,1157,5,92,1286,1249
7263,4.274416974,1.415458387,1219,1110,6,91,1225,1201
7264,2.856814385,2.954511495,1403,1282,4,108,1407,1390
7265,2.864384796,0.1213185409,1574,1494,13,80,1587,1574
7266,2.3883515,3.388746767,803,737,3,63,806,800
7267,3.376751585,0.7205356103,893,832,5,52,898,884
7268,1.195633525,0.7946809418,1264,1217,7,63,1271,1280
7269,2.529496896,1.062614986,884,817,3,45,887,862
7270,2.516073286,1.110248356,891,816,2,52,893,868
7271,4.793169618,0.5029428298,1334,1171,8,71,1342,1242
7272,1.692466236,2.717566617,1231,1116,2,98,1233,1214
7273,3.254835859,0.372839991,985,911,7,54,992,965
7274,2.909271374,1.414805579,763,749,2,47,765,796
7275,3.490641134,1.458448268,668,680,2,39,670,719
7276,4.990031901,0.8634096994,1026,913,7,55,1033,968
7277,2.642277399,1.069606024,696,651,1,45,697,696
7278,3.013252335,0.9444123789,1294,1216,6,77,1300,1293
7279,2.19800679,0.3248823529,1582,1503,13,72,1595,1575
7280,4.966307469,2.60688628,1367,1279,3,119,1370,1398
7281,5.137350451,2.925506285,1403,1242,4,124,1407,1366
7282,5.123447146,3.195878481,911,823,5,92,916,915
7283,1.848735534,2.481061358,1414,1246,3,95,1417,1341
7284,1.583401388,1.34097824,902,836,3,44,905,880
7285,3.377837752,0.03701651759,1032,960,5,41,1037,1001
7286,1.490278181,2.869512698,1589,1458,7,116,1596,1574
7287,5.162263707,2.1637023,611,544,1,47,612,591
7288,3.115949115,3.732948234,1301,1159,4,108,1305,1267
7289,3.296616976,3.147723037,1576,1419,4,131,1580,1550
7290,3.796728993,0.9268296683,1288,1164,11,82,1299,1246
7291,1.148862636,0.5241807667,1268,1269,10,67,1278,1336
7292,3.047933016,3.170544239,1573,1438,6,121,1579,1559
7293,1.141334701,0.4277176754,716,691,4,28,720,719
7294,1.511710015,0.1481067393,594,568,5,21,599,589
7295,1.287226104,0.4281766344,851,825,2,39,853,864
7296,3.4811409,3.330278483,1039,1011,2,90,1041,1101
7297,2.940230413,0.4302134869,891,794,7,35,898,829
7298,5.934948505,0.2623630224,1083,1086,6,64,1089,1150
7299,2.358474123,0.5451002497,1068,1054,4,57,1072,1111
7300,2.285077491,2.015736885,590,531,2,37,592,568
7301,4.402164387,0.9931185406,975,961,1,61,976,1022
7302,5.900398601,2.797547978,1149,943,4,111,1153,1054
7303,2.423070374,0.1462609189,1190,1118,8,52,1198,1170
7304,4.330196192,3.148054734,1132,982,3,95,1135,1077
7305,5.570025746,2.256243845,1481,1431,8,140,1489,1571
7306,5.008089196,0.1207693977,1641,1482,8,79,1649,1561
7307,3.571966472,3.520387413,1131,1024,4,102,1135,1126
7308,4.513935419,3.31441333,1312,1227,4,115,1316,1342
7309,5.410186235,0.1909421322,1386,1310,7,64,1393,1374
7310,3.57003275,1.736087368,989,911,3,74,992,985
7311,1.395765574,1.976756512,1362,1251,4,104,1366,1355
7312,5.755287325,0.4305989169,801,759,8,48,809,807
7313,5.642763408,2.241895842,1104,972,3,95,1107,1067
7314,4.13473746,2.945024048,962,940,6,88,968,1028
7315,4.395461719,3.276498668,1215,1065,2,94,1217,1159
7316,4.61695796,2.269200649,1330,1189,3,109,1333,1298
7317,5.70411312,2.751608434,1517,1420,5,146,1522,1566
7318,4.255985408,0.5024497335,1203,1113,5,51,1208,1164
7319,5.555408358,3.722580881,1606,1431,7,155,1613,1586
7320,4.699749867,3.604338593,1419,1320,2,123,1421,1443
7321,5.116855076,0.3419738624,697,651,1,42,698,693
7322,5.137810972,0.9381092299,1364,1272,2,89,1366,1361
7323,3.871179406,1.035651558,543,529,3,39,546,568
7324,4.492662428,0.233073847,945,819,5,42,950,861
7325,3.740684633,1.902892583,1045,1016,2,83,1047,1099
7326,3.219070373,0.1067457289,996,960,5,56,1001,1016
7327,2.622873217,1.87016352,1665,1447,3,99,1668,1546
7328,5.401869963,1.87759468,1243,1195,6,109,1249,1304
7329,4.317189933,3.719943382,959,816,5,78,964,894
7330,4.099262695,1.782526944,770,761,3,56,773,817
7331,4.192578669,1.255054541,1148,1111,3,85,1151,1196
7332,4.363681782,1.042080174,637,545,5,36,642,581
7333,2.339370785,3.012587645,634,532,3,44,637,576
7334,2.96472864,2.066703235,1597,1453,4,112,1601,1565
7335,1.395236474,1.444298715,1301,1268,5,73,1306,1341
7336,4.617509439,2.177350466,1491,1381,7,106,1498,1487
7337,2.035342213,1.462041697,1393,1254,5,92,1398,1346
7338,2.050744501,2.337114655,1091,1018,3,75,1094,1093
7339,1.533799862,2.936851695,1571,1473,7,117,1578,1590
7340,1.292126143,1.536939914,1207,1135,7,62,1214,1197
7341,1.747055053,1.129739747,785,748,4,44,789,792
7342,5.404266981,1.874455339,1586,1441,3,108,1589,1549
7343,1.404133013,1.30015806,1387,1282,7,66,1394,1348
7344,1.945677489,1.886828437,1102,973,5,73,1107,1046
7345,3.262359517,1.351536119,1567,1432,7,103,1574,1535
7346,2.283939786,1.109205484,1132,1102,0,81,1132,1183
7347,1.8638296,3.078184676,1625,1465,2,113,1627,1578
7348,4.927407294,1.927544027,1282,1242,6,112,1288,1354
7349,1.909816455,3.682307008,585,544,4,42,589,586
7350,2.813556879,1.877790863,1257,1194,6,97,1263,1291
7351,4.007310623,1.176340132,1503,1338,5,120,1508,1458
7352,2.508263572,2.13854355,1204,1075,5,66,1209,1141
7353,3.249236053,1.6548086,1288,1254,3,92,1291,1346
7354,2.09506583,0.3215973853,1356,1319,3,70,1359,1389
7355,3.535892711,1.397449298,703,655,4,42,707,697
7356,2.337511819,1.637872257,963,913,6,71,969,984
7357,2.833078918,0.2449194708,1616,1466,13,66,1629,1532
7358,4.454269328,1.399658369,1003,992,4,76,1007,1068
7359,1.660848203,2.24210822,594,534,0,41,594,575
7360,2.611348044,0.2096709727,1368,1306,11,48,1379,1354
7361,1.246524406,3.100447519,1109,1021,2,60,1111,1081
7362,3.742524644,0.8368824741,1285,1256,5,86,1290,1342
7363,3.971798043,3.515649409,1064,1009,4,81,1068,1090
7364,2.727424351,2.405593892,1119,1023,7,72,1126,1095
7365,1.813463045,1.67049249,1285,1218,8,65,1293,1283
7366,1.451273103,1.081087969,1378,1315,11,65,1389,1380
7367,1.245452017,0.8363188518,717,693,5,39,722,732
7368,5.744739724,2.046367423,1287,1149,4,122,1291,1271
7369,3.895615129,2.556740028,882,866,4,67,886,933
7370,1.404784247,0.9404354289,1354,1293,6,69,1360,1362
7371,5.677207825,1.407186258,985,928,6,68,991,996
7372,5.641879947,0.9614734327,1290,1148,5,99,1295,1247
7373,2.472689971,3.100876258,1084,1033,5,80,1089,1113
7374,5.095454302,2.390011634,1635,1456,8,131,1643,1587
7375,4.546722715,1.065350469,1391,1250,9,96,1400,1346
7376,5.924202581,1.119172636,778,751,4,58,782,809
7377,3.762658406,1.300157788,967,948,7,69,974,1017
7378,3.486194656,2.225964401,1244,1214,4,102,1248,1316
7379,3.294464241,1.935882488,874,836,3,66,877,902
7380,4.32276423,2.563010999,993,931,3,75,996,1006
7381,2.336844901,1.95493669,1450,1405,7,95,1457,1500
7382,2.666940563,2.954573922,785,705,1,59,786,764
7383,3.018487504,2.142653615,1424,1378,11,91,1435,1469
7384,3.852660298,0.2994176907,1595,1502,3,89,1598,1591
7385,4.001488746,1.527230658,815,726,1,57,816,783
7386,2.449776107,1.569697491,1074,982,4,60,1078,1042
7387,1.209508972,2.181559794,1454,1445,6,106,1460,1551
7388,1.452228594,1.186535624,612,526,0,40,612,566
7389,2.699622756,3.523859593,603,535,2,53,605,588
7390,5.578528801,1.301845236,615,534,0,42,615,576
7391,5.747328601,3.388900886,1522,1335,5,134,1527,1469
7392,3.685824927,0.534806759,1253,1207,11,76,1264,1283
7393,4.057772362,1.987633797,1544,1375,5,126,1549,1501
7394,5.395998223,1.453818016,705,660,1,50,706,710
7395,5.371496375,0.3987688297,1072,1033,2,59,1074,1092
7396,1.99440946,1.459532147,1564,1478,5,96,1569,1574
7397,4.781730802,1.731588186,1488,1368,7,115,1495,1483
7398,4.88230485,2.050301195,817,691,7,60,824,751
7399,5.626923111,3.701837377,850,795,3,118,853,913
7400,2.931041209,0.5452498791,773,785,1,29,774,814
7401,4.714047588,3.245060848,1503,1399,4,140,1507,1539
7402,5.438693903,3.954474466,1287,1105,5,134,1292,1239
7403,1.300181197,2.362027074,1256,1224,4,92,1260,1316
7404,1.839654914,1.401941682,1557,1572,12,97,1569,1669
7405,5.244626792,1.203802633,974,904,3,71,977,975
7406,5.60260487,1.686210215,1059,993,1,82,1060,1075
7407,3.922883289,3.83918598,1004,911,2,78,1006,989
7408,3.651176514,1.311372442,794,761,7,45,801,806
7409,4.262563331,2.021954876,1577,1448,5,119,1582,1567
7410,3.179373824,0.8645602206,971,900,5,51,976,951
7411,5.03147729,3.728534152,1633,1460,2,155,1635,1615
7412,1.264890829,1.139325123,701,659,3,28,704,687
7413,4.009723183,0.537616549,1258,1227,6,67,1264,1294
7414,2.875620303,2.273953301,670,620,2,43,672,663
7415,2.713866742,3.165171065,1607,1522,2,125,1609,1647
7416,3.028414714,0.5172915669,1102,1005,3,64,1105,1069
7417,2.396295496,2.561537608,1439,1429,2,108,1441,1537
7418,2.391771031,3.245006479,1262,1202,7,88,1269,1290
7419,2.287559434,0.4500159893,1034,1004,8,46,1042,1050
7420,2.556856445,3.341407559,1370,1288,4,122,1374,1410
7421,4.988312842,2.673749283,1596,1385,3,130,1599,1515
7422,3.711204067,3.401622753,606,553,2,52,608,605
7423,5.736524985,0.1770428289,1674,1575,8,77,1682,1652
7424,2.538181612,1.420543568,1428,1333,8,89,1436,1422
7425,2.053446551,3.797802888,757,712,2,57,759,769
7426,5.077784222,3.664915156,778,740,0,75,778,815
7427,5.039382148,3.631263427,1077,1042,2,91,1079,1133
7428,4.451004693,1.252246164,1464,1435,6,109,1470,1544
7429,1.933265643,1.771619589,762,713,5,45,767,758
7430,2.642002509,2.839922687,996,919,2,75,998,994
7431,5.419797646,1.705946037,1090,989,2,93,1092,1082
7432,1.802571857,3.723848035,646,655,0,39,646,694
7433,3.378844637,3.369204463,550,581,2,53,552,634
7434,3.877845433,2.893297807,1435,1325,6,129,1441,1454
7435,2.67315244,0.8641444231,774,810,0,57,774,867
7436,4.689228336,2.162018685,549,513,1,39,550,552
7437,3.53434144,0.9039204403,771,764,3,50,774,814
7438,2.352202036,2.145454801,1283,1238,4,92,1287,1330
7439,2.745680548,1.973907328,787,737,2,55,789,792
7440,1.391004825,0.002775727066,892,882,5,29,897,911
7441,4.567424948,3.016393139,968,918,4,76,972,994
7442,2.360984213,3.1628184,788,757,5,53,793,810
7443,2.224770819,2.785830656,1009,898,1,61,1010,959
7444,5.326830871,2.165458052,1363,1280,5,98,1368,1378
7445,3.836482252,1.372811159,1369,1273,3,95,1372,1368
7446,4.267468404,0.7038923653,1493,1391,3,88,1496,1479
7447,3.095612714,0.9830568493,1516,1374,8,78,1524,1452
7448,5.2939681,0.6695163205,1287,1207,5,81,1292,1288
7449,4.021672514,1.900107323,602,547,2,38,604,585
7450,2.899655594,0.09336539609,1357,1285,6,53,1363,1338
7451,5.387346102,3.581548902,1596,1439,3,140,1599,1579
7452,5.797512092,0.5860120814,873,799,3,47,876,846
7453,2.531949852,1.441365504,1353,1306,7,96,1360,1402
7454,4.457543492,0.1857293366,1142,1175,7,68,1149,1243
7455,3.501273605,3.117962884,1007,899,2,87,1009,986
7456,3.32166228,3.731802189,568,556,2,58,570,614
7457,3.999908777,2.661685377,1187,1071,6,103,1193,1174
7458,5.984146775,2.133721179,747,719,3,68,750,787
7459,3.071958398,1.050153438,1091,1016,3,63,1094,1079
7460,4.298276109,1.790578846,1253,1204,3,100,1256,1304
7461,2.276210554,3.78282812,928,791,2,86,930,877
7462,5.344088312,3.492584547,758,734,1,75,759,809
7463,4.251012921,2.930474144,823,735,3,71,826,806
7464,4.444448405,1.139790396,1458,1390,4,86,1462,1476
7465,2.562820696,2.558311214,762,751,3,50,765,801
7466,3.977620364,2.491473789,1580,1488,2,145,1582,1633
7467,1.486803208,2.309694678,882,799,3,55,885,854
7468,5.66540165,0.1070961032,1392,1338,10,45,1402,1383
7469,5.797376964,0.9181270594,1228,1152,4,67,1232,1219
7470,3.155974059,2.366480551,1166,1122,3,88,1169,1210
7471,3.746043868,2.787723959,1224,1228,5,97,1229,1325
7472,4.529499204,2.28469821,1025,1027,3,78,1028,1105
7473,3.973865685,2.870892938,1581,1394,6,139,1587,1533
7474,2.228070862,2.873012226,1114,1047,3,72,1117,1119
7475,4.659235086,1.836028166,1391,1286,7,108,1398,1394
7476,2.977345078,3.545864553,1197,1233,3,133,1200,1366
7477,4.117555329,0.9869262503,1030,905,4,54,1034,959
7478,4.778589413,0.6499041465,981,958,5,60,986,1018
7479,4.358335521,2.465713785,1504,1397,1,125,1505,1522
7480,3.417000087,3.164482973,714,621,1,63,715,684
7481,2.549328044,0.5844232981,1396,1292,8,70,1404,1362
7482,4.090823801,3.67160083,576,529,2,50,578,579
7483,1.886961158,3.58992781,791,654,3,68,794,722
7484,5.582272601,0.4254252591,702,678,3,37,705,715
7485,2.18532774,0.5866525471,1161,1117,7,59,1168,1176
7486,2.668745457,3.526208613,902,767,0,72,902,839
7487,5.580220926,2.174417413,706,653,1,57,707,710
7488,4.599260626,1.903923394,1006,1025,2,64,1008,1089
7489,1.703925328,2.750313205,752,732,3,52,755,784
7490,5.232271009,2.102098204,793,699,2,58,795,757
7491,4.366044746,0.4930755657,969,813,3,44,972,857
7492,5.925807401,2.772671288,1170,1084,1,108,1171,1192
7493,4.924109554,3.086096547,1525,1435,3,133,1528,1568
7494,3.846946327,1.97997343,1367,1308,9,116,1376,1424
7495,4.618809433,3.10482837,1042,1007,1,88,1043,1095
7496,5.460499147,0.1257096283,751,742,3,36,754,778
7497,4.854848554,2.58508946,913,838,3,70,916,908
7498,3.851195971,2.344375256,1373,1292,5,115,1378,1407
7499,4.154446162,1.044914242,708,645,1,49,709,694
7500,2.513133777,3.068014447,583,498,0,44,583,542
7501,5.371980148,1.804199202,570,576,3,46,573,622
7502,5.435358245,0.09541570813,692,663,6,39,698,702
7503,1.863421909,2.540000128,571,571,4,41,575,612
7504,5.998074097,1.01522946,1376,1298,3,112,1379,1410
7505,4.075494756,2.743971052,623,544,1,52,624,596
7506,5.646129426,1.379065147,637,563,2,44,639,607
7507,3.687531312,1.46292174,1034,928,4,73,1038,1001
7508,1.244729387,3.710511865,575,519,1,50,576,569
7509,3.012811229,1.575587312,1066,1043,12,60,1078,1103
7510,5.107233911,2.506893401,1411,1250,3,128,1414,1378
7511,4.318028096,3.557409253,1185,1017,3,103,1188,1120
7512,4.768818427,2.513038689,1285,1233,1,103,1286,1336
7513,3.477152357,0.3139358192,1135,1208,5,55,1140,1263
7514,5.608303283,2.00878554,1022,1034,2,92,1024,1126
7515,5.029038821,1.938760707,1493,1287,4,112,1497,1399
7516,1.428301329,1.071694229,1259,1152,11,58,1270,1210
7517,1.582577639,2.420921489,1050,988,5,67,1055,1055
7518,5.36786401,2.798350239,870,799,3,76,873,875
7519,1.711190265,1.513218357,1188,1131,5,56,1193,1187
7520,3.810676857,3.802686774,1017,906,1,97,1018,1003
7521,4.184367907,1.794663281,929,841,2,69,931,910
7522,2.736807582,3.44676454,1197,1084,5,104,1202,1188
7523,1.506688566,2.268152596,1179,1100,4,80,1183,1180
7524,2.39003792,1.57149283,697,678,3,42,700,720
7525,4.226144351,2.150841179,1548,1458,3,149,1551,1607
7526,4.70307931,2.181625941,1423,1246,3,110,1426,1356
7527,3.953452992,0.3053639119,701,649,0,35,701,684
7528,1.889502017,0.4033151607,1393,1273,11,54,1404,1327
7529,5.228747815,2.162997109,614,558,5,57,619,615
7530,1.195170733,0.5335629622,1592,1548,11,72,1603,1620
7531,5.956317332,0.7714676275,1007,908,9,49,1016,957
7532,4.39150355,0.1757080708,1327,1160,7,78,1334,1238
7533,2.417941274,2.389763862,1533,1486,5,117,1538,1603
7534,3.740955395,1.105641321,925,887,3,73,928,960
7535,3.649219462,3.780919831,1089,1012,6,91,1095,1103
7536,3.500651006,1.098361758,980,925,2,57,982,982
7537,4.616930546,1.510196511,961,968,4,71,965,1039
7538,3.932786849,3.240888709,602,514,2,48,604,562
7539,4.298098041,0.7590069064,919,892,6,55,925,947
7540,5.543821892,3.264317134,585,521,0,51,585,572
7541,3.873622712,3.607916988,1477,1342,1,151,1478,1493
7542,3.538112462,3.263899515,1323,1198,3,97,1326,1295
7543,1.025651418,3.992819759,1549,1488,4,123,1553,1611
7544,3.441544703,0.449789066,1201,1123,6,76,1207,1199
7545,1.323011601,3.224814002,1064,1028,6,76,1070,1104
7546,3.134352203,3.772092358,1142,1130,1,102,1143,1232
7547,3.079897636,2.29300278,588,557,2,31,590,588
7548,4.157201145,0.4884459631,753,820,2,44,755,864
7549,2.643135491,3.810638471,798,746,5,72,803,818
7550,5.136509621,3.248273086,1266,1111,5,120,1271,1231
7551,3.695389906,3.985104222,810,785,4,67,814,852
7552,4.905637189,0.443597399,1003,984,8,63,1011,1047
7553,4.143821135,0.4638659181,1358,1218,9,74,1367,1292
7554,4.316875616,2.707253012,1199,1104,5,101,1204,1205
7555,2.913522814,1.077307995,1078,1002,1,70,1079,1072
7556,2.091914694,2.690549592,1101,989,6,92,1107,1081
7557,2.780076044,0.07474106773,1226,1263,13,57,1239,1320
7558,2.456390889,0.7817478478,886,814,7,45,893,859
7559,1.769519086,2.884457351,1551,1405,3,124,1554,1529
7560,5.783884168,3.974937871,819,721,2,64,821,785
7561,2.814509208,3.844605568,1666,1489,5,144,1671,1633
7562,4.161854243,1.205057275,973,958,1,48,974,1006
7563,1.236943001,2.863292423,1060,999,4,77,1064,1076
7564,4.845737073,1.599319875,684,644,1,48,685,692
7565,2.468485325,1.668293709,613,565,2,35,615,600
7566,3.445620683,1.223813041,1107,1018,3,73,1110,1091
7567,5.586369366,1.1316392,797,808,2,57,799,865
7568,3.960193449,0.7772220188,983,936,2,64,985,1000
7569,2.095083249,1.202222073,1584,1500,6,104,1590,1604
7570,5.338254867,1.357097672,1411,1298,5,92,1416,1390
7571,5.683780546,1.184587594,1217,1099,2,76,1219,1175
7572,2.204951314,3.213200713,838,851,1,80,839,931
7573,2.182604501,3.690267609,1319,1247,4,105,1323,1352
7574,2.289630073,0.07819210897,996,992,3,44,999,1036
7575,4.558626003,1.637633107,1385,1274,6,97,1391,1371
7576,5.9181291,1.329298684,957,925,7,63,964,988
7577,2.107839969,1.52829527,971,906,7,67,978,973
7578,2.351361004,1.707448624,1197,1138,6,79,1203,1217
7579,2.280657127,0.4159292441,1371,1318,9,60,1380,1378
7580,2.424033069,2.197932661,717,634,4,53,721,687
7581,1.696375658,0.7012057901,1133,1191,7,63,1140,1254
7582,1.652586613,1.255082237,950,903,7,56,957,959
7583,5.096599663,0.7172646669,971,937,4,52,975,989
7584,2.903434415,3.020453764,1089,1044,5,79,1094,1123
7585,3.648348828,1.760690329,1207,1081,5,86,1212,1167
7586,1.300980133,0.4663989508,909,882,4,42,913,924
7587,2.879155797,3.350113147,715,639,2,49,717,688
7588,2.877907355,1.01950249,1380,1352,3,73,1383,1425
7589,5.489759766,3.069119227,796,722,2,61,798,783
7590,5.938230494,2.853704505,696,648,4,46,700,694
7591,5.076084433,3.205620529,597,517,2,40,599,557
7592,1.376659148,2.610476319,1297,1175,7,97,1304,1272
7593,2.735037589,2.457896454,1374,1330,5,103,1379,1433
7594,5.855912435,3.730714233,1474,1380,2,114,1476,1494
7595,3.940497491,0.335312229,1209,1189,6,57,1215,1246
7596,1.130222528,0.6495808427,767,723,7,34,774,757
7597,2.771607868,3.008014063,1165,1130,1,84,1166,1214
7598,3.953456837,2.604838865,1637,1420,4,112,1641,1532
7599,5.179436048,2.083860453,1156,1074,3,98,1159,1172
7600,1.559145769,3.614945959,1145,1134,4,85,1149,1219
7601,4.277243953,1.093202466,891,860,6,64,897,924
7602,3.333783567,3.703057291,719,632,1,49,720,681
7603,2.259003272,3.333960872,1018,933,3,77,1021,1010
7604,3.781164722,2.482880887,563,556,1,45,564,601
7605,3.533877257,3.789304064,865,824,2,82,867,906
7606,1.599566875,0.3635160891,1471,1384,4,71,1475,1455
7607,1.028624684,0.1257333125,1403,1345,8,64,1411,1409
7608,2.250579559,2.446204621,1441,1295,6,102,1447,1397
7609,5.919431366,1.61987607,1092,1059,4,82,1096,1141
7610,3.065093321,1.599244661,655,648,1,43,656,691
7611,2.390848884,1.935443756,603,550,1,36,604,586
7612,2.424178779,1.444626114,1061,919,5,65,1066,984
7613,1.9318075,2.0247718,1149,1049,3,70,1152,1119
7614,1.126428809,0.2708234561,1515,1390,3,71,1518,1461
7615,5.592549742,3.305598266,625,580,0,58,625,638
7616,5.71510791,3.989559276,892,747,2,79,894,826
7617,5.175186051,3.734325513,1449,1333,3,165,1452,1498
7618,4.544461343,3.552688628,1597,1465,6,149,1603,1614
7619,5.387083406,2.436847125,1163,1113,6,80,1169,1193
7620,5.454419893,3.562015236,1469,1313,5,153,1474,1466
7621,2.196493645,1.497902801,931,854,4,66,935,920
7622,4.983794305,0.5874735751,1148,1153,8,70,1156,1223
7623,3.745452968,2.65506749,1591,1462,3,119,1594,1581
7624,3.003428794,3.076230685,1463,1379,3,141,1466,1520
7625,1.471857148,2.186593956,1336,1330,10,102,1346,1432
7626,3.759403161,0.1107787467,1199,1149,4,41,1203,1190
7627,3.430250147,2.207497302,1315,1124,4,93,1319,1217
7628,1.614573537,2.777274073,818,708,2,59,820,767
7629,3.868289603,2.665146138,1469,1362,6,122,1475,1484
7630,5.998100519,3.896542044,575,535,2,49,577,584
7631,4.5367116,1.522332566,1105,956,5,68,1110,1024
7632,5.437759284,2.073524112,1012,934,5,68,1017,1002
7633,1.027121388,3.350464417,1136,1130,5,77,1141,1207
7634,4.024529467,3.031782012,606,517,4,45,610,562
7635,3.734594319,3.933785608,635,525,1,65,636,590
7636,3.484919847,2.076109672,1497,1399,8,100,1505,1499
7637,2.05452713,2.823149718,1474,1397,9,94,1483,1491
7638,4.657206443,1.53431318,1206,1118,5,96,1211,1214
7639,5.466613078,2.837039703,603,578,1,39,604,617
7640,2.130754057,3.353581462,610,571,3,42,613,613
7641,5.198414558,1.13783786,967,943,1,69,968,1012
7642,1.085096365,2.463537496,1034,927,5,60,1039,987
7643,5.942452906,3.406539061,714,684,5,74,719,758
7644,5.688332206,1.8629534,1421,1326,4,106,1425,1432
7645,2.9634085,2.516745456,1443,1396,8,114,1451,1510
7646,3.075976309,3.297892824,1257,1212,2,109,1259,1321
7647,2.43860676,1.258522717,1030,922,3,54,1033,976
7648,4.549478242,2.306330599,1053,955,3,91,1056,1046
7649,2.850774861,2.723672739,1375,1287,4,108,1379,1395
7650,2.561454175,2.736254767,790,715,2,57,792,772
7651,1.08208445,0.5508644795,1001,1057,4,44,1005,1101
7652,5.203588715,1.196416591,1286,1222,6,103,1292,1325
7653,2.381285465,2.379035572,979,913,3,84,982,997
7654,2.679688672,1.645989954,629,580,5,29,634,609
7655,3.749526281,3.990962281,1609,1400,4,147,1613,1547
7656,3.53103078,1.992501178,708,669,2,39,710,708
7657,1.383338529,3.456985124,752,747,7,73,759,820
7658,1.057244216,3.416574957,1217,1113,5,70,1222,1183
7659,5.316750334,3.068547604,1187,1037,1,120,1188,1157
7660,1.248630447,3.73066796,1214,1068,4,73,1218,1141
7661,4.898986342,1.508442694,1554,1465,9,98,1563,1563
7662,5.191752604,0.5852950959,682,609,2,43,684,652
7663,1.470362737,0.4661056063,1098,1054,6,47,1104,1101
7664,1.552599557,1.328314382,748,671,2,49,750,720
7665,4.998424228,0.05568504657,979,916,5,45,984,961
7666,1.183105335,3.84607954,1194,1102,13,94,1207,1196
7667,2.373585014,2.342055133,1530,1503,8,101,1538,1604
7668,3.671392854,2.554292529,1475,1336,4,139,1479,1475
7669,4.960114874,2.878693432,1605,1470,7,153,1612,1623
7670,4.881210226,0.5988217024,1102,1067,5,61,1107,1128
7671,3.358035811,2.874879473,1421,1322,3,110,1424,1432
7672,3.672783646,3.804264889,892,844,3,73,895,917
7673,5.675353235,0.4546739399,696,645,3,31,699,676
7674,3.045574333,3.634325032,1512,1389,7,108,1519,1497
7675,4.331022571,0.2227342777,1318,1227,8,70,1326,1297
7676,3.903115002,2.897105454,1432,1370,6,116,1438,1486
7677,2.636830225,1.734081698,996,928,4,68,1000,996
7678,5.038208392,2.962662132,685,564,0,71,685,635
7679,3.928076827,2.350981826,1054,968,3,75,1057,1043
7680,2.196563217,2.36812978,1456,1440,4,106,1460,1546
7681,1.242590796,1.95684626,1536,1484,8,96,1544,1580
7682,2.064283033,3.503762521,1652,1416,3,110,1655,1526
7683,2.079232067,1.413146854,1500,1416,8,89,1508,1505
7684,1.271834773,0.8211945964,1260,1279,7,76,1267,1355
7685,2.807524697,1.638093755,871,825,6,62,877,887
7686,3.411189093,1.362656832,1016,941,3,67,1019,1008
7687,2.21115138,0.4975852174,1460,1392,5,78,1465,1470
7688,2.576029562,1.073235939,1090,1007,5,58,1095,1065
7689,3.063405643,1.042535203,1298,1206,7,85,1305,1291
7690,4.330462809,2.322168926,715,661,3,46,718,707
7691,2.964712658,0.09107840602,707,672,2,29,709,701
7692,2.544206086,1.223804967,1390,1304,4,94,1394,1398
7693,5.627698797,2.316413454,678,610,1,66,679,676
7694,3.027941431,3.516889556,701,644,4,48,705,692
7695,1.445982242,3.529173169,1231,1132,3,93,1234,1225
7696,4.357823175,2.51204916,1524,1354,1,131,1525,1485
7697,5.310949967,1.46540737,1071,997,3,90,1074,1087
7698,5.127636136,1.031594351,797,704,2,59,799,763
7699,5.300234757,3.602076555,1615,1471,4,162,1619,1633
7700,2.788035461,1.228565281,1212,1143,10,64,1222,1207
7701,4.389597611,0.2644742708,1540,1516,8,75,1548,1591
7702,3.545055539,2.02323909,718,692,0,41,718,733
7703,5.01358421,3.661286668,1578,1378,4,173,1582,1551
7704,1.433009408,0.9822748647,905,815,4,49,909,864
7705,1.561208169,2.421927799,1362,1320,7,90,1369,1410
7706,4.200624024,3.389133046,1189,1068,4,96,1193,1164
7707,5.699533586,0.7179218046,1470,1323,5,88,1475,1411
7708,1.120351732,2.738243897,1049,1061,8,66,1057,1127
7709,1.149664862,3.4600122,820,731,4,46,824,777
7710,5.046012607,1.306976363,1568,1447,12,102,1580,1549
7711,2.853535827,1.883721399,701,655,2,44,703,699
7712,3.387416286,1.844722606,607,577,1,53,608,630
7713,3.926238538,3.171462997,811,734,0,71,811,805
7714,5.098131033,1.436495875,1487,1308,4,118,1491,1426
7715,5.747461325,2.402048979,1538,1464,6,150,1544,1614
7716,1.233365719,3.671226061,1498,1293,7,101,1505,1394
7717,3.526537366,2.447056896,984,926,5,75,989,1001
7718,4.801364036,3.353352367,1134,1082,5,114,1139,1196
7719,3.212629368,3.700051067,607,503,0,50,607,553
7720,1.80405378,3.05803989,861,813,2,66,863,879
7721,4.839364215,3.14404669,1249,1080,5,88,1254,1168
7722,1.555140285,2.928724869,612,584,2,52,614,636
7723,3.826700268,1.695195216,1107,1076,4,84,1111,1160
7724,2.803508848,2.954496706,569,556,1,48,570,604
7725,4.558783018,2.229693126,539,581,0,36,539,617
7726,1.839110567,0.5884589698,953,903,4,48,957,951
7727,4.68725684,1.334283168,1449,1379,9,119,1458,1498
7728,2.76446134,0.837030346,1601,1529,8,96,1609,1625
7729,4.89080363,2.536439917,1375,1356,7,123,1382,1479
7730,1.953440037,2.081183719,722,672,2,43,724,715
7731,5.583234086,2.794961995,1305,1202,6,98,1311,1300
7732,3.364850553,2.284037908,680,644,4,43,684,687
7733,4.177201746,0.5939657416,1585,1553,2,84,1587,1637
7734,4.131196398,1.894911146,569,597,1,32,570,629
7735,5.095836119,2.960226292,1277,1129,4,125,1281,1254
7736,5.672211861,1.273666628,850,835,4,63,854,898
7737,4.807219377,2.026796169,1263,1119,6,85,1269,1204
7738,5.395444739,2.179303876,788,713,1,71,789,784
7739,1.163440866,0.5080001164,593,581,8,27,601,608
7740,5.319056365,0.7034731348,592,549,1,31,593,580
7741,1.161588845,0.9486553974,1584,1486,7,91,1591,1577
7742,5.042272001,2.218079086,583,513,2,43,585,556
7743,5.069617318,0.5442069284,803,750,1,46,804,796
7744,1.261789197,3.066529117,1572,1536,6,126,1578,1662
7745,2.465420723,1.467099316,1105,1011,5,73,1110,1084
7746,3.225781212,3.343053474,615,524,1,48,616,572
7747,1.161227901,2.028526209,1288,1177,7,70,1295,1247
7748,1.475696432,0.6192963366,882,833,4,45,886,878
7749,2.211783573,0.03427697355,1595,1555,11,56,1606,1611
7750,1.662473514,2.366347186,1073,988,4,71,1077,1059
7751,2.926344088,0.003596377951,715,764,2,25,717,789
7752,1.868847632,3.516355793,1091,1004,1,77,1092,1081
7753,1.735971217,0.9088014985,1096,992,6,67,1102,1059
7754,5.935932278,0.5162998838,870,821,6,52,876,873
7755,4.974249642,3.254618878,1286,1183,5,141,1291,1324
7756,5.910870637,0.6925335643,1583,1441,6,82,1589,1523
7757,5.838973648,1.807920265,1214,1114,0,103,1214,1217
7758,5.308522992,2.561170177,881,811,5,63,886,874
7759,2.819287588,3.320175113,1473,1348,4,116,1477,1464
7760,5.313827438,2.200704018,1489,1300,3,134,1492,1434
7761,4.365126567,3.407947861,1027,974,3,92,1030,1066
7762,2.202339295,1.637623124,1491,1355,6,93,1497,1448
7763,1.996558668,0.2935210971,1178,1181,4,55,1182,1236
7764,3.988915503,1.23390741,597,587,4,49,601,636
7765,5.186299958,2.59935571,972,946,7,86,979,1032
7766,1.373926342,3.937983592,1373,1319,4,106,1377,1425
7767,2.750530649,0.5852030628,1071,1021,2,49,1073,1070
7768,5.836720039,3.090075923,1419,1220,4,122,1423,1342
7769,5.690620231,2.842285967,1422,1258,5,151,1427,1409
7770,3.752152636,0.5629135827,1275,1291,5,71,1280,1362
7771,3.802961379,2.782407526,1009,895,0,91,1009,986
7772,2.468523696,3.452179064,1141,1123,0,97,1141,1220
7773,4.127005777,3.606855182,993,882,4,88,997,970
7774,3.662920685,2.622243515,1280,1190,2,100,1282,1290
7775,5.081854594,3.836812311,986,879,3,90,989,969
7776,1.500995819,2.031128741,886,823,5,62,891,885
7777,1.804250676,0.8007632481,1400,1337,8,75,1408,1412
7778,4.264556069,1.793570965,1403,1274,7,94,1410,1368
7779,5.426077696,0.221178656,1544,1557,13,89,1557,1646
7780,5.659299045,0.6125964814,845,729,3,43,848,772
7781,2.40641173,1.749209645,1149,1049,4,83,1153,1132
7782,3.39054595,2.432627177,1236,1071,2,94,1238,1165
7783,4.707739025,2.469945695,1372,1307,3,112,1375,1419
7784,5.342625755,2.842892415,948,797,3,61,951,858
7785,5.933827348,0.3600138189,1296,1296,5,77,1301,1373
7786,3.901125535,1.409453741,1466,1392,6,89,1472,1481
7787,4.847024955,3.628473519,903,840,2,95,905,935
7788,2.443768576,3.781104321,1342,1171,9,106,1351,1277
7789,3.493037072,2.336149607,915,796,0,64,915,860
7790,2.332578236,1.497477278,1064,1028,2,65,1066,1093
7791,3.758492319,3.400441364,821,700,1,65,822,765
7792,4.309917592,1.766645786,1418,1279,4,93,1422,1372
7793,4.460142859,3.307387406,588,534,2,48,590,582
7794,4.530610375,2.188156861,571,568,1,52,572,620
7795,2.055586006,0.771969861,1133,1096,2,48,1135,1144
7796,3.829614305,2.992472937,1138,1078,5,102,1143,1180
7797,1.188901894,2.358977811,799,702,4,51,803,753
7798,4.460529386,1.448648757,1474,1451,5,105,1479,1556
7799,4.071541624,2.701059009,1490,1355,8,135,1498,1490
7800,2.28055856,0.6791639765,1264,1185,9,72,1273,1257
7801,3.899511309,2.817265768,1384,1280,4,126,1388,1406
7802,3.761730631,0.3928577512,1176,1124,11,45,1187,1169
7803,1.029506336,2.245206816,992,981,2,68,994,1049
7804,3.395097822,1.190008775,1345,1294,4,90,1349,1384
7805,3.436975211,1.025292299,910,781,3,52,913,833
7806,5.043688172,1.520452168,874,832,2,53,876,885
7807,1.301431052,3.701299595,893,850,0,72,893,922
7808,1.753755731,3.829588981,800,753,3,65,803,818
7809,5.024447416,1.768734564,985,939,4,71,989,1010
7810,5.15341401,1.492305983,1442,1342,2,99,1444,1441
7811,4.30329484,2.292280949,619,544,3,47,622,591
7812,4.241950756,2.467618889,1287,1135,4,110,1291,1245
7813,5.682330893,2.257392411,1166,1097,4,88,1170,1185
7814,3.014260616,0.9349870603,1573,1462,6,100,1579,1562
7815,4.718084177,1.729579364,1342,1307,1,112,1343,1419
7816,4.531020967,1.147196489,994,936,3,66,997,1002
7817,4.16750612,1.155551736,1088,1014,4,62,1092,1076
7818,5.522880517,1.695836721,984,957,2,73,986,1030
7819,1.787444401,0.7888828224,608,579,7,19,615,598
7820,1.25838872,3.082456163,787,761,5,48,792,809
7821,4.238867084,0.07900266437,1527,1554,12,76,1539,1630
7822,3.53620312,0.09780866425,1202,1111,7,48,1209,1159
7823,1.365866869,3.892011968,684,647,3,48,687,695
7824,4.162759528,1.758046938,812,737,3,47,815,784
7825,4.825695979,1.523759805,976,945,3,73,979,1018
7826,2.955956333,3.662686573,873,845,3,75,876,920
7827,1.801196636,0.04652261823,1561,1538,6,59,1567,1597
7828,4.637967229,0.5767120537,1278,1242,9,89,1287,1331
7829,1.06407238,1.836166654,830,721,1,44,831,765
7830,4.430096053,2.120631054,1396,1264,4,108,1400,1372
7831,2.956870565,1.073737844,1584,1400,8,108,1592,1508
7832,2.018018749,0.9313000094,1546,1388,4,93,1550,1481
7833,3.166647418,3.592681938,594,554,0,45,594,599
7834,4.080067691,1.982017991,703,618,2,56,705,674
7835,3.764972517,3.982629329,652,657,0,62,652,719
7836,5.695615548,2.1731636,915,768,2,74,917,842
7837,5.459437165,1.259289099,1228,1103,1,89,1229,1192
7838,3.523571335,0.9866871715,1101,1028,2,73,1103,1101
7839,1.038093477,1.80659222,818,728,4,39,822,767
7840,4.211057231,3.103390386,1338,1302,7,108,1345,1410
7841,4.144142385,0.08993475177,1067,1070,3,38,1070,1108
7842,5.88294016,2.752737034,1547,1305,4,122,1551,1427
7843,5.368245435,0.5836499748,1258,1165,7,95,1265,1260
7844,3.445404734,2.05240116,1217,1101,4,97,1221,1198
7845,1.946919134,0.1366561791,600,601,5,25,605,626
7846,3.212243651,3.500374659,937,951,2,86,939,1037
7847,3.060776149,0.3519402034,1137,1124,11,42,1148,1166
7848,3.529014942,3.758328963,873,880,1,84,874,964
7849,2.965704737,0.9844132437,1146,1107,5,66,1151,1173
7850,4.512138539,3.230635927,1603,1466,9,156,1612,1622
7851,5.377467313,0.667839329,1054,1088,0,83,1054,1171
7852,1.067251254,2.276619984,700,677,1,54,701,731
7853,1.838398034,2.265923236,1230,1110,3,70,1233,1180
7854,4.240562857,1.93340709,768,737,2,62,770,799
7855,5.556880909,3.382276071,972,864,2,85,974,949
7856,1.590567381,2.274525512,1095,970,1,65,1096,1035
7857,2.4244866,0.9131578944,946,914,4,52,950,966
7858,1.990103805,0.4290508313,1566,1368,8,81,1574,1449
7859,1.301933563,0.5757496841,1508,1425,4,69,1512,1494
7860,1.944163414,1.467970623,1157,1166,6,65,1163,1231
7861,1.747292504,2.869090792,1384,1249,9,94,1393,1343
7862,2.056694654,3.541143189,608,568,5,49,613,617
7863,1.74551175,2.660836963,596,570,3,42,599,612
7864,1.815377168,3.237006267,763,757,1,51,764,808
7865,1.898145594,2.407185282,849,855,4,63,853,918
7866,2.124539316,3.865315502,988,876,3,72,991,948
7867,4.845454925,2.916348731,1299,1140,3,102,1302,1242
7868,4.482412012,2.563639988,566,543,2,58,568,601
7869,1.279206467,1.55522834,1437,1296,13,79,1450,1375
7870,3.517510852,2.309702087,959,946,3,96,962,1042
7871,5.289987587,2.503559444,620,516,3,59,623,575
7872,3.794757583,1.414007715,1092,1032,4,85,1096,1117
7873,5.792013424,2.410276548,1589,1344,3,126,1592,1470
7874,4.40397324,2.812711147,1442,1249,3,127,1445,1376
7875,4.724694082,3.052062674,1041,1049,2,96,1043,1145
7876,1.87161482,1.057587225,1154,1078,7,65,1161,1143
7877,2.805399526,3.99023737,603,513,3,56,606,569
7878,1.317028571,2.412247968,947,927,4,70,951,997
7879,2.730914065,1.262910775,698,649,2,42,700,691
7880,5.311663042,1.202905675,879,811,5,60,884,871
7881,4.773720641,3.012264362,598,539,1,51,599,590
7882,4.409706365,2.069374151,638,569,5,46,643,615
7883,3.08022084,0.07969061218,631,631,2,23,633,654
7884,5.739932745,2.538678175,596,538,0,66,596,604
7885,5.072708019,0.5476808038,1076,1022,8,66,1084,1088
7886,1.753147799,2.448526524,1517,1376,4,97,1521,1473
7887,4.040364488,1.624204529,839,835,3,69,842,904
7888,3.155615272,3.621171201,683,631,3,54,686,685
7889,3.607945974,2.661010238,789,725,1,53,790,778
7890,2.329486724,2.015732526,1359,1249,6,85,1365,1334
7891,2.667662589,1.599974998,1386,1329,8,72,1394,1401
7892,5.900426762,3.99149856,810,743,3,80,813,823
7893,1.398803588,1.123060275,1588,1522,3,94,1591,1616
7894,2.413737358,0.4666596738,916,854,6,37,922,891
7895,2.95094559,2.763137359,1026,930,1,79,1027,1009
7896,4.187741445,0.6690780397,1229,1107,3,65,1232,1172
7897,2.262432197,3.888185692,604,515,2,43,606,558
7898,5.990430497,3.759049275,1161,952,3,124,1164,1076
7899,4.477216057,0.8634994063,699,647,2,50,701,697
7900,1.374856557,3.44375023,1249,1239,8,94,1257,1333
7901,1.535700875,0.6131962694,1435,1303,7,58,1442,1361
7902,2.606560951,2.516110105,675,665,1,55,676,720
7903,5.266073495,1.012671785,1358,1264,4,85,1362,1349
7904,3.063709836,2.964064869,1591,1425,2,108,1593,1533
7905,4.219680416,2.12017014,959,930,0,91,959,1021
7906,3.471004535,3.686666207,1499,1417,2,164,1501,1581
7907,3.13647701,0.390509125,1111,1027,8,54,1119,1081
7908,5.428398963,0.2777792417,1326,1174,5,74,1331,1248
7909,5.445423101,1.514086662,1383,1321,3,99,1386,1420
7910,1.182951505,3.771439886,1002,957,5,77,1007,1034
7911,1.062100217,2.692694532,1405,1226,7,86,1412,1312
7912,5.488810421,3.135149441,911,823,4,83,915,906
7913,3.874674645,3.361820974,1371,1260,1,115,1372,1375
7914,4.307996922,0.6694033777,1585,1491,7,98,1592,1589
7915,3.734178717,2.085021949,1336,1185,3,97,1339,1282
7916,3.076975757,3.531658397,1436,1314,5,109,1441,1423
7917,5.094961199,2.845866464,886,771,1,70,887,841
7918,2.03644892,3.784594887,896,829,0,67,896,896
7919,4.245241413,3.572425459,1107,1011,3,121,1110,1132
7920,2.89612759,1.196819277,1340,1292,7,68,1347,1360
7921,2.852466756,2.53970607,556,559,0,46,556,605
7922,1.922954016,3.035384773,1575,1491,2,112,1577,1603
7923,4.96205232,2.400015726,893,838,1,66,894,904
7924,2.787086483,0.09139174592,1200,1095,5,43,1205,1138
7925,2.163931691,3.658295374,1253,1197,5,103,1258,1300
7926,4.278884472,3.251084721,1181,1109,2,116,1183,1225
7927,5.632436227,3.589065302,576,540,3,49,579,589
7928,5.04611027,1.260792481,816,686,1,51,817,737
7929,2.514597378,3.099796597,1230,1139,3,81,1233,1220
7930,5.153133661,2.061212783,1081,976,4,87,1085,1063
7931,3.840532022,1.569553835,1006,882,4,77,1010,959
7932,3.019936119,3.68283039,1151,1095,3,100,1154,1195
7933,3.477989984,3.318539467,827,817,2,76,829,893
7934,4.608537301,2.221616688,736,614,3,52,739,666
7935,3.905194374,3.07725928,902,844,2,76,904,920
7936,3.005838573,3.572280605,1240,1246,6,100,1246,1346
7937,3.220080426,3.507893029,1333,1228,1,118,1334,1346
7938,4.313570055,1.923846144,1157,1076,6,79,1163,1155
7939,5.38858766,1.505757575,594,564,3,49,597,613
7940,4.531040122,2.730802823,961,900,2,76,963,976
7941,4.0273138,1.127959286,690,689,4,38,694,727
7942,2.762106969,3.974577013,1604,1416,5,131,1609,1547
7943,2.524399166,3.950065828,1332,1152,7,110,1339,1262
7944,1.032415223,1.485847869,932,903,6,58,938,961
7945,2.234220672,0.2077095417,1492,1416,10,61,1502,1477
7946,4.736102326,3.873425429,1445,1359,6,143,1451,1502
7947,1.992977554,0.2369391483,1009,963,3,41,1012,1004
7948,3.502964305,0.2176684776,1339,1313,9,64,1348,1377
7949,2.69652297,1.666735151,697,654,1,53,698,707
7950,1.88281516,0.7745262296,1492,1437,9,78,1501,1515
7951,5.054953063,0.7117199242,812,733,4,49,816,782
7952,3.137757636,1.930031154,1484,1346,6,97,1490,1443
7953,2.672099936,2.376698757,1618,1489,4,94,1622,1583
7954,1.989547253,2.390819477,1039,1043,6,87,1045,1130
7955,1.878593645,3.92823389,982,913,5,59,987,972
7956,4.161427873,0.6833671074,1043,1046,7,88,1050,1134
7957,2.38843638,1.590594178,1395,1303,6,71,1401,1374
7958,2.800079858,3.31782613,685,616,1,63,686,679
7959,1.252327106,1.965961212,1328,1149,4,75,1332,1224
7960,5.738064114,3.059215036,578,558,1,64,579,622
7961,5.590038897,3.530507821,1278,1142,3,124,1281,1266
7962,5.334932474,0.9082689552,609,516,3,38,612,554
7963,3.755496653,2.185985922,946,932,3,88,949,1020
7964,2.32526893,2.279610822,1429,1369,5,100,1434,1469
7965,5.444009079,3.745367058,1387,1288,6,123,1393,1411
7966,4.262261441,1.756207257,1268,1250,6,81,1274,1331
7967,4.215990523,2.888679433,1459,1446,4,114,1463,1560
7968,4.797462848,0.7795314444,1342,1258,7,80,1349,1338
7969,1.047563432,0.31137107,1654,1547,12,64,1666,1611
7970,4.793065868,1.187690507,671,636,1,52,672,688
7971,5.108796656,3.066553933,583,519,0,58,583,577
7972,1.363370482,0.2921773813,1072,1049,10,64,1082,1113
7973,3.240701163,2.857419575,870,803,2,75,872,878
7974,2.402419086,1.890960605,1324,1229,6,66,1330,1295
7975,5.697366479,3.066329433,813,752,1,90,814,842
7976,4.615744133,3.632691702,1146,1018,3,121,1149,1139
7977,3.940050191,2.179804075,1514,1356,10,115,1524,1471
7978,5.947867947,1.503098374,1450,1359,9,87,1459,1446
7979,4.333261257,1.206646441,1430,1261,5,98,1435,1359
7980,4.051008607,2.361327991,1344,1233,3,112,1347,1345
7981,5.600299851,3.849636232,1534,1390,2,160,1536,1550
7982,4.470992534,3.60547417,1099,1030,5,91,1104,1121
7983,1.783969786,2.007703442,1337,1193,7,97,1344,1290
7984,3.590674611,2.00325037,892,804,1,62,893,866
7985,5.263452676,0.08606719558,600,562,5,26,605,588
7986,2.234996523,3.495724438,1244,1210,1,100,1245,1310
7987,1.833086199,0.7514267132,611,562,2,28,613,590
7988,2.673713638,2.784137203,979,908,3,76,982,984
7989,3.870612572,2.839700353,751,758,3,59,754,817
7990,4.706776124,2.276957316,677,662,0,59,677,721
7991,4.839570474,3.571027036,1627,1437,3,132,1630,1569
7992,4.955976667,3.418571772,997,843,0,92,997,935
7993,3.235677524,2.852290841,667,670,3,65,670,735
7994,3.464109075,2.064071274,627,563,3,42,630,605
7995,3.930767034,3.675938685,1132,1018,3,98,1135,1116
7996,1.707060293,3.614379204,823,702,5,59,828,761
7997,1.417895392,1.108159527,807,703,5,37,812,740
7998,2.156332753,3.947653368,1449,1257,3,117,1452,1374
7999,5.962974807,1.679172153,1319,1312,5,97,1324,1409
8000,1.870160467,1.033297855,1488,1395,11,87,1499,1482
8001,5.708100948,1.299401707,1576,1493,10,105,1586,1598
8002,3.860600446,2.172888819,1506,1386,2,93,1508,1479
8003,1.79883107,0.7311922686,1235,1275,1,63,1236,1338
8004,3.599775756,2.699975349,578,551,1,44,579,595
8005,1.736113235,1.078285765,1017,925,3,42,1020,967
8006,3.777967183,1.318185416,1198,1102,5,70,1203,1172
8007,3.656129741,1.351392758,1192,1051,6,92,1198,1143
8008,3.60977008,3.499989927,1254,1146,4,117,1258,1263
8009,2.829649483,0.3641601213,678,664,2,34,680,698
8010,4.404343256,1.006073286,1497,1387,3,104,1500,1491
8011,4.178835488,3.120546309,611,558,1,52,612,610
8012,3.045851729,3.373740481,1272,1182,3,106,1275,1288
8013,4.538030376,1.67428632,1474,1365,3,125,1477,1490
8014,3.612601716,1.815825501,763,763,2,50,765,813
8015,5.150073382,1.40364588,1407,1263,5,102,1412,1365
8016,2.761953709,2.533580306,665,630,1,43,666,673
8017,4.516179112,1.130452635,1365,1291,3,98,1368,1389
8018,2.459149836,2.586126217,1087,1021,2,80,1089,1101
8019,5.957391441,3.143036693,1191,1020,1,107,1192,1127
8020,3.63348594,3.347945886,993,940,3,105,996,1045
8021,3.964737775,2.431371677,684,646,0,70,684,716
8022,5.753583247,3.566519242,1079,1026,4,123,1083,1149
8023,2.838515909,0.03275021076,1010,954,5,33,1015,987
8024,1.151215232,3.466246713,1391,1310,3,101,1394,1411
8025,2.995835954,3.94927791,1043,988,2,94,1045,1082
8026,3.157710609,2.372635792,1226,1162,1,98,1227,1260
8027,5.305030526,1.386326202,568,527,1,35,569,562
8028,5.241585677,1.263471469,858,874,4,62,862,936
8029,2.868203643,2.989233891,1559,1477,3,138,1562,1615
8030,5.678792416,2.276782538,1616,1466,5,143,1621,1609
8031,3.374975854,3.436411707,1187,1069,4,99,1191,1168
8032,4.688933303,0.09792343219,1008,940,4,41,1012,981
8033,4.321571107,1.614317626,671,622,2,46,673,668
8034,2.733547251,1.167707697,1449,1257,7,76,1456,1333
8035,4.987154964,1.403507439,1116,1137,4,88,1120,1225
8036,1.39858042,2.55749159,805,710,3,46,808,756
8037,4.484527776,3.220909881,997,919,2,82,999,1001
8038,3.715829122,1.427633887,1372,1316,9,80,1381,1396
8039,4.253978588,3.66632917,743,726,2,66,745,792
8040,5.720200331,2.214421173,976,946,1,88,977,1034
8041,2.459068505,2.289298017,595,558,2,39,597,597
8042,1.433976762,3.357973692,1477,1349,5,108,1482,1457
8043,1.956337663,0.2410816628,832,783,2,36,834,819
8044,3.54649074,2.078691506,878,804,1,71,879,875
8045,4.026641233,1.945524024,1160,1109,4,97,1164,1206
8046,5.720045526,0.4969704253,609,573,3,38,612,611
8047,2.464476776,1.195421964,944,945,4,62,948,1007
8048,4.096242715,1.961418451,1365,1312,3,98,1368,1410
8049,2.34437475,0.3261255289,845,815,4,36,849,851
8050,1.923434225,3.011310291,561,545,4,48,565,593
8051,1.018233097,3.874167084,830,835,2,55,832,890
8052,3.331046701,2.207751423,814,725,3,61,817,786
8053,5.465675902,3.735036186,730,626,5,67,735,693
8054,3.765568428,3.074703733,1062,974,5,99,1067,1073
8055,3.024052161,0.04828490205,672,657,2,28,674,685
8056,3.635589827,2.13578573,1025,971,4,70,1029,1041
8057,4.921979473,3.55354176,565,555,1,70,566,625
8058,4.031124601,1.854584209,583,543,5,35,588,578
8059,3.270592486,2.237893829,610,530,2,40,612,570
8060,2.132657777,2.405315098,1379,1263,6,97,1385,1360
8061,5.887210715,3.420413213,812,673,2,74,814,747
8062,4.270807682,3.699934449,1588,1422,5,161,1593,1583
8063,1.081857314,0.4748734035,1354,1305,15,56,1369,1361
8064,2.097507877,2.211950962,1290,1218,1,102,1291,1320
8065,4.047643411,3.87011076,1482,1390,1,150,1483,1540
8066,4.300464548,1.119590719,1490,1396,6,106,1496,1502
8067,4.650346382,3.484976904,722,583,4,63,726,646
8068,5.52411801,3.036337595,1527,1367,6,128,1533,1495
8069,3.628579386,1.291133361,1183,1080,9,79,1192,1159
8070,3.645019451,0.3198853506,1590,1486,9,102,1599,1588
8071,2.9650835,2.07917602,766,743,2,59,768,802
8072,1.535261494,0.9229577125,957,960,4,56,961,1016
8073,3.198681021,0.6784817892,1214,1097,5,60,1219,1157
8074,4.258346466,1.052550362,1290,1216,3,96,1293,1312
8075,3.175714319,0.2035171077,613,542,1,19,614,561
8076,4.042251805,0.2747982132,1326,1275,10,60,1336,1335
8077,2.18290996,0.640275741,967,989,5,49,972,1038
8078,4.447964494,0.3022186575,764,763,1,38,765,801
8079,4.837636329,1.496384803,1267,1200,4,92,1271,1292
8080,1.4194411,2.715233635,1090,1038,3,61,1093,1099
8081,1.845425093,3.671159964,771,746,3,54,774,800
8082,3.219337453,2.026897491,1636,1500,8,116,1644,1616
8083,3.056795995,1.071393593,621,571,4,34,625,605
8084,5.510885184,3.713911407,695,646,1,77,696,723
8085,2.864021837,2.082785235,713,675,2,57,715,732
8086,3.675613958,0.5944582209,1579,1529,7,102,1586,1631
8087,5.544919046,3.654503246,1282,1139,5,137,1287,1276
8088,2.346221249,2.834345387,746,701,1,62,747,763
8089,4.415760987,0.05217573278,1089,1041,4,50,1093,1091
8090,5.837064113,3.101204995,1280,1157,4,115,1284,1272
8091,4.081369962,0.3440552061,691,679,5,40,696,719
8092,3.228213005,1.130658322,1590,1512,7,82,1597,1594
8093,4.267374145,1.843675041,1180,1162,2,86,1182,1248
8094,1.669428298,3.482467427,606,573,2,39,608,612
8095,2.072590544,0.07501653717,872,821,2,24,874,845
8096,5.980683902,3.588894093,1077,968,1,110,1078,1078
8097,4.267664527,1.472954487,577,547,1,50,578,597
8098,4.098862254,0.3018746625,1465,1414,6,89,1471,1503
8099,4.181725457,0.8440135915,1238,1189,1,77,1239,1266
8100,3.159677674,1.405554034,1427,1345,10,97,1437,1442
8101,3.567976148,1.828424768,655,631,1,40,656,671
8102,3.112629535,1.153577175,820,742,2,59,822,801
8103,1.556641277,0.9222778723,692,676,6,27,698,703
8104,4.537217472,3.04335404,1011,949,3,79,1014,1028
8105,4.6091633,0.2576805464,899,808,6,35,905,843
8106,3.591328075,1.680009938,1163,1089,7,70,1170,1159
8107,2.571587811,1.33252321,778,727,2,56,780,783
8108,1.74778398,3.243676066,871,820,3,76,874,896
8109,5.95013803,2.60222058,1215,1163,2,118,1217,1281
8110,2.474074688,2.226115451,1245,1070,4,85,1249,1155
8111,1.14065005,3.643607787,688,637,2,56,690,693
8112,3.643679072,2.691599748,687,635,4,59,691,694
8113,2.929754263,3.341092446,1151,1104,5,103,1156,1207
8114,1.643268879,2.349160307,882,849,3,52,885,901
8115,3.155968391,0.07106426502,1605,1470,5,62,1610,1532
8116,5.352031398,0.2009629251,898,833,1,40,899,873
8117,3.202468365,0.4980795956,1495,1487,9,83,1504,1570
8118,1.387525272,1.591207992,1409,1399,11,92,1420,1491
8119,1.837662743,2.893714345,1573,1482,3,107,1576,1589
8120,1.45005345,0.6473612365,659,645,4,38,663,683
8121,4.3707077,3.5324689,1367,1277,2,118,1369,1395
8122,4.007233784,3.239367163,1203,1060,2,91,1205,1151
8123,4.90547854,2.200119209,784,681,2,56,786,737
8124,5.322336022,3.15629753,1183,1092,3,94,1186,1186
8125,3.073103011,2.196255577,702,642,4,55,706,697
8126,5.435801335,1.497622955,1626,1389,6,112,1632,1501
8127,2.259374693,0.642135643,590,547,3,33,593,580
8128,4.741411703,3.804883924,1344,1207,2,119,1346,1326
8129,4.458988942,0.7460220461,781,745,3,50,784,795
8130,4.55864687,0.4074417908,786,727,4,53,790,780
8131,1.703297507,0.6232658994,1596,1465,10,71,1606,1536
8132,4.27530927,3.86564741,568,538,1,66,569,604
8133,2.903582421,3.624234114,1232,1191,4,99,1236,1290
8134,1.93474618,2.062379852,1501,1413,8,99,1509,1512
8135,2.6196584,3.324849032,1155,1118,3,87,1158,1205
8136,2.941451556,2.590020498,778,737,1,60,779,797
8137,5.925219626,0.4030209712,600,583,1,37,601,620
8138,5.863612882,1.793720025,765,764,5,60,770,824
8139,5.646082404,1.3049974,1354,1178,5,87,1359,1265
8140,1.325432419,2.767813601,1550,1479,7,97,1557,1576
8141,3.688676036,3.511784432,1381,1336,2,113,1383,1449
8142,3.114449296,3.071708214,1209,1091,3,96,1212,1187
8143,3.196423329,2.816364411,693,632,3,59,696,691
8144,3.927109398,3.962638434,1548,1471,6,142,1554,1613
8145,3.45783482,2.703060756,980,886,2,91,982,977
8146,1.44982329,0.3735970197,1481,1463,7,64,1488,1527
8147,5.905985476,2.703030503,1613,1496,3,144,1616,1640
8148,3.573990191,2.713385005,1376,1266,1,106,1377,1372
8149,3.619337168,3.038396216,1612,1455,3,147,1615,1602
8150,3.603492044,2.41669497,1377,1308,3,86,1380,1394
8151,5.280840363,3.925837709,1018,875,0,90,1018,965
8152,4.865626666,0.4832108036,761,791,2,37,763,828
8153,3.740895075,0.8514742973,1183,1132,10,74,1193,1206
8154,4.645445181,0.3026062368,841,755,1,51,842,806
8155,3.285191335,1.188927529,779,720,6,43,785,763
8156,4.865825097,0.5637910392,960,953,5,64,965,1017
8157,1.203924422,3.893372701,1261,1167,3,89,1264,1256
8158,3.270569828,2.00417868,1566,1438,7,131,1573,1569
8159,1.719248513,3.97218637,1401,1244,2,95,1403,1339
8160,3.809587126,0.9873257921,1585,1485,8,76,1593,1561
8161,2.858771745,1.269131704,1231,1136,2,75,1233,1211
8162,5.082573479,2.650310706,1079,970,4,90,1083,1060
8163,5.763524285,0.08805938207,1026,972,5,38,1031,1010
8164,3.060287692,1.886436008,568,541,3,51,571,592
8165,4.011039946,0.3873322201,1169,1194,10,59,1179,1253
8166,5.977178669,1.13619438,864,812,3,61,867,873
8167,1.977042579,0.1175545023,987,925,3,49,990,974
8168,4.522309548,1.946566603,1368,1261,6,89,1374,1350
8169,2.131171185,3.900620917,1453,1283,8,98,1461,1381
8170,5.912450507,2.172942895,923,902,2,88,925,990
8171,1.376447029,0.9404804927,710,622,5,34,715,656
8172,3.11718571,2.11714677,1554,1478,11,110,1565,1588
8173,5.213032325,1.183438491,850,823,5,67,855,890
8174,4.543803682,3.095675472,910,808,1,82,911,890
8175,2.025585965,3.013530622,1547,1368,6,121,1553,1489
8176,1.671483208,0.4413879772,1180,1184,9,52,1189,1236
8177,4.520772843,0.1231506801,910,879,7,54,917,933
8178,4.90164466,1.89251269,1547,1484,4,137,1551,1621
8179,3.458619014,0.4094573596,709,695,2,32,711,727
8180,3.938820222,0.3985842868,760,752,6,44,766,796
8181,1.146701866,2.643650635,1594,1558,8,116,1602,1674
8182,2.274993276,1.350222167,605,548,2,31,607,579
8183,4.587030714,0.5229906185,559,553,2,28,561,581
8184,3.991601149,2.876268023,1468,1359,7,114,1475,1473
8185,1.59028576,2.44447852,538,506,3,32,541,538
8186,4.392369722,2.443803141,1295,1216,6,98,1301,1314
8187,5.206282448,2.683675751,756,738,3,73,759,811
8188,3.831395245,3.045495431,1000,868,7,88,1007,956
8189,2.472415807,3.191619312,1511,1461,4,121,1515,1582
8190,3.477931596,0.3787542394,911,806,2,50,913,856
8191,5.80652511,3.501040771,982,934,2,88,984,1022
8192,2.093258687,3.98904303,697,620,2,54,699,674
8193,1.974431578,0.9173314845,1568,1455,7,80,1575,1535
8194,3.13502496,2.835296267,596,526,2,41,598,567
8195,3.406839036,0.9542890688,689,691,3,37,692,728
8196,3.590345033,2.771683161,881,813,3,74,884,887
8197,3.601525061,1.484237008,1441,1390,5,88,1446,1478
8198,3.173260607,3.84690352,882,814,2,66,884,880
8199,3.387458812,1.479413266,723,654,4,41,727,695
8200,3.623388867,0.0405504141,685,688,2,37,687,725
8201,3.915353375,0.3619709361,778,791,4,28,782,819
8202,3.98922086,3.531502674,894,824,2,77,896,901
8203,1.998757781,2.677251851,1007,958,1,61,1008,1019
8204,4.996237951,3.941614298,1060,983,2,116,1062,1099
8205,1.587831467,0.6872626893,898,837,3,49,901,886
8206,2.810653885,3.092870175,1582,1412,4,133,1586,1545
8207,2.34834517,3.552831409,1216,1161,5,92,1221,1253
8208,2.96150794,3.414378837,1461,1396,6,104,1467,1500
8209,3.739941362,3.696924826,811,699,1,59,812,758
8210,1.356231181,0.7692474811,1398,1374,7,60,1405,1434
8211,1.426510373,2.283710842,1363,1250,4,91,1367,1341
8212,3.442114135,2.301890102,1123,1002,3,80,1126,1082
8213,5.501041826,2.249164255,801,705,2,56,803,761
8214,4.845443931,3.65630429,1598,1442,8,132,1606,1574
8215,1.237352815,2.765998792,593,557,4,39,597,596
8216,4.272314754,0.3862591838,1497,1368,4,70,1501,1438
8217,1.436407686,3.853478531,992,977,5,67,997,1044
8218,5.81737886,3.104530261,825,726,2,66,827,792
8219,5.655693216,2.923654737,880,802,4,75,884,877
8220,3.257163656,1.478731169,1207,1085,7,91,1214,1176
8221,4.310693482,3.925186037,1411,1273,4,140,1415,1413
8222,2.258659742,3.849403254,1394,1320,5,113,1399,1433
8223,3.397675579,2.246734078,1358,1321,5,111,1363,1432
8224,5.900741695,3.443429884,594,526,2,54,596,580
8225,2.31732612,2.160568204,684,610,3,49,687,659
8226,3.914670467,2.698448667,1588,1435,3,127,1591,1562
8227,2.063807755,3.026112851,1094,1029,3,69,1097,1098
8228,1.853595937,1.117647075,1408,1265,7,79,1415,1344
8229,4.760096045,3.987438079,1111,947,1,107,1112,1054
8230,3.950004494,3.893928536,1141,996,5,79,1146,1075
8231,3.96751344,2.515101202,1147,1112,4,97,1151,1209
8232,5.284869595,2.753115039,1015,1011,5,84,1020,1095
8233,3.061428092,0.9743730106,1606,1441,12,107,1618,1548
8234,2.626960402,0.4347641304,1364,1299,5,74,1369,1373
8235,2.155852207,2.226930995,846,795,1,61,847,856
8236,4.110154455,2.663037699,1079,1003,1,95,1080,1098
8237,5.195320107,1.820625778,1033,916,3,73,1036,989
8238,2.14663591,2.738624556,1453,1402,7,122,1460,1524
8239,3.647286644,1.117825831,717,625,4,39,721,664
8240,1.676953577,3.813425444,700,664,1,54,701,718
8241,2.973119754,3.365788617,676,630,0,69,676,699
8242,3.165913303,0.6824698683,1099,1064,4,59,1103,1123
8243,2.816930944,1.072735792,1200,1129,8,63,1208,1192
8244,2.825448347,2.426639286,1407,1251,5,102,1412,1353
8245,4.917535659,1.88134777,1342,1299,3,103,1345,1402
8246,2.735873877,1.022603208,1094,996,4,64,1098,1060
8247,3.098999445,3.06314309,811,792,4,77,815,869
8248,5.294753485,0.3029856372,644,681,1,35,645,716
8249,4.546602143,2.495082932,914,842,1,75,915,917
8250,2.605279251,0.2821419407,750,751,2,28,752,779
8251,1.891552069,0.8977905877,1419,1265,5,66,1424,1331
8252,4.387381576,1.407073115,1559,1423,5,94,1564,1517
8253,1.688133572,3.490597341,810,707,1,51,811,758
8254,4.564821116,3.011410128,718,643,0,70,718,713
8255,4.167190944,3.429465122,1592,1422,5,124,1597,1546
8256,4.36119459,3.275314606,791,724,3,73,794,797
8257,2.103206028,1.628052608,1166,1106,2,69,1168,1175
8258,2.808666492,3.217547192,1092,983,3,99,1095,1082
8259,1.23000387,1.904357342,1014,971,3,57,1017,1028
8260,3.930169423,3.104864576,896,821,2,65,898,886
8261,2.161075234,2.263008074,1402,1255,7,72,1409,1327
8262,3.499844904,0.9145238713,617,590,0,27,617,617
8263,5.362420504,1.742874149,1436,1216,5,110,1441,1326
8264,1.063581992,1.072761195,584,558,4,28,588,586
8265,1.511414915,1.890054599,743,696,7,55,750,751
8266,5.084212457,3.232053042,807,725,3,76,810,801
8267,4.197389611,2.491181337,1388,1229,4,131,1392,1360
8268,4.92115844,3.764617333,714,639,3,54,717,693
8269,3.670167829,3.679691769,1103,976,2,101,1105,1077
8270,4.886919663,0.1806030817,1198,1142,4,67,1202,1209
8271,2.162140704,2.952067917,1262,1135,6,106,1268,1241
8272,3.846931625,1.894938581,1252,1215,3,93,1255,1308
8273,4.215347306,0.008194211228,965,973,7,40,972,1013
8274,2.903686767,0.7123734692,886,848,2,58,888,906
8275,5.428814291,0.2933410088,1357,1194,9,70,1366,1264
8276,1.593874929,1.651127739,1018,885,3,56,1021,941
8277,1.646285289,2.477352174,544,531,5,34,549,565
8278,4.044352604,1.008054178,1283,1182,5,76,1288,1258
8279,5.573375718,2.139101623,843,881,2,69,845,950
8280,5.976246859,3.015611091,683,643,0,64,683,707
8281,3.704899623,2.103419303,1540,1465,3,157,1543,1622
8282,1.815207419,1.62759395,701,628,5,32,706,660
8283,3.521189219,0.8563146886,569,587,0,36,569,623
8284,4.250891383,2.113111062,1399,1274,2,110,1401,1384
8285,1.114593602,1.635305443,692,638,1,36,693,674
8286,2.205278885,3.230468072,1084,979,4,88,1088,1067
8287,3.832433981,0.4085715319,974,892,2,50,976,942
8288,3.536021699,2.356332202,620,567,1,46,621,613
8289,4.004835583,2.117932036,1476,1366,2,129,1478,1495
8290,2.637654389,1.029647263,1215,1090,6,82,1221,1172
8291,5.279835786,3.207752331,895,796,2,74,897,870
8292,5.499638871,0.3901279688,1367,1315,5,65,1372,1380
8293,1.153862106,0.3115460233,1433,1423,6,64,1439,1487
8294,2.453744033,1.787611758,1321,1189,4,91,1325,1280
8295,5.890190837,2.276987683,903,827,3,75,906,902
8296,5.594234797,3.458567602,592,535,1,50,593,585
8297,3.774862045,0.08091052634,1207,1110,8,54,1215,1164
8298,1.543469596,3.017714408,1369,1276,4,99,1373,1375
8299,1.262982376,0.2424709804,1100,1024,5,49,1105,1073
8300,2.553408517,3.620329034,1033,1027,0,84,1033,1111
8301,3.173307302,2.209142036,1083,973,4,73,1087,1046
8302,2.546280043,1.507023262,1327,1183,4,83,1331,1266
8303,3.447123977,0.7478293753,1104,1006,3,70,1107,1076
8304,5.454343249,2.798966344,894,799,3,83,897,882
8305,4.832039297,1.355396859,775,745,4,54,779,799
8306,1.423966098,2.47648688,1164,1086,7,86,1171,1172
8307,2.284789723,3.094145512,647,624,3,51,650,675
8308,1.408337655,2.416667095,919,878,6,55,925,933
8309,4.795625255,0.9824999021,1035,990,3,72,1038,1062
8310,1.396861621,0.6138917658,890,845,3,34,893,879
8311,2.759668152,0.09423824589,1048,1042,8,37,1056,1079
8312,1.842666563,2.534132736,665,643,4,50,669,693
8313,1.315630864,3.548960421,599,560,2,47,601,607
8314,4.768315992,3.765568107,1083,1007,3,98,1086,1105
8315,2.40633678,2.565798568,1410,1287,2,112,1412,1399
8316,4.158097908,3.041125832,1121,1125,3,116,1124,1241
8317,5.236313904,1.767580476,836,835,1,77,837,912
8318,4.95064335,3.376355083,1517,1296,3,115,1520,1411
8319,5.054664798,2.669829186,698,635,2,52,700,687
8320,1.858664146,2.791614024,676,632,2,43,678,675
8321,3.090527448,3.262015281,1560,1470,5,144,1565,1614
8322,1.873452008,0.7153764443,615,654,5,33,620,687
8323,4.022887865,1.484700033,1216,1102,6,87,1222,1189
8324,4.219134706,1.626332935,1077,1017,4,79,1081,1096
8325,5.265549726,1.3932679,999,1008,1,70,1000,1078
8326,2.893063946,1.907228308,1490,1354,8,106,1498,1460
8327,4.476123462,0.9112451327,1222,1086,6,73,1228,1159
8328,5.789692503,2.230800206,800,750,1,68,801,818
8329,1.48031721,1.698598217,1079,1034,9,60,1088,1094
8330,1.548460203,0.4228277512,1045,1035,5,48,1050,1083
8331,4.006081178,0.9490958106,1237,1265,4,85,1241,1350
8332,2.944507618,2.794641541,1213,1063,2,86,1215,1149
8333,1.885827836,2.372682382,857,780,5,59,862,839
8334,4.66179603,2.862123461,966,924,4,82,970,1006
8335,4.654522825,1.70597007,1011,911,1,65,1012,976
8336,3.379746427,2.650531849,818,732,2,58,820,790
8337,1.191386901,3.177903543,892,825,5,65,897,890
8338,1.24273934,3.207004941,1114,995,1,64,1115,1059
8339,2.585620414,3.317216835,1027,939,1,71,1028,1010
8340,3.337494871,3.910951444,1079,1006,3,109,1082,1115
8341,1.85661981,2.026929348,1360,1381,7,102,1367,1483
8342,1.459258295,0.949172908,596,558,6,35,602,593
8343,3.231361254,2.499065864,923,922,1,84,924,1006
8344,1.284373189,0.596542837,1108,1101,9,58,1117,1159
8345,1.262545164,0.6569894061,596,593,4,25,600,618
8346,2.770768935,1.238157863,687,654,7,42,694,696
8347,3.004643033,2.6233871,1565,1441,10,143,1575,1584
8348,3.520457188,2.991819964,1629,1476,5,148,1634,1624
8349,5.13203431,3.19553583,1099,945,2,96,1101,1041
8350,5.986100451,2.661022203,1276,1155,4,100,1280,1255
8351,4.883082851,0.8417606901,1480,1373,9,83,1489,1456
8352,1.05893301,2.504184056,1289,1194,4,78,1293,1272
8353,3.509326289,3.276204393,1571,1380,6,136,1577,1516
8354,3.329069809,0.4519557534,1203,1116,5,55,1208,1171
8355,2.794257835,1.922218573,735,640,1,46,736,686
8356,5.091710506,1.371529161,1195,1130,2,88,1197,1218
8357,5.108511899,0.5814890664,1287,1234,6,66,1293,1300
8358,1.373727575,3.352831127,773,689,4,60,777,749
8359,2.191866807,3.28167994,1271,1216,7,116,1278,1332
8360,3.600493898,2.080677615,1548,1390,5,131,1553,1521
8361,5.98118821,1.493273671,1287,1226,1,104,1288,1330
8362,1.153486937,3.720983903,1304,1171,4,101,1308,1272
8363,3.158290407,1.497771821,993,880,8,65,1001,945
8364,4.430098782,3.995658872,1119,1069,4,113,1123,1182
8365,3.235905743,3.938965265,787,772,1,64,788,836
8366,4.88783073,1.002348276,1154,1115,6,60,1160,1175
8367,4.261655982,2.004342402,1338,1298,3,118,1341,1416
8368,3.016568499,3.440856019,1517,1316,5,138,1522,1454
8369,4.480208847,3.703796602,865,758,5,75,870,833
8370,3.564489663,3.17701855,802,702,3,63,805,765
8371,5.617999107,2.887746447,996,862,2,90,998,952
8372,1.026069245,2.412275009,1169,1089,7,61,1176,1150
8373,3.830244753,2.57568089,704,640,2,64,706,704
8374,3.107321009,2.776417592,1120,1081,6,97,1126,1178
8375,2.496353502,3.307073145,849,810,3,66,852,876
8376,4.276156644,2.127877544,1206,1148,1,94,1207,1242
8377,2.587841192,2.392467348,693,628,1,65,694,693
8378,3.383880401,1.518012594,858,853,3,67,861,920
8379,2.899683442,2.325236829,1090,1048,7,79,1097,1127
8380,1.107173014,0.8427771342,966,977,5,40,971,1017
8381,3.231238022,3.140686438,1058,1043,2,90,1060,1133
8382,4.438132734,3.598618628,1128,996,1,97,1129,1093
8383,2.583647339,0.387752604,1595,1500,10,86,1605,1586
8384,4.784709831,3.784909995,713,636,0,50,713,686
8385,2.787850379,0.6963849297,1253,1145,10,74,1263,1219
8386,5.992361677,3.208638674,895,849,2,84,897,933
8387,2.926051501,3.605464044,1002,925,0,93,1002,1018
8388,2.222265606,2.694413842,892,811,3,57,895,868
8389,4.384907419,3.481862977,1276,1169,3,109,1279,1278
8390,5.549452238,2.091283923,1514,1390,4,128,1518,1518
8391,1.829007259,2.158333312,1494,1367,6,88,1500,1455
8392,4.258788578,2.386434665,1563,1478,5,126,1568,1604
8393,1.194710275,2.359299483,687,646,5,51,692,697
8394,2.439710658,2.580106241,1043,870,4,58,1047,928
8395,5.438633296,0.8731229822,581,562,1,44,582,606
8396,1.663809496,1.50524588,1166,1057,7,75,1173,1132
8397,4.040737195,2.922225784,1503,1362,9,129,1512,1491
8398,3.031237274,3.805503331,1104,950,0,115,1104,1065
8399,5.047939401,0.03945221604,1174,1108,7,55,1181,1163
8400,4.441711704,3.9731757,894,785,3,95,897,880
8401,5.150461671,0.5731618214,686,649,3,43,689,692
8402,1.051820369,1.09188885,1020,966,4,37,1024,1003
8403,3.369637517,3.059364256,914,843,4,82,918,925
8404,3.175204552,3.537085083,775,725,3,63,778,788
8405,4.729303626,0.3924234689,1072,975,5,45,1077,1020
8406,3.901618492,0.5773928434,1067,1034,4,42,1071,1076
8407,1.387051222,0.2667406028,1456,1420,6,58,1462,1478
8408,3.043023352,3.114137271,1280,1207,4,101,1284,1308
8409,5.365630046,3.306337163,780,712,1,86,781,798
8410,4.136779363,2.991195831,1501,1383,3,120,1504,1503
8411,5.336434881,1.443769196,1445,1446,4,105,1449,1551
8412,5.504757719,2.199118273,1535,1364,3,112,1538,1476
8413,1.561594953,1.13765849,954,964,5,65,959,1029
8414,5.066800488,3.557217587,769,692,1,85,770,777
8415,5.550426808,2.120825302,1281,1156,3,104,1284,1260
8416,1.901266249,0.5492172102,1600,1493,10,84,1610,1577
8417,3.843584851,0.4821221803,1371,1262,5,69,1376,1331
8418,3.361318134,0.9402704986,1246,1191,13,63,1259,1254
8419,2.190821489,1.449900281,1199,1141,11,93,1210,1234
8420,3.245185216,3.197287763,1579,1483,4,105,1583,1588
8421,4.450539232,1.538034289,1544,1440,4,114,1548,1554
8422,2.96325782,0.06862577169,1332,1179,5,44,1337,1223
8423,1.948574535,3.105044466,602,576,1,43,603,619
8424,3.661311743,3.501504595,1404,1343,3,147,1407,1490
8425,4.101240924,3.508930382,907,828,1,77,908,905
8426,5.89575922,1.034732729,1471,1354,5,94,1476,1448
8427,3.303485275,0.767238903,1085,1029,3,61,1088,1090
8428,1.769057288,2.36245509,912,846,6,57,918,903
8429,5.098435996,0.5943562734,592,564,4,41,596,605
8430,3.721834948,0.7697458923,1312,1225,4,75,1316,1300
8431,1.678947381,1.270014897,1621,1539,8,90,1629,1629
8432,1.666969041,0.6199120985,853,872,3,41,856,913
8433,4.057288538,1.296381251,570,560,4,40,574,600
8434,4.352728557,1.660041361,1614,1481,1,106,1615,1587
8435,5.977908249,2.246486656,1280,1169,4,105,1284,1274
8436,2.647895924,2.297433254,1132,983,5,84,1137,1067
8437,2.027141512,0.5348655309,613,568,3,27,616,595
8438,2.375017649,3.310739564,1485,1374,7,123,1492,1497
8439,4.047259277,2.233626215,720,619,3,55,723,674
8440,5.342214729,2.857363388,771,740,5,78,776,818
8441,2.363403649,2.487956639,1180,1063,6,79,1186,1142
8442,4.921158544,3.782049166,1067,979,4,109,1071,1088
8443,2.20782701,0.2907199699,1154,1155,5,52,1159,1207
8444,2.437528875,0.8160596553,1365,1276,7,69,1372,1345
8445,2.784802607,3.421445415,931,795,5,74,936,869
8446,2.723797426,3.801900078,562,559,1,51,563,610
8447,1.877642667,3.713727314,1306,1207,8,104,1314,1311
8448,4.022205032,1.517430782,794,698,2,56,796,754
8449,3.681704381,1.77696715,1184,1043,5,77,1189,1120
8450,1.84579566,1.440741336,1148,1020,5,74,1153,1094
8451,5.028001249,1.647274035,574,538,1,44,575,582
8452,1.253425891,0.2783407241,1125,1049,5,41,1130,1090
8453,3.976978734,0.07672845699,864,879,9,39,873,918
8454,4.858219642,1.871433609,1566,1452,3,116,1569,1568
8455,4.190219898,0.7336980823,555,598,3,41,558,639
8456,2.511193097,1.267742745,584,590,1,36,585,626
8457,5.004714426,2.675026987,1315,1305,4,113,1319,1418
8458,2.992557038,3.385734941,1584,1455,5,137,1589,1592
8459,3.619518468,2.344040757,580,557,2,46,582,603
8460,2.019587132,0.401563434,949,883,3,47,952,930
8461,2.817691266,0.8614319104,1546,1406,9,92,1555,1498
8462,1.884766185,3.693641093,853,854,3,78,856,932
8463,1.567887332,1.022192537,840,870,3,39,843,909
8464,3.300631822,0.2082771212,1394,1321,9,66,1403,1387
8465,2.789403883,1.32842261,1198,1077,6,82,1204,1159
8466,4.361043445,1.68016141,1092,1040,4,61,1096,1101
8467,1.890618286,2.392599388,1500,1310,9,89,1509,1399
8468,3.521406599,3.313480294,1521,1486,3,132,1524,1618
8469,3.330323788,3.870839032,1009,892,4,71,1013,963
8470,3.715941854,2.081802468,626,643,3,52,629,695
8471,3.816531306,0.5818165126,1049,1052,6,59,1055,1111
8472,5.499406181,0.192031803,1168,1044,7,61,1175,1105
8473,5.800262427,0.6649224972,790,733,6,57,796,790
8474,4.859862712,3.344117908,1296,1200,4,107,1300,1307
8475,3.862016139,1.284132137,789,755,3,52,792,807
8476,4.54229881,1.436478394,1419,1344,6,91,1425,1435
8477,5.295197868,3.969406241,1105,981,3,138,1108,1119
8478,4.88928275,2.796050311,564,549,3,53,567,602
8479,2.889646682,1.547423541,1094,1013,4,58,1098,1071
8480,4.801610115,3.35728795,1484,1346,4,162,1488,1508
8481,5.777471603,0.1294997733,1481,1468,3,86,1484,1554
8482,4.040520567,0.02000061802,692,656,3,22,695,678
8483,5.220628155,1.837933198,845,838,2,68,847,906
8484,1.783304265,3.604424616,1367,1259,4,113,1371,1372
8485,1.885348658,0.7989168372,599,567,3,29,602,596
8486,2.839082158,0.0778121333,1259,1227,8,57,1267,1284
8487,4.30942151,3.436055753,792,721,4,82,796,803
8488,1.507430252,0.5457603617,616,544,3,24,619,568
8489,5.213351125,3.422064169,726,731,2,69,728,800
8490,1.146975115,2.810334051,871,822,2,59,873,881
8491,3.948064812,0.2973513588,1164,1128,9,67,1173,1195
8492,1.785651195,0.5080614573,1168,1123,9,57,1177,1180
8493,4.128738437,0.2846444855,688,664,4,38,692,702
8494,1.668643058,0.956992415,1484,1507,14,77,1498,1584
8495,1.804428364,1.661942074,1311,1239,6,67,1317,1306
8496,5.104413326,3.362220291,1027,920,4,87,1031,1007
8497,2.436381893,3.439167168,798,690,3,62,801,752
8498,5.5605464,2.499074809,593,537,0,40,593,577
8499,3.708018861,2.292110631,970,931,1,78,971,1009
8500,4.099233563,0.06268140133,1487,1416,6,64,1493,1480
8501,2.042635244,0.5958872336,1165,1057,11,64,1176,1121
8502,4.866043993,0.494484337,1482,1418,3,93,1485,1511
8503,5.013574634,2.960841063,619,553,0,45,619,598
8504,2.047738761,2.884661971,1355,1329,6,105,1361,1434
8505,2.263510716,3.892057802,957,945,4,73,961,1018
8506,5.011982435,2.34274479,1491,1327,7,106,1498,1433
8507,2.871476721,2.300087057,805,686,5,51,810,737
8508,4.811622324,3.613396575,1100,980,2,108,1102,1088
8509,2.602305879,0.9157487237,948,943,6,59,954,1002
8510,4.594623538,2.142289003,1187,1087,3,101,1190,1188
8511,2.723448456,2.089575202,1494,1392,6,97,1500,1489
8512,4.082294739,0.2823752505,1421,1329,7,72,1428,1401
8513,2.711706631,1.186517147,1247,1158,9,71,1256,1229
8514,5.266802726,0.4349833709,1081,998,5,54,1086,1052
8515,4.952946004,0.7973100292,580,578,1,28,581,606
8516,1.980801207,1.744661371,1414,1251,6,82,1420,1333
8517,2.237080482,0.6221384389,958,949,4,56,962,1005
8518,4.692754052,3.163474128,794,654,2,64,796,718
8519,5.219232994,1.923957456,946,894,8,67,954,961
8520,1.851405457,3.934317989,781,725,6,66,787,791
8521,2.456623561,1.770436266,1481,1361,5,94,1486,1455
8522,2.365812417,0.7583911258,1589,1465,3,95,1592,1560
8523,5.578538223,3.755538413,1509,1345,8,143,1517,1488
8524,1.792650548,3.035538788,679,689,1,56,680,745
8525,2.546537173,1.319195233,1289,1195,7,75,1296,1270
8526,3.593337186,3.65108487,866,782,2,80,868,862
8527,1.896337668,1.008246511,1318,1185,7,75,1325,1260
8528,2.182295997,3.165361305,1420,1405,5,110,1425,1515
8529,5.150398941,1.719488866,1118,1014,7,76,1125,1090
8530,1.50216503,3.002457849,1315,1262,3,71,1318,1333
8531,4.902189755,1.381497274,1484,1371,6,90,1490,1461
8532,4.786212578,2.488826238,1173,1075,1,101,1174,1176
8533,3.474102732,2.053743235,673,627,1,41,674,668
8534,3.586897209,3.29008981,614,497,1,41,615,538
8535,4.200528724,1.715630023,1333,1215,6,98,1339,1313
8536,2.229862743,1.569220586,939,914,0,64,939,978
8537,5.25879493,3.349109386,1349,1269,3,147,1352,1416
8538,4.172836099,2.569776842,1610,1487,6,125,1616,1612
8539,2.627891384,1.355821447,873,826,2,47,875,873
8540,4.809758636,0.2979882553,715,663,2,31,717,694
8541,3.518568371,2.469017978,591,555,3,46,594,601
8542,5.350477666,0.3125541059,1391,1294,6,81,1397,1375
8543,5.209466576,2.638690569,609,561,2,54,611,615
8544,1.624180109,1.417351866,1535,1407,5,92,1540,1499
8545,2.518153321,2.803622386,1320,1189,2,84,1322,1273
8546,5.332227444,0.1481993429,1168,1170,3,60,1171,1230
8547,3.405128429,0.6120044267,1615,1539,7,84,1622,1623
8548,1.031728238,3.107951354,1536,1340,9,105,1545,1445
8549,3.392420003,3.691118392,917,771,2,81,919,852
8550,5.173893345,2.814525235,1611,1508,8,144,1619,1652
8551,4.017241322,2.63106805,683,624,4,46,687,670
8552,5.11998209,1.672672318,1262,1115,2,94,1264,1209
8553,3.251286867,1.212105423,1606,1385,5,110,1611,1495
8554,5.418774787,2.993127201,947,898,4,71,951,969
8555,1.858716475,1.39183827,1200,1168,4,61,1204,1229
8556,3.972903687,3.774277345,1438,1339,3,142,1441,1481
8557,3.087491854,2.488490452,851,804,5,78,856,882
8558,5.407970474,3.384929168,835,729,2,75,837,804
8559,5.4804191,1.070705413,1002,895,1,66,1003,961
8560,2.718465089,1.79081977,1344,1311,6,106,1350,1417
8561,3.246459915,0.6756926191,1122,992,6,66,1128,1058
8562,3.861063147,0.4117915641,1385,1288,10,68,1395,1356
8563,1.720737828,2.059203657,783,776,4,42,787,818
8564,4.217212722,0.8414511881,1185,1099,10,75,1195,1174
8565,3.361702754,1.7313138,1136,1141,7,88,1143,1229
8566,4.653125235,3.323343332,1181,1052,2,90,1183,1142
8567,4.726432529,2.077125834,907,832,1,56,908,888
8568,3.491814146,3.213116143,1521,1364,4,127,1525,1491
8569,5.697264013,1.015994942,1317,1165,3,79,1320,1244
8570,1.074625107,2.814830144,794,767,4,42,798,809
8571,4.329025716,1.399886039,1232,1094,5,74,1237,1168
8572,1.305455717,3.59569554,1222,1109,6,82,1228,1191
8573,2.219369724,2.639024586,1277,1168,6,91,1283,1259
8574,2.041494635,2.759278643,687,628,1,45,688,673
8575,2.227667266,1.108592557,1186,1105,6,67,1192,1172
8576,4.47788795,3.809209425,1474,1334,4,125,1478,1459
8577,5.191384332,0.8379233953,978,944,2,54,980,998
8578,2.714839921,2.075546237,610,575,4,44,614,619
8579,1.301143853,1.789505188,1594,1554,5,82,1599,1636
8580,3.903878539,3.122838553,911,833,4,68,915,901
8581,5.278896785,3.967461854,1616,1426,3,165,1619,1591
8582,3.731740282,1.913677396,746,763,1,73,747,836
8583,2.288024766,3.217121404,949,810,3,59,952,869
8584,2.136029003,1.563237409,702,652,4,33,706,685
8585,1.694639328,2.979813799,1579,1471,8,123,1587,1594
8586,1.178345432,3.306945911,1179,1129,6,86,1185,1215
8587,2.918591562,2.9226183,982,950,4,74,986,1024
8588,1.017240239,3.765838118,1617,1482,5,119,1622,1601
8589,1.200408258,1.178554648,1432,1418,7,94,1439,1512
8590,2.513027851,3.001679797,983,901,2,70,985,971
8591,4.538345558,0.4086337539,764,741,5,32,769,773
8592,1.907015515,2.146646622,650,574,0,40,650,614
8593,2.961201879,3.838478875,1468,1406,3,130,1471,1536
8594,1.672523342,1.112888308,1255,1103,2,58,1257,1161
8595,2.173602299,1.785007226,1058,1028,11,81,1069,1109
8596,1.063355884,1.702757003,543,520,2,29,545,549
8597,4.01629469,1.411189666,777,710,3,49,780,759
8598,4.40840341,1.86310482,539,533,4,47,543,580
8599,2.988716965,0.8327091554,1402,1267,6,83,1408,1350
8600,4.156505175,0.8346012318,1183,1126,5,58,1188,1184
8601,5.510257707,3.067605747,1553,1544,5,112,1558,1656
8602,3.598731523,0.681724063,723,608,6,30,729,638
8603,1.934512205,1.202512094,956,938,6,65,962,1003
8604,5.434544826,1.528323212,1270,1160,6,70,1276,1230
8605,4.728620483,1.931744424,1618,1440,5,126,1623,1566
8606,1.53902102,3.899627768,1076,1003,2,87,1078,1090
8607,1.736935036,0.5896732529,582,545,1,32,583,577
8608,1.872348448,0.3024347616,1594,1557,8,73,1602,1630
8609,2.345751095,2.736124359,1491,1447,2,121,1493,1568
8610,2.51976053,2.494813068,1157,1026,1,71,1158,1097
8611,3.083788737,0.7672086756,636,584,2,22,638,606
8612,4.162766257,2.478132238,1539,1396,4,119,1543,1515
8613,4.777046507,0.7474094266,1516,1392,7,100,1523,1492
8614,1.690497522,0.5401191368,816,752,5,47,821,799
8615,2.639117936,3.646044406,729,647,2,50,731,697
8616,5.878670369,0.3113798874,705,642,3,40,708,682
8617,2.517313673,2.701528934,1385,1217,5,116,1390,1333
8618,4.823388629,1.555745052,1508,1355,1,81,1509,1436
8619,1.454751337,1.942059084,1484,1465,12,85,1496,1550
8620,4.691400933,2.418707731,1490,1377,2,114,1492,1491
8621,1.661575314,3.499466813,1458,1211,5,96,1463,1307
8622,5.437271212,2.972487338,1556,1409,5,129,1561,1538
8623,4.56765537,2.275856399,637,539,0,50,637,589
8624,1.132665703,2.188062695,601,614,2,27,603,641
8625,5.457757972,2.681881043,1171,1064,5,108,1176,1172
8626,4.124884305,0.4279089524,658,659,4,33,662,692
8627,3.906141326,0.4983834535,870,829,5,56,875,885
8628,4.672623216,0.6355804571,1033,968,3,57,1036,1025
8629,5.07631847,0.00720738448,1600,1518,7,49,1607,1567
8630,1.701710199,0.6841308014,1603,1490,10,84,1613,1574
8631,1.407637905,3.880749808,958,929,11,68,969,997
8632,1.47780385,3.840567095,1570,1510,6,117,1576,1627
8633,3.745687162,3.753082064,706,650,1,66,707,716
8634,1.178496171,0.7628208455,733,633,3,27,736,660
8635,1.908817805,2.927489351,1413,1300,6,87,1419,1387
8636,4.443937557,2.979465491,1100,1040,2,91,1102,1131
8637,1.169459974,3.007873307,1602,1453,6,101,1608,1554
8638,5.337291649,3.209829549,1370,1232,1,106,1371,1338
8639,3.240749079,1.335377158,809,722,6,53,815,775
8640,4.922067182,1.465658318,600,554,1,36,601,590
8641,1.512051423,1.976847524,1011,946,4,66,1015,1012
8642,5.260549867,3.657668142,1560,1436,3,147,1563,1583
8643,5.070540303,2.623027563,1367,1241,5,112,1372,1353
8644,1.168077723,0.7908078596,727,626,4,42,731,668
8645,5.123343357,3.726222957,1150,1076,8,95,1158,1171
8646,3.624077193,3.666512705,689,594,1,63,690,657
8647,4.005805487,3.844975991,624,527,1,61,625,588
8648,5.743844713,2.262636968,1100,1052,0,85,1100,1137
8649,1.376257169,2.537703514,1279,1205,4,87,1283,1292
8650,1.184213107,2.41167372,1116,1128,2,73,1118,1201
8651,1.094138463,1.596809027,839,789,5,61,844,850
8652,4.875042812,3.63968695,1267,1168,2,125,1269,1293
8653,3.649491306,3.118219137,1501,1435,2,129,1503,1564
8654,2.912022213,1.332007363,602,520,2,38,604,558
8655,2.321593327,0.9876259946,924,833,4,48,928,881
8656,4.398638472,0.8636025479,1439,1288,7,107,1446,1395
8657,1.161479863,2.345532399,1227,1107,4,85,1231,1192
8658,3.457063998,0.4508883737,777,760,7,49,784,809
8659,4.036354646,1.526153814,1163,1106,7,89,1170,1195
8660,5.737617751,0.7488304541,1263,1202,6,83,1269,1285
8661,5.601786622,0.2919979718,701,637,5,44,706,681
8662,5.560670279,0.1593064347,970,910,2,51,972,961
8663,3.332611981,3.472569923,1212,1075,3,93,1215,1168
8664,1.881774052,2.242662888,609,586,1,45,610,631
8665,4.810978492,2.897675384,1126,980,3,88,1129,1068
8666,4.622388538,0.1559855099,1443,1421,8,80,1451,1501
8667,5.56343355,0.8825909055,1486,1383,4,88,1490,1471
8668,2.960170941,0.7721443836,903,838,6,54,909,892
8669,5.673196217,2.943102863,865,826,4,94,869,920
8670,5.895090507,3.838321661,943,878,2,92,945,970
8671,4.946984364,0.1318471649,1121,1016,6,61,1127,1077
8672,3.334925522,2.861987904,789,734,3,62,792,796
8673,2.328544021,0.571210249,1183,1103,6,57,1189,1160
8674,1.189701892,2.654637466,910,835,4,56,914,891
8675,5.696457679,2.124368008,1480,1383,3,122,1483,1505
8676,4.307121142,0.9466546026,1397,1264,6,82,1403,1346
8677,3.877513721,3.854358612,1117,970,4,98,1121,1068
8678,2.720651433,0.8841403082,1397,1314,6,101,1403,1415
8679,3.407832152,1.044396913,769,713,1,52,770,765
8680,3.299294376,1.191407552,1610,1483,7,106,1617,1589
8681,3.359641472,3.798434934,683,627,3,59,686,686
8682,1.720444188,2.293550967,783,797,4,43,787,840
8683,1.755305427,0.3331103435,1004,936,8,49,1012,985
8684,1.685843216,3.400239275,1285,1234,6,90,1291,1324
8685,2.283784671,1.983381198,1340,1377,10,98,1350,1475
8686,4.585156951,3.435911798,1498,1472,7,154,1505,1626
8687,4.649793218,0.9664569635,592,558,1,30,593,588
8688,4.471556228,3.672855663,1273,1168,3,116,1276,1284
8689,1.896337624,3.147269169,606,581,3,51,609,632
8690,5.438199284,1.038230831,771,708,3,56,774,764
8691,3.138986186,3.241178711,1386,1235,5,115,1391,1350
8692,3.646629221,2.563596116,1186,1114,2,107,1188,1221
8693,1.594836698,2.063530783,904,823,4,43,908,866
8694,5.361909232,3.048860944,1133,992,0,95,1133,1087
8695,4.07180961,1.71340151,759,730,3,62,762,792
8696,3.863893566,0.5320445551,681,680,6,44,687,724
8697,1.470585374,3.246472033,599,503,2,34,601,537
8698,5.529448411,0.5320064179,783,756,3,51,786,807
8699,5.953261843,1.325458885,595,533,0,48,595,581
8700,2.994686655,0.4760132293,1346,1308,5,87,1351,1395
8701,2.511448844,3.803382432,1190,1126,6,107,1196,1233
8702,3.148656096,2.611291032,689,629,1,54,690,683
8703,3.778071187,3.314324962,791,766,1,59,792,825
8704,5.792888326,2.791041545,1016,921,4,71,1020,992
8705,4.2671443,0.7012096394,928,792,6,39,934,831
8706,3.762872363,3.59790588,784,727,3,63,787,790
8707,1.678775608,0.4031763621,730,628,9,30,739,658
8708,3.024769409,0.9459831823,1071,1052,5,76,1076,1128
8709,2.502011102,0.7249216866,687,626,3,31,690,657
8710,1.574102183,2.761047979,914,850,3,53,917,903
8711,3.069382154,2.50026472,628,584,3,40,631,624
8712,5.345478094,3.976030342,996,851,2,108,998,959
8713,1.393889709,2.150654768,1403,1390,8,109,1411,1499
8714,4.321683188,3.766597262,1247,1195,3,110,1250,1305
8715,3.725318082,2.944677225,950,860,5,63,955,923
8716,1.413040872,3.138013135,1067,975,5,68,1072,1043
8717,3.608631112,2.58301129,776,688,4,54,780,742
8718,4.174434911,2.515762129,783,705,4,55,787,760
8719,5.460139987,3.203944173,1405,1261,1,107,1406,1368
8720,5.722870733,3.379142936,1131,1074,4,94,1135,1168
8721,1.316432881,3.463746486,716,685,2,39,718,724
8722,4.822017829,1.136132116,1500,1365,7,108,1507,1473
8723,5.918756354,1.02472853,1461,1404,6,106,1467,1510
8724,3.582201071,1.183858651,957,883,3,63,960,946
8725,2.106140968,3.372488626,801,731,0,53,801,784
8726,2.37376554,2.208142708,1171,1103,6,84,1177,1187
8727,1.969362921,3.107117675,1269,1138,2,80,1271,1218
8728,5.766019419,1.542650901,962,925,6,87,968,1012
8729,5.562638059,1.18462764,1500,1325,4,86,1504,1411
8730,1.375323644,2.027755616,1295,1214,6,86,1301,1300
8731,5.492609955,0.4697927606,1494,1352,11,84,1505,1436
8732,4.191559349,2.95159964,866,820,1,73,867,893
8733,2.711562804,1.833787805,573,579,1,51,574,630
8734,4.175840427,1.60132995,793,765,2,67,795,832
8735,4.196769924,1.287891214,1092,968,4,85,1096,1053
8736,3.598742341,0.9595476422,1012,913,6,54,1018,967
8737,3.741844819,1.741611502,1615,1464,4,105,1619,1569
8738,3.775204904,2.068528539,783,719,3,40,786,759
8739,5.075568804,3.752974981,1229,1201,4,116,1233,1317
8740,5.222310119,2.857065195,1403,1236,2,122,1405,1358
8741,3.776096086,0.8152654041,1622,1503,6,78,1628,1581
8742,2.566612375,0.6480106978,1621,1489,8,85,1629,1574
8743,2.85313846,2.067713895,1483,1482,2,85,1485,1567
8744,2.285801638,1.597984472,1286,1275,8,82,1294,1357
8745,5.96757527,3.917561815,785,691,0,79,785,770
8746,2.520626509,1.374118491,776,764,5,46,781,810
8747,3.522171159,3.537765581,610,503,1,54,611,557
8748,1.527500888,2.957575412,1163,1144,1,79,1164,1223
8749,4.894503445,3.304193401,1051,958,3,89,1054,1047
8750,3.375089041,1.841921705,887,813,5,72,892,885
8751,4.944003211,1.913153052,1660,1461,4,130,1664,1591
8752,4.875497658,2.871121623,872,849,3,76,875,925
8753,2.306255318,0.5944705591,675,645,6,30,681,675
8754,4.536799739,1.660404916,1328,1284,6,99,1334,1383
8755,4.576453374,0.9995534956,1021,995,1,60,1022,1055
8756,3.187239601,3.19029685,613,541,0,47,613,588
8757,4.032042279,1.625650132,1478,1390,6,93,1484,1483
8758,2.648973568,1.522091473,1501,1358,5,101,1506,1459
8759,3.048057944,0.04597392758,771,753,2,32,773,785
8760,1.908416423,0.6920406868,799,742,7,39,806,781
8761,4.826606466,2.055924413,1063,982,4,92,1067,1074
8762,4.954992249,0.4510394884,1600,1468,8,87,1608,1555
8763,2.237480134,1.632520603,1400,1303,5,84,1405,1387
8764,1.261589622,1.19759197,1112,1058,4,64,1116,1122
8765,2.378754418,1.66784249,898,873,4,58,902,931
8766,3.249789738,1.463139996,954,949,6,56,960,1005
8767,5.626498023,1.436304207,1606,1406,3,103,1609,1509
8768,2.769843604,0.9892507825,1431,1366,9,93,1440,1459
8769,4.815404662,2.620973762,985,888,6,97,991,985
8770,4.581292161,0.8255770789,1018,885,3,41,1021,926
8771,2.671580472,2.622376715,1029,1041,5,84,1034,1125
8772,5.41825954,3.976865994,1503,1297,7,163,1510,1460
8773,4.133247884,0.01754654461,1341,1259,6,36,1347,1295
8774,1.697651457,2.11508783,1118,1077,5,79,1123,1156
8775,5.421871621,1.526049644,1342,1294,3,113,1345,1407
8776,4.496751195,0.04983375406,1441,1327,12,58,1453,1385
8777,1.454774923,3.490688615,982,930,3,70,985,1000
8778,3.234986838,1.286814633,1093,1039,7,71,1100,1110
8779,2.373253637,2.247387975,1073,1009,2,73,1075,1082
8780,2.257288673,1.210170601,1159,1135,2,75,1161,1210
8781,4.117703166,0.4054904751,1533,1490,8,101,1541,1591
8782,3.844096618,3.854249006,1648,1439,6,170,1654,1609
8783,2.65653028,3.882836362,923,894,3,81,926,975
8784,3.64297275,2.420289229,1091,1045,6,90,1097,1135
8785,1.712354655,3.2114716,1498,1307,7,105,1505,1412
8786,2.709158604,0.2316809321,1192,1140,6,53,1198,1193
8787,3.303538334,2.820912926,981,891,5,88,986,979
8788,1.977675381,2.714151062,1272,1159,6,84,1278,1243
8789,2.292730331,0.2592258936,1400,1349,5,60,1405,1409
8790,2.46563484,0.2603932749,1292,1198,7,59,1299,1257
8791,5.436801839,1.648419171,632,584,1,45,633,629
8792,2.739998688,3.500464708,565,543,1,45,566,588
8793,3.710460368,0.05034614935,889,830,2,38,891,868
8794,3.068194047,2.461411674,616,585,1,48,617,633
8795,4.127272683,3.616383028,1175,1045,6,108,1181,1153
8796,1.271087009,1.998394587,751,706,4,51,755,757
8797,1.697199386,2.80314629,1455,1307,4,91,1459,1398
8798,3.085369497,0.8808629004,1234,1157,4,54,1238,1211
8799,5.670433559,1.105115828,1122,1030,3,64,1125,1094
8800,2.913867669,0.9282996321,997,927,4,47,1001,974
8801,3.370522414,2.109748362,1184,1125,6,86,1190,1211
8802,3.337940017,1.655916791,702,670,1,44,703,714
8803,4.284420242,2.148650102,1008,961,2,70,1010,1031
8804,2.221277529,3.365581574,688,620,4,59,692,679
8805,3.573309566,1.762348694,673,639,3,49,676,688
8806,5.079139811,3.100684835,1636,1374,2,160,1638,1534
8807,2.464528023,1.210720723,949,877,3,48,952,925
8808,2.499561949,3.903442901,1498,1405,6,145,1504,1550
8809,5.067121067,2.977332063,626,553,1,54,627,607
8810,3.026620305,0.001222238864,676,683,6,23,682,706
8811,1.81615084,1.133799995,859,856,0,37,859,893
8812,5.661691872,3.55885097,679,642,2,52,681,694
8813,1.59873255,2.62174099,1348,1316,3,107,1351,1423
8814,1.991095121,0.02902066733,1179,1126,3,34,1182,1160
8815,5.596393851,2.338409763,1276,1124,3,100,1279,1224
8816,1.368304712,2.421069605,1087,1004,4,68,1091,1072
8817,1.752370108,2.348345983,1451,1422,5,87,1456,1509
8818,2.745588759,0.9920740518,884,817,3,51,887,868
8819,1.421482632,2.724284669,1574,1491,5,116,1579,1607
8820,3.633919009,1.352555948,698,658,4,36,702,694
8821,4.852417018,3.633170824,628,514,1,55,629,569
8822,4.478814859,3.930849948,574,543,2,52,576,595
8823,4.535079863,3.696551057,1554,1422,3,162,1557,1584
8824,2.854001879,2.718985618,602,527,2,45,604,572
8825,5.004430265,1.867076545,1166,1151,2,82,1168,1233
8826,2.027006316,3.422520824,966,901,2,73,968,974
8827,2.61201079,1.61860701,760,741,1,52,761,793
8828,4.949615083,3.275515341,592,569,3,53,595,622
8829,2.510623757,0.2197500169,1174,1130,5,46,1179,1176
8830,4.343156872,0.2815197313,671,673,7,31,678,704
8831,2.488719657,2.482399268,676,621,4,65,680,686
8832,2.039250352,2.869791074,1430,1387,4,109,1434,1496
8833,3.738842898,0.6768364294,814,805,4,37,818,842
8834,4.176366552,0.1711081397,1270,1257,8,67,1278,1324
8835,4.414035644,0.2382135864,1016,1001,7,52,1023,1053
8836,4.220551846,0.3918470547,586,568,2,31,588,599
8837,3.942946924,1.737007747,843,737,3,57,846,794
8838,1.73983711,2.119310936,604,548,1,31,605,579
8839,3.065365044,2.305840412,1277,1180,5,104,1282,1284
8840,5.672500386,0.1679374733,810,750,7,38,817,788
8841,1.691999549,3.754781553,596,544,1,46,597,590
8842,2.595841152,1.490304693,577,549,4,36,581,585
8843,5.890898266,1.976627789,1456,1392,3,99,1459,1491
8844,4.366059993,0.6632327835,1212,1111,7,67,1219,1178
8845,3.086601,2.216773317,1340,1159,6,77,1346,1236
8846,1.855707549,3.040730163,1391,1284,4,92,1395,1376
8847,3.041572816,3.687582234,730,729,2,49,732,778
8848,4.799424106,2.100518324,1600,1465,7,122,1607,1587
8849,5.581347698,2.39215466,869,838,6,79,875,917
8850,3.854023641,3.574857573,1065,1074,3,104,1068,1178
8851,3.810458073,1.009191836,1084,1076,3,72,1087,1148
8852,2.015766397,0.57873724,1289,1222,10,58,1299,1280
8853,2.716849019,2.857615506,610,525,2,45,612,570
8854,4.065318825,3.824888567,1533,1333,4,142,1537,1475
8855,4.369220996,3.386943865,707,663,2,57,709,720
8856,5.057319798,2.327257768,1416,1271,4,106,1420,1377
8857,4.577173441,1.519131304,1119,1072,2,71,1121,1143
8858,5.592825291,3.415663464,571,542,1,53,572,595
8859,1.658703145,2.068573796,667,633,2,46,669,679
8860,1.75548613,3.925239412,665,611,4,54,669,665
8861,2.908915636,1.142220399,800,756,1,61,801,817
8862,3.943007484,1.316119195,600,575,3,34,603,609
8863,2.779928093,3.586163452,1146,974,4,86,1150,1060
8864,1.791560516,2.329075708,995,918,3,69,998,987
8865,5.682440884,1.732621828,723,618,2,48,725,666
8866,2.344012905,0.497315422,1384,1349,4,80,1388,1429
8867,1.314720494,2.54977228,879,877,2,63,881,940
8868,2.886299903,3.475459021,666,606,4,49,670,655
8869,4.638773848,3.22002545,973,898,4,80,977,978
8870,5.05129649,0.4758522407,704,658,2,36,706,694
8871,2.363504338,0.8907729344,1330,1236,6,67,1336,1303
8872,1.146138062,0.02017803323,1570,1572,13,48,1583,1620
8873,4.550124602,1.825206711,565,575,2,52,567,627
8874,4.158644434,3.826033484,846,799,3,102,849,901
8875,2.103440328,2.134714909,1418,1307,6,94,1424,1401
8876,3.016122629,2.5897587,609,527,1,42,610,569
8877,2.106984157,0.6583588243,1139,1007,4,64,1143,1071
8878,5.797462461,2.394861131,1260,1150,10,129,1270,1279
8879,5.410123349,3.304709435,1478,1378,3,145,1481,1523
8880,1.771775768,3.404063873,1256,1229,5,117,1261,1346
8881,5.928785969,2.045003074,1282,1234,1,85,1283,1319
8882,3.959374058,0.9437525608,1192,1091,3,75,1195,1166
8883,2.661636033,1.443935899,591,558,7,49,598,607
8884,3.40664724,2.650094377,1283,1265,2,97,1285,1362
8885,1.606253282,0.2877555201,1456,1427,9,63,1465,1490
8886,1.600019895,0.8588466552,1108,1002,6,65,1114,1067
8887,5.943963503,0.4078433185,807,734,4,39,811,773
8888,4.022005527,3.770522831,1175,1091,6,102,1181,1193
8889,3.315935671,3.380905281,1422,1330,4,119,1426,1449
8890,1.104833145,1.077598242,877,831,2,42,879,873
8891,2.451804289,1.677473051,1507,1367,7,110,1514,1477
8892,5.091221492,1.97465332,1363,1330,3,111,1366,1441
8893,5.435913743,2.095230811,672,659,2,54,674,713
8894,4.29079025,2.010113772,999,938,4,66,1003,1004
8895,2.105944462,3.782761048,1529,1476,5,106,1534,1582
8896,2.303305879,1.230350123,553,575,1,47,554,622
8897,3.275220942,3.092348418,810,772,3,60,813,832
8898,2.59025014,1.387234687,1219,1198,6,69,1225,1267
8899,2.052633826,2.984406613,1364,1343,3,101,1367,1444
8900,4.536402215,2.056520701,1384,1270,4,114,1388,1384
8901,5.589472975,1.925288273,1161,1063,3,97,1164,1160
8902,5.994107409,0.4905790752,1411,1264,7,63,1418,1327
8903,4.889255749,1.849711557,1178,1090,5,84,1183,1174
8904,1.862669968,2.541216008,944,815,3,58,947,873
8905,1.575713664,2.424917937,953,890,3,71,956,961
8906,5.193842295,3.35771314,975,920,4,89,979,1009
8907,3.852555121,0.962984595,1053,1017,5,56,1058,1073
8908,2.873539064,3.533813255,954,791,1,63,955,854
8909,1.906209428,2.060632918,1515,1365,6,100,1521,1465
8910,3.189960117,1.094181582,1558,1491,6,93,1564,1584
8911,2.236705383,3.352335453,1025,856,0,83,1025,939
8912,3.036183206,2.601781575,1579,1496,7,120,1586,1616
8913,1.462438041,2.513749411,753,719,2,58,755,777
8914,4.518315325,0.8912936279,1578,1448,9,89,1587,1537
8915,3.646837786,0.6360157488,1067,1028,5,57,1072,1085
8916,4.556467299,3.238910837,1159,1115,6,114,1165,1229
8917,5.053726146,3.916361778,1504,1319,5,128,1509,1447
8918,5.943784325,1.911015498,1011,1028,3,93,1014,1121
8919,3.770394632,1.530493197,1260,1173,3,75,1263,1248
8920,2.21705941,0.6597491537,678,670,3,45,681,715
8921,5.786616191,3.28261996,671,644,2,70,673,714
8922,1.485515173,2.707896518,1005,921,4,83,1009,1004
8923,5.317569261,2.952898586,1010,863,1,99,1011,962
8924,3.910793816,1.821707022,1264,1178,3,106,1267,1284
8925,1.738917647,2.700410616,1437,1382,7,114,1444,1496
8926,3.525047471,3.121815654,691,620,2,52,693,672
8927,5.152950115,1.92243452,1397,1257,3,116,1400,1373
8928,1.431190034,3.369530399,558,532,1,39,559,571
8929,1.851292389,3.798806435,659,629,0,56,659,685
8930,1.69656769,1.538029321,876,856,3,56,879,912
8931,3.847037015,3.421256547,1049,984,1,90,1050,1074
8932,1.157611944,0.4046742755,1372,1343,5,68,1377,1411
8933,5.430441948,0.4763419757,1065,1001,6,74,1071,1075
8934,4.551374019,1.574997594,688,630,1,41,689,671
8935,5.740856526,1.400990545,814,756,3,55,817,811
8936,5.842652114,1.907558217,598,516,0,48,598,564
8937,2.619455763,3.494235297,1634,1371,5,133,1639,1504
8938,3.09200909,1.740982051,1372,1208,9,97,1381,1305
8939,3.758150279,3.592983351,1407,1252,6,133,1413,1385
8940,3.83408033,1.432938182,702,638,2,41,704,679
8941,4.465165431,2.166902325,887,810,1,52,888,862
8942,4.185700683,3.337557574,1491,1331,9,137,1500,1468
8943,4.135595727,0.3732138905,1240,1198,5,75,1245,1273
8944,5.229275989,0.06207808264,1126,1087,5,41,1131,1128
8945,2.974165137,0.8047070885,727,735,4,40,731,775
8946,3.980369512,3.988194019,741,699,3,58,744,757
8947,1.094021865,2.421962211,1507,1434,5,103,1512,1537
8948,2.938181689,1.805280536,1224,1104,4,69,1228,1173
8949,4.487507227,3.917032982,1468,1304,2,154,1470,1458
8950,5.223240002,3.609148771,775,709,2,70,777,779
8951,4.893369062,3.4570981,1514,1401,4,152,1518,1553
8952,4.146310353,1.075100807,890,795,3,53,893,848
8953,2.132145999,2.624774389,1566,1539,3,113,1569,1652
8954,2.588099387,0.5989754192,1102,1102,5,48,1107,1150
8955,5.10714556,2.565718053,676,631,7,55,683,686
8956,5.891040919,1.276068177,1162,1108,3,86,1165,1194
8957,2.20228184,0.02655702943,715,690,2,23,717,713
8958,5.168973262,2.127590613,1094,995,3,77,1097,1072
8959,4.249432876,1.562898171,806,748,2,60,808,808
8960,1.426835869,2.290674324,1513,1397,4,105,1517,1502
8961,2.847217846,3.511399891,557,529,3,30,560,559
8962,4.685774122,3.632973785,1384,1288,3,143,1387,1431
8963,1.375170288,0.4601794733,1503,1483,5,63,1508,1546
8964,4.396537714,1.612076562,554,613,3,48,557,661
8965,5.907472573,0.05349396329,1168,1122,3,57,1171,1179
8966,3.089021689,0.1220280096,1610,1496,4,83,1614,1579
8967,4.453622976,3.531254352,580,564,1,48,581,612
8968,2.833300251,1.413388863,1500,1407,3,86,1503,1493
8969,3.386435065,2.937466217,1157,1123,7,99,1164,1222
8970,3.501853165,2.864834001,1082,1002,3,100,1085,1102
8971,4.354634966,0.6420171543,543,549,3,29,546,578
8972,1.352735876,1.67873495,588,566,0,46,588,612
8973,4.12061116,1.873630824,824,775,5,55,829,830
8974,4.324834138,3.528374212,1382,1272,6,134,1388,1406
8975,5.368283435,2.916839536,1105,968,5,90,1110,1058
8976,1.055503131,1.280763098,1039,915,6,49,1045,964
8977,1.099070084,3.2139048,1392,1277,4,81,1396,1358
8978,1.977802594,2.016757331,792,789,3,54,795,843
8979,2.104836221,3.875388486,899,786,2,68,901,854
8980,1.243440233,2.449616894,1511,1483,6,103,1517,1586
8981,5.029775013,0.5524403674,817,730,6,44,823,774
8982,4.229047902,0.9768515397,1473,1399,7,95,1480,1494
8983,1.887101114,2.657694323,1309,1186,6,97,1315,1283
8984,2.282490073,3.690347675,1518,1428,5,148,1523,1576
8985,5.799175796,2.841706218,1337,1264,2,114,1339,1378
8986,3.141735418,0.214317977,1329,1259,6,56,1335,1315
8987,4.754626802,0.5025483337,1455,1336,10,95,1465,1431
8988,4.413927131,0.6200234733,1319,1292,8,83,1327,1375
8989,1.245362756,3.949010326,961,943,2,56,963,999
8990,5.227660009,0.6408064998,1142,1114,5,66,1147,1180
8991,1.196320499,3.809764689,743,709,0,58,743,767
8992,3.45147316,2.631960191,814,731,3,52,817,783
8993,5.155990312,1.997116295,1537,1507,5,114,1542,1621
8994,4.296414091,2.263468492,760,744,2,66,762,810
8995,5.939681913,1.130821949,702,617,3,55,705,672
8996,1.099965775,2.235569578,775,773,2,38,777,811
8997,4.931770174,3.367857881,1431,1213,4,134,1435,1347
8998,3.629615964,3.143783851,1020,917,1,92,1021,1009
8999,1.551490152,0.8008128642,1292,1209,10,73,1302,1282
9000,5.645488274,1.756420719,877,798,6,63,883,861
9001,5.997657293,3.909657248,1469,1309,3,161,1472,1470
9002,2.766054515,0.4991410143,1508,1431,8,92,1516,1523
9003,5.874863052,2.239670464,1518,1405,7,145,1525,1550
9004,2.771931852,1.967428424,1101,1026,4,64,1105,1090
9005,5.587876828,0.6552956351,861,827,6,55,867,882
9006,5.946293885,2.164415742,1375,1264,3,125,1378,1389
9007,1.726096412,2.764718049,1344,1175,6,77,1350,1252
9008,4.443371209,1.786094634,1459,1405,3,114,1462,1519
9009,5.795771363,1.542101455,1562,1493,7,121,1569,1614
9010,1.9305664,0.5737045875,1169,1136,1,58,1170,1194
9011,5.933388147,0.9913512027,839,761,8,66,847,827
9012,3.54403865,3.898261464,1525,1398,10,144,1535,1542
9013,3.919757186,0.940944923,924,848,5,64,929,912
9014,5.159085537,1.821947061,1393,1350,7,111,1400,1461
9015,5.007776589,3.49306982,991,882,3,106,994,988
9016,2.45401544,1.30582197,999,926,3,57,1002,983
9017,4.257653373,1.375253294,583,566,2,48,585,614
9018,3.179243825,2.382121415,1264,1121,3,104,1267,1225
9019,3.623455118,3.580123823,1222,1050,4,101,1226,1151
9020,3.795248079,0.8540785465,1297,1278,2,76,1299,1354
9021,4.372545034,0.7851148505,1347,1310,8,94,1355,1404
9022,5.83611504,3.080270106,719,605,1,50,720,655
9023,2.288754229,3.513935136,1071,976,5,88,1076,1064
9024,5.067663202,1.745301304,934,812,2,64,936,876
9025,1.559862795,3.147093403,1368,1268,7,107,1375,1375
9026,1.54943552,1.728584404,797,769,4,59,801,828
9027,4.001060623,3.712317063,1050,983,6,100,1056,1083
9028,1.40223291,3.123146169,573,592,5,37,578,629
9029,5.287694318,1.175815729,899,850,2,58,901,908
9030,1.207995741,0.8246867636,1201,1153,5,57,1206,1210
9031,2.4571973,0.7286507501,719,656,3,42,722,698
9032,2.251410687,1.168695038,1057,1008,4,64,1061,1072
9033,1.978363407,2.109537738,755,738,1,46,756,784
9034,4.92621062,2.050901309,931,853,2,76,933,929
9035,5.266225872,0.1908001437,1093,1045,9,60,1102,1105
9036,3.476323357,0.862443179,1071,1010,2,58,1073,1068
9037,1.535173672,0.2834705849,549,560,3,19,552,579
9038,3.168164366,2.420852127,786,684,2,55,788,739
9039,2.43961203,1.921937903,1008,933,1,83,1009,1016
9040,4.149073363,0.2566634354,1311,1174,6,67,1317,1241
9041,3.519739833,3.242724361,1342,1264,3,128,1345,1392
9042,1.640925846,1.99264262,713,639,3,46,716,685
9043,3.090894376,1.030433247,614,572,2,32,616,604
9044,2.564873961,2.471383492,1238,1175,5,82,1243,1257
9045,3.436381279,0.3532667453,1003,1015,4,49,1007,1064
9046,5.270525995,3.599557943,690,641,3,86,693,727
9047,4.440615075,3.734800425,626,524,1,53,627,577
9048,1.350342695,2.598446135,1257,1212,5,79,1262,1291
9049,3.795375643,2.760276076,1517,1378,4,113,1521,1491
9050,2.352700182,2.170393265,883,822,3,78,886,900
9051,3.712656518,2.617684443,1065,962,3,77,1068,1039
9052,2.829357523,3.061901248,1172,1012,3,91,1175,1103
9053,2.516919698,3.316620376,1580,1474,5,137,1585,1611
9054,2.453645288,0.003204845349,1071,1058,2,36,1073,1094
9055,2.059833243,3.837201839,636,572,4,54,640,626
9056,5.912824959,3.136048028,789,717,2,70,791,787
9057,1.184505245,0.9875502858,1475,1376,8,88,1483,1464
9058,3.744270287,2.768356805,1466,1437,1,97,1467,1534
9059,1.917549506,2.524840166,1122,1052,4,83,1126,1135
9060,1.355718663,3.46936031,975,953,3,59,978,1012
9061,1.737106552,3.797175779,596,550,4,38,600,588
9062,3.102077223,1.733951298,1480,1293,7,114,1487,1407
9063,4.270569106,2.303346686,967,928,3,77,970,1005
9064,4.728721876,1.15888568,1309,1235,4,84,1313,1319
9065,2.11975612,1.551944153,1092,956,6,72,1098,1028
9066,3.592571357,2.879439829,1281,1164,7,98,1288,1262
9067,3.901866337,1.780501347,1081,986,7,98,1088,1084
9068,3.402168241,3.863124081,595,510,5,51,600,561
9069,3.549018327,0.1765271917,1349,1311,6,57,1355,1368
9070,4.058421959,3.614400782,762,715,2,76,764,791
9071,4.092083686,0.2879812321,568,568,8,40,576,608
9072,5.363076337,0.7299163571,1404,1236,5,84,1409,1320
9073,3.627698846,0.2644163022,774,760,6,37,780,797
9074,4.061674619,2.419917111,584,547,0,52,584,599
9075,4.167517257,3.055516898,683,655,1,45,684,700
9076,5.308118673,0.270599714,1132,1081,4,59,1136,1140
9077,3.881139778,0.1741319025,1162,1198,8,48,1170,1246
9078,4.744743322,3.149704283,807,706,4,62,811,768
9079,3.348570943,1.894752929,1596,1496,5,120,1601,1616
9080,1.014054506,0.2297250963,598,604,1,28,599,632
9081,2.024511252,0.6924310964,885,839,3,38,888,877
9082,4.25393657,0.05389615541,1500,1369,6,78,1506,1447
9083,5.091221186,3.685734437,1200,1150,5,139,1205,1289
9084,5.138285254,2.315705271,1080,1027,4,99,1084,1126
9085,5.625905689,2.045687923,1196,1091,3,101,1199,1192
9086,3.159806793,0.5641182263,746,747,5,54,751,801
9087,1.294886819,1.045515912,709,690,5,39,714,729
9088,3.375512237,0.6029652745,1275,1247,6,80,1281,1327
9089,5.636356101,0.2124260051,1271,1259,7,60,1278,1319
9090,4.702986217,0.9295799519,970,936,1,57,971,993
9091,2.268690485,3.680188884,1270,1214,6,98,1276,1312
9092,4.215106969,1.397402211,1425,1419,8,110,1433,1529
9093,5.100899012,2.923223953,929,804,2,65,931,869
9094,2.927798119,1.869926291,1080,1014,7,57,1087,1071
9095,2.207414291,1.888501467,810,762,3,53,813,815
9096,3.459158764,0.1121754987,1065,1051,7,57,1072,1108
9097,2.236158319,2.208462966,677,610,3,53,680,663
9098,5.93589898,1.003500076,1469,1376,6,99,1475,1475
9099,3.688839886,0.1148156234,999,955,4,42,1003,997
9100,4.754514905,0.3140834664,1338,1181,7,70,1345,1251
9101,5.004441496,1.755948275,1201,1123,3,85,1204,1208
9102,3.142876095,0.4978443146,793,762,2,37,795,799
9103,5.998460096,3.31424275,1461,1249,3,146,1464,1395
9104,3.608198946,1.084238589,1041,991,4,67,1045,1058
9105,3.255929447,1.017947824,885,838,3,54,888,892
9106,3.311154564,3.326032804,1310,1222,8,106,1318,1328
9107,3.193405035,3.886617179,1452,1364,0,121,1452,1485
9108,5.865287359,2.650091025,691,608,1,68,692,676
9109,1.322592466,1.155556362,1574,1515,8,94,1582,1609
9110,2.595357237,0.4726877319,1064,1007,9,58,1073,1065
9111,5.745935657,1.66252039,810,739,3,64,813,803
9112,5.938265941,3.147344909,1596,1409,4,152,1600,1561
9113,3.017529123,1.987098088,1079,997,10,74,1089,1071
9114,3.442490058,0.3953788752,1079,1014,4,57,1083,1071
9115,2.432611154,3.521678244,1074,975,4,94,1078,1069
9116,4.617156565,3.435632983,1455,1334,4,164,1459,1498
9117,5.485699142,3.240287581,1488,1337,4,121,1492,1458
9118,3.301181016,1.534450572,1491,1370,4,104,1495,1474
9119,3.406816384,1.26907762,699,695,0,61,699,756
9120,3.59498322,0.933314904,1042,1070,4,64,1046,1134
9121,5.47503669,1.193740978,1269,1192,4,97,1273,1289
9122,1.730508292,1.829932427,674,639,3,34,677,673
9123,4.859535702,1.059565883,849,730,6,50,855,780
9124,4.4254871,0.7694777025,954,948,3,58,957,1006
9125,4.049350953,1.919097338,649,634,4,52,653,686
9126,5.633820257,2.636132624,830,736,5,62,835,798
9127,2.782658088,3.813845271,953,920,6,63,959,983
9128,2.353362351,1.976016528,651,648,3,57,654,705
9129,5.803097492,1.880016203,1307,1168,2,98,1309,1266
9130,3.801060322,1.525235024,1232,1125,8,66,1240,1191
9131,5.501244179,2.110575624,607,543,3,47,610,590
9132,1.260412314,2.593894374,1592,1465,11,116,1603,1581
9133,4.347680773,0.9461828605,724,654,2,46,726,700
9134,4.425255059,0.6280153011,1548,1448,12,84,1560,1532
9135,2.245614989,3.405619905,1414,1229,4,109,1418,1338
9136,4.633607905,0.863127168,884,829,4,54,888,883
9137,2.796369238,1.171617628,1086,1062,9,58,1095,1120
9138,1.979002028,2.470761857,1173,1106,8,96,1181,1202
9139,5.343954978,0.9767404511,1174,1107,6,74,1180,1181
9140,1.647236595,3.397335894,1382,1229,2,116,1384,1345
9141,5.722041882,0.9835289496,718,630,2,32,720,662
9142,5.596861248,0.4048406464,1484,1369,3,82,1487,1451
9143,4.585858394,0.9844175927,1596,1512,9,95,1605,1607
9144,4.594664226,1.413956431,689,664,2,59,691,723
9145,1.059751966,1.743424648,1281,1201,5,82,1286,1283
9146,1.714755257,3.969305637,1147,1000,2,93,1149,1093
9147,5.444316734,3.328636878,1371,1251,1,151,1372,1402
9148,4.045273267,2.417041641,1152,1091,5,102,1157,1193
9149,2.945372828,2.920044393,1606,1480,5,152,1611,1632
9150,5.192858875,0.8684803158,1524,1500,11,101,1535,1601
9151,3.735300794,0.8481368734,602,548,4,23,606,571
9152,2.348713585,3.396497252,1575,1449,8,117,1583,1566
9153,3.021746209,0.2561507291,1589,1531,14,61,1603,1592
9154,1.855850077,1.188108297,1422,1391,11,98,1433,1489
9155,2.995944589,2.733082868,598,569,2,42,600,611
9156,2.218331249,2.409879411,1404,1216,3,94,1407,1310
9157,1.389802241,1.192271184,959,993,5,63,964,1056
9158,2.786384421,0.2607475406,1087,994,6,45,1093,1039
9159,2.942914251,2.634842843,1433,1416,9,107,1442,1523
9160,5.851158779,0.8275833133,1275,1186,8,70,1283,1256
9161,3.209188343,1.974624423,984,925,3,74,987,999
9162,3.977094353,2.6226177,1481,1393,5,118,1486,1511
9163,5.935299084,0.07498628312,1109,1017,9,62,1118,1079
9164,3.449222772,3.580940678,590,550,2,47,592,597
9165,4.544459643,0.3638979063,1113,995,4,55,1117,1050
9166,1.907763596,0.9250394922,1265,1276,3,68,1268,1344
9167,3.735503213,3.222012209,1160,1100,5,92,1165,1192
9168,2.769768096,1.592311338,1404,1312,6,90,1410,1402
9169,5.34719494,1.282565747,1305,1188,4,115,1309,1303
9170,4.64003352,3.689243168,1303,1122,4,113,1307,1235
9171,3.954916409,2.746471949,1466,1376,5,135,1471,1511
9172,2.32979006,2.743184615,1066,1014,2,68,1068,1082
9173,1.542124965,0.05555808393,1617,1525,10,66,1627,1591
9174,2.389804383,0.8423851505,816,757,3,42,819,799
9175,3.999366452,1.967405969,1598,1425,4,111,1602,1536
9176,3.436976731,3.066972205,557,517,0,55,557,572
9177,3.484207949,2.057028693,589,589,4,53,593,642
9178,1.134263887,0.08007124717,1614,1506,17,55,1631,1561
9179,5.130020752,1.673019784,963,908,1,57,964,965
9180,5.478748578,2.553255461,801,725,3,87,804,812
9181,3.780138045,0.954159651,772,767,2,38,774,805
9182,4.48746294,1.516117826,965,960,5,82,970,1042
9183,5.453626748,2.039643316,1603,1540,5,147,1608,1687
9184,1.591121465,3.785376455,1351,1191,7,107,1358,1298
9185,5.4111793,1.361074052,1200,1097,6,101,1206,1198
9186,1.371535082,2.096761955,884,842,3,51,887,893
9187,1.69899781,2.215432234,795,776,1,47,796,823
9188,2.379982867,1.899106294,559,574,4,38,563,612
9189,3.343838713,2.857418336,1014,842,2,78,1016,920
9190,4.063197896,1.351369495,586,528,1,41,587,569
9191,1.682958143,2.204437358,1622,1466,10,83,1632,1549
9192,3.900240864,0.5710724389,1417,1284,0,69,1417,1353
9193,1.553444279,2.673777421,1374,1278,4,85,1378,1363
9194,4.874448123,2.398610454,1294,1255,4,106,1298,1361
9195,4.970072585,0.4061381122,1264,1208,4,61,1268,1269
9196,1.784633883,1.977055427,1514,1447,8,106,1522,1553
9197,5.943836903,3.821239029,938,789,1,96,939,885
9198,4.627772664,1.682296185,1462,1365,3,86,1465,1451
9199,2.231521054,1.325550196,1052,940,3,63,1055,1003
9200,1.137906912,0.5663056838,889,827,3,43,892,870
9201,5.527859841,2.4697835,627,563,3,53,630,616
9202,3.432281547,2.963377906,916,812,2,69,918,881
9203,2.48249677,2.180297202,1018,928,8,56,1026,984
9204,2.245328271,1.068541038,801,748,5,58,806,806
9205,5.792105228,1.035641077,902,792,1,66,903,858
9206,2.378770435,0.5442973818,1145,1144,12,49,1157,1193
9207,5.757864175,1.677843588,875,817,3,65,878,882
9208,4.379551379,2.288702102,1463,1250,4,114,1467,1364
9209,5.202523903,1.909690115,799,702,5,53,804,755
9210,2.17300087,1.055273633,993,918,5,50,998,968
9211,5.688259219,1.919054756,902,811,3,70,905,881
9212,3.958711043,3.714387467,677,638,0,62,677,700
9213,3.294817157,0.09811799146,681,642,7,33,688,675
9214,3.484311999,3.717382845,782,693,2,75,784,768
9215,5.37862401,3.079880268,1178,1079,2,107,1180,1186
9216,3.348339674,3.765779798,650,543,2,43,652,586
9217,5.789654744,2.069439818,1079,1008,1,88,1080,1096
9218,3.922655017,1.892838299,945,884,3,78,948,962
9219,4.02640286,1.928945284,804,725,1,49,805,774
9220,5.818995338,0.7129600948,575,558,0,35,575,593
9221,1.463690432,3.644575494,601,557,0,33,601,590
9222,5.783599029,1.707493463,726,630,2,52,728,682
9223,3.882804926,2.036269195,685,658,1,50,686,708
9224,5.020408303,0.832915163,1472,1368,5,88,1477,1456
9225,1.257226763,2.083323086,684,704,1,41,685,745
9226,5.701385209,2.14318395,1062,995,3,79,1065,1074
9227,2.086288808,3.345974958,1008,884,2,58,1010,942
9228,2.844831738,2.505362352,1586,1440,5,136,1591,1576
9229,4.100241009,0.7810000704,774,758,2,48,776,806
9230,1.170615614,0.7842355948,1570,1385,5,68,1575,1453
9231,2.096797937,1.828732237,1247,1112,2,65,1249,1177
9232,5.220326812,0.565118825,735,681,3,51,738,732
9233,5.536558228,3.023278628,710,640,1,72,711,712
9234,3.03735568,3.198607047,1283,1170,6,88,1289,1258
9235,5.102624853,0.6095551832,1130,1047,4,83,1134,1130
9236,3.243537202,0.0185056671,793,727,3,31,796,758
9237,3.490780955,2.509991468,880,788,1,62,881,850
9238,1.239759782,2.725301478,1449,1394,2,92,1451,1486
9239,4.230782341,0.8151025123,1225,1129,7,63,1232,1192
9240,3.232369076,2.482040826,1189,1195,4,95,1193,1290
9241,5.430395238,3.13323492,1138,970,2,89,1140,1059
9242,5.835950409,1.288314924,608,534,2,57,610,591
9243,1.339366029,2.493302458,1193,1165,3,74,1196,1239
9244,2.601055274,0.2345332703,1512,1441,12,58,1524,1499
9245,1.249722362,1.788691968,792,748,2,41,794,789
9246,1.953037171,2.586055851,785,707,4,52,789,759
9247,4.406781628,1.737213288,1461,1282,3,118,1464,1400
9248,4.908844899,2.088502115,775,729,1,61,776,790
9249,5.165737738,2.571901083,1023,936,3,67,1026,1003
9250,1.819213705,2.887199364,1244,1106,5,93,1249,1199
9251,4.445028768,2.847718007,877,836,4,51,881,887
9252,5.631370395,3.090809439,1400,1230,4,129,1404,1359
9253,3.35201669,2.502708645,1298,1199,6,92,1304,1291
9254,5.778157112,1.88729877,1574,1434,5,136,1579,1570
9255,5.174308699,0.2328477584,1618,1483,9,89,1627,1572
9256,4.027869884,2.594881168,1174,1120,3,88,1177,1208
9257,5.032569353,3.387278713,621,531,0,47,621,578
9258,5.092141834,3.402619558,850,814,2,64,852,878
9259,5.997216283,2.508074315,1376,1292,3,125,1379,1417
9260,1.861230367,1.663593878,1135,1007,5,70,1140,1077
9261,5.21662184,2.945535101,1540,1462,8,111,1548,1573
9262,5.790543738,2.407125161,1478,1299,2,126,1480,1425
9263,1.591012668,0.5317489838,1215,1145,3,65,1218,1210
9264,1.270713914,1.17689347,637,518,4,32,641,550
9265,2.56567216,0.9019497995,1249,1230,7,68,1256,1298
9266,4.777221156,0.5619062479,689,685,4,31,693,716
9267,5.773353225,2.399975055,1543,1481,2,141,1545,1622
9268,3.987585683,1.548361957,746,748,0,38,746,786
9269,5.49780328,2.973750913,684,605,4,59,688,664
9270,3.351991143,2.18551186,1464,1409,8,96,1472,1505
9271,4.173645832,0.1959318225,800,745,5,39,805,784
9272,5.664076746,1.975059155,867,814,1,62,868,876
9273,1.632322417,3.468282584,691,642,2,53,693,695
9274,1.817028211,3.373473491,1184,1049,2,89,1186,1138
9275,3.284694263,0.489701952,917,846,4,48,921,894
9276,4.926762904,3.747095387,889,809,2,81,891,890
9277,3.196140103,2.413714439,1173,1104,1,109,1174,1213
9278,3.870189365,1.089043426,1363,1242,8,84,1371,1326
9279,4.035382746,0.2843995106,1170,1175,6,67,1176,1242
9280,2.241485037,2.995369295,1520,1464,9,142,1529,1606
9281,4.293283387,0.3142212385,1207,1100,5,68,1212,1168
9282,1.216149041,3.814438266,1349,1226,3,107,1352,1333
9283,4.16292269,3.899128543,785,709,3,60,788,769
9284,4.706862154,1.80994996,694,649,0,50,694,699
9285,5.019615262,3.93537472,588,496,2,68,590,564
9286,1.493670108,0.1488268435,1082,1086,4,40,1086,1126
9287,2.3971956,1.907129914,1242,1133,4,80,1246,1213
9288,4.95578323,0.9556271037,1367,1300,7,104,1374,1404
9289,2.831355165,3.788989637,748,745,3,74,751,819
9290,2.731939281,2.790130456,1165,1077,6,79,1171,1156
9291,2.591812928,2.331160949,1094,1010,1,88,1095,1098
9292,5.159686236,1.568148539,802,730,4,54,806,784
9293,4.730350737,2.721752278,817,770,3,53,820,823
9294,5.681393079,0.06321895553,846,857,5,40,851,897
9295,2.193700633,0.501895186,1224,1170,5,78,1229,1248
9296,3.352041239,2.766095726,587,544,0,60,587,604
9297,1.299785594,1.830997923,728,640,2,52,730,692
9298,3.344660866,0.5646897613,615,569,0,41,615,610
9299,1.494488123,3.35945298,561,545,0,38,561,583
9300,2.572883157,1.109865039,1182,1041,3,61,1185,1102
9301,1.084935033,3.969656544,1097,990,3,71,1100,1061
9302,4.836336216,1.321224439,583,577,5,42,588,619
9303,5.516099018,1.899578069,1007,964,5,83,1012,1047
9304,2.381197598,2.755324437,1280,1156,3,92,1283,1248
9305,5.657964943,2.719237468,811,723,2,76,813,799
9306,2.322576284,1.470494273,1617,1437,3,113,1620,1550
9307,2.049093077,3.254478567,579,586,1,45,580,631
9308,5.132047841,1.561002517,1086,1030,4,87,1090,1117
9309,4.049447111,1.752421344,1064,1055,7,74,1071,1129
9310,1.664090318,1.589011181,878,838,6,55,884,893
9311,2.720139269,0.3719098184,1044,904,3,49,1047,953
9312,3.386582047,2.728826435,1555,1464,4,128,1559,1592
9313,5.022500918,2.351353788,574,577,2,36,576,613
9314,5.770381149,0.449764714,1482,1417,6,79,1488,1496
9315,2.462229996,3.851036699,1161,1120,2,83,1163,1203
9316,1.339396854,2.232473911,1640,1490,8,106,1648,1596
9317,5.190285178,1.436807825,825,773,1,61,826,834
9318,1.749909555,3.46644633,1022,928,6,74,1028,1002
9319,3.349708668,0.09183663877,969,967,9,36,978,1003
9320,3.638712856,3.238677811,1604,1444,1,132,1605,1576
9321,4.393612671,2.931543897,1537,1417,5,123,1542,1540
9322,4.01796903,2.659585487,1207,1174,2,112,1209,1286
9323,5.485527434,1.223770001,874,859,5,62,879,921
9324,1.020796318,3.596923889,1561,1438,5,109,1566,1547
9325,1.433524076,3.503961991,1020,952,3,71,1023,1023
9326,3.332778348,2.081094014,1375,1305,6,98,1381,1403
9327,3.864732165,1.111571205,617,683,2,35,619,718
9328,4.431765732,1.692834877,730,591,3,46,733,637
9329,3.089970305,2.862729632,1079,995,3,85,1082,1080
9330,5.040591381,1.874163858,1222,1093,4,96,1226,1189
9331,2.058090412,2.790236101,764,715,2,62,766,777
9332,3.956271876,0.6045460313,675,666,1,35,676,701
9333,1.894917411,0.02262819481,1583,1555,8,45,1591,1600
9334,5.180382365,1.047389218,1203,1097,3,96,1206,1193
9335,1.356477221,3.318330104,648,652,2,45,650,697
9336,2.974357743,2.865554739,1279,1271,8,106,1287,1377
9337,3.212533498,3.366497327,916,784,4,66,920,850
9338,3.093828371,0.5916258482,1290,1205,3,59,1293,1264
9339,2.791837401,1.619000308,1658,1452,8,113,1666,1565
9340,2.653218543,2.978218652,1391,1248,2,99,1393,1347
9341,5.399836951,3.235945314,855,669,2,69,857,738
9342,5.935078929,2.839422961,1313,1169,3,105,1316,1274
9343,5.312812564,2.623041188,553,525,3,56,556,581
9344,2.639677344,1.414962348,873,829,3,48,876,877
9345,1.803331804,3.247325288,1481,1384,6,116,1487,1500
9346,3.746113642,0.6384782018,980,954,4,56,984,1010
9347,4.328432496,2.658704957,861,845,2,77,863,922
9348,5.215015784,0.1804143968,1267,1226,2,64,1269,1290
9349,4.541041401,3.159247434,1278,1194,2,136,1280,1330
9350,4.763295044,0.6444669935,864,855,3,56,867,911
9351,4.176269407,0.8378997758,682,651,0,45,682,696
9352,3.322492398,1.932703491,1022,918,4,70,1026,988
9353,1.104773044,2.486630881,789,738,2,47,791,785
9354,5.992817055,2.564040286,1493,1341,2,131,1495,1472
9355,5.991505662,3.098267383,1086,942,1,109,1087,1051
9356,5.31132779,0.5468366204,1106,1017,0,60,1106,1077
9357,1.473445292,3.465223629,1290,1143,4,89,1294,1232
9358,4.402493403,2.187566285,1145,1060,1,87,1146,1147
9359,1.873734303,0.4941994092,865,864,3,45,868,909
9360,3.418093986,1.908963881,822,709,4,56,826,765
9361,4.089027773,3.358460033,677,627,0,51,677,678
9362,2.971325138,3.077043725,686,617,1,51,687,668
9363,3.810658643,3.224615493,1373,1297,3,112,1376,1409
9364,3.259726414,1.054096325,1466,1262,4,94,1470,1356
9365,2.19042664,2.640834001,686,634,0,60,686,694
9366,4.813998624,3.393852847,1303,1165,2,103,1305,1268
9367,3.919384213,1.639446879,786,736,3,42,789,778
9368,1.515232416,3.910573539,577,542,3,31,580,573
9369,5.956980415,0.5576688349,1386,1293,4,84,1390,1377
9370,4.505176263,0.08830062263,1527,1416,6,77,1533,1493
9371,1.848088461,1.422511291,1301,1225,6,76,1307,1301
9372,5.77776097,3.966647857,984,834,2,96,986,930
9373,3.022330983,2.198161973,613,542,2,43,615,585
9374,5.3592885,2.091454748,1165,1081,5,105,1170,1186
9375,1.479106281,0.07437965572,692,659,7,22,699,681
9376,4.369757606,1.74379413,584,580,2,41,586,621
9377,2.205740691,1.497101805,1516,1404,5,103,1521,1507
9378,1.49828224,2.734370352,1121,1035,4,75,1125,1110
9379,1.262324776,2.952788282,1496,1378,8,106,1504,1484
9380,1.850805885,3.393842756,624,553,3,34,627,587
9381,2.560125688,3.761988563,710,627,4,57,714,684
9382,5.253836065,3.10757203,1270,1238,1,108,1271,1346
9383,2.438789596,0.8576230395,1110,1077,4,55,1114,1132
9384,4.191331186,2.7918725,1237,1105,3,96,1240,1201
9385,1.067627509,1.226307583,1556,1499,10,87,1566,1586
9386,5.099095543,2.897283385,606,540,1,48,607,588
9387,5.242255368,3.207017614,869,843,1,84,870,927
9388,3.857125918,1.544756743,1391,1287,5,87,1396,1374
9389,5.057193041,0.1824807102,691,653,8,36,699,689
9390,3.671768845,1.432610054,781,735,1,57,782,792
9391,2.825159711,0.9867380727,1408,1363,5,88,1413,1451
9392,5.161300552,0.6838592385,1522,1378,5,83,1527,1461
9393,3.759808732,1.945281495,677,627,3,51,680,678
9394,3.869114183,0.09456419706,1398,1350,11,56,1409,1406
9395,4.59435935,2.695741139,1466,1318,3,115,1469,1433
9396,4.426233338,1.075956199,1597,1543,8,105,1605,1648
9397,2.150727735,0.6889697429,766,723,2,35,768,758
9398,4.61909967,3.563433632,696,658,1,53,697,711
9399,1.645768308,1.197454181,1548,1457,6,106,1554,1563
9400,5.236644047,1.214321178,664,639,2,48,666,687
9401,4.666973746,1.283728797,690,675,0,49,690,724
9402,2.091322312,2.328964775,1304,1202,5,94,1309,1296
9403,4.128789526,0.9362075187,1027,948,5,71,1032,1019
9404,2.273474782,2.542425903,1393,1278,8,96,1401,1374
9405,3.039598436,3.790323075,777,708,3,68,780,776
9406,1.497437978,2.078080677,1400,1269,5,84,1405,1353
9407,5.351048352,0.04868076006,550,562,1,27,551,589
9408,5.575457617,2.182274564,582,587,1,55,583,642
9409,5.28075792,3.063314307,1355,1256,2,125,1357,1381
9410,1.705869365,1.322948107,727,666,1,32,728,698
9411,4.101321545,1.217839345,787,772,4,49,791,821
9412,2.578878497,1.121012441,960,924,3,65,963,989
9413,5.138044764,2.593964472,707,671,0,57,707,728
9414,2.077877471,2.906022985,1039,1023,3,69,1042,1092
9415,2.881559636,3.432286641,1452,1264,7,110,1459,1374
9416,2.724338987,1.032189177,1057,1072,7,63,1064,1135
9417,2.61411257,0.6210280325,560,574,3,36,563,610
9418,3.801951761,2.278452385,1498,1389,3,118,1501,1507
9419,4.504981417,2.907052692,1530,1415,1,121,1531,1536
9420,3.788334496,1.272175435,598,547,0,32,598,579
9421,5.516372111,1.272001491,1335,1248,6,102,1341,1350
9422,1.641280443,1.804610045,653,542,1,37,654,579
9423,1.693893115,0.5120399697,1511,1440,6,74,1517,1514
9424,2.415602938,2.126552383,818,757,5,59,823,816
9425,1.224500321,3.379715436,591,562,0,37,591,599
9426,4.538611922,1.82011067,1433,1303,4,101,1437,1404
9427,3.878409042,3.265867456,1439,1337,8,134,1447,1471
9428,4.210098854,0.06845879474,1332,1319,6,56,1338,1375
9429,3.050262463,1.136091043,640,565,2,32,642,597
9430,1.414255019,2.19808366,572,512,2,37,574,549
9431,3.84657775,0.4075022137,713,655,5,49,718,704
9432,2.220532828,2.959743269,1421,1228,5,99,1426,1327
9433,2.360858249,1.850250377,1610,1449,6,109,1616,1558
9434,1.706473276,1.956152926,1325,1207,8,72,1333,1279
9435,1.106108533,1.801185366,1185,1155,7,68,1192,1223
9436,4.77112204,2.527916377,702,622,2,59,704,681
9437,5.522640262,1.562204982,1263,1199,2,104,1265,1303
9438,2.932161347,3.063708389,589,558,0,47,589,605
9439,3.048330846,2.057890894,893,823,2,67,895,890
9440,3.659209396,3.221234432,688,621,0,58,688,679
9441,2.07930693,2.797106873,618,542,2,47,620,589
9442,4.460312428,0.4833715175,1051,1050,0,62,1051,1112
9443,1.075576772,0.7318697883,1034,915,4,42,1038,957
9444,1.474341859,0.2159279054,1354,1358,7,66,1361,1424
9445,1.845110977,2.503779998,774,771,1,56,775,827
9446,3.295515668,3.486827719,823,672,4,59,827,731
9447,5.46722678,2.830497697,583,552,4,53,587,605
9448,3.831082428,3.81546052,954,937,4,81,958,1018
9449,5.363351978,1.522931888,1191,1048,3,87,1194,1135
9450,4.566049467,3.806344876,1349,1173,4,120,1353,1293
9451,3.72218098,0.17406295,1385,1282,5,79,1390,1361
9452,5.652607038,2.818619727,1526,1442,4,145,1530,1587
9453,2.096135373,2.437948004,1536,1389,4,102,1540,1491
9454,4.429641863,1.859021198,1376,1268,2,99,1378,1367
9455,5.990811512,3.495202473,1443,1331,5,151,1448,1482
9456,1.594329826,0.8846499175,1125,1058,9,64,1134,1122
9457,4.354387043,1.623138057,1243,1122,8,90,1251,1212
9458,2.732701466,1.66447164,585,614,2,43,587,657
9459,1.09047251,2.550745143,1611,1429,8,102,1619,1531
9460,1.304801438,1.419644595,871,820,5,48,876,868
9461,5.394828783,2.484578772,886,827,2,65,888,892
9462,5.585764554,3.659625625,695,631,1,59,696,690
9463,3.809989565,0.600285818,557,553,2,20,559,573
9464,3.970832975,3.089780896,1179,1115,3,98,1182,1213
9465,4.423857984,1.704671391,562,538,2,37,564,575
9466,1.542125807,1.232468042,1404,1300,11,84,1415,1384
9467,3.077920276,0.8876902091,574,543,0,37,574,580
9468,5.698547662,3.162966512,898,801,0,77,898,878
9469,4.731565486,1.064464703,573,586,2,35,575,621
9470,3.16445373,3.149465678,674,643,2,58,676,701
9471,4.6279602,1.471358938,1166,1125,4,92,1170,1217
9472,1.792783438,2.768500629,1297,1227,5,94,1302,1321
9473,5.15283418,0.9382984679,1154,1153,5,72,1159,1225
9474,3.926720621,3.578453936,1112,1096,2,94,1114,1190
9475,3.108950166,1.483688215,1357,1313,3,94,1360,1407
9476,3.446874453,1.868977981,1555,1473,6,122,1561,1595
9477,3.669440712,3.362607207,1587,1459,4,148,1591,1607
9478,4.328282566,1.87763952,1096,1007,1,74,1097,1081
9479,1.819629253,1.106868607,1256,1266,3,69,1259,1335
9480,1.91505657,2.590370609,1270,1246,4,98,1274,1344
9481,1.813853693,1.791754388,1105,1020,1,70,1106,1090
9482,4.889613486,1.587892042,687,669,5,57,692,726
9483,4.751497482,3.980134579,1038,888,4,105,1042,993
9484,3.913412942,3.577364057,1465,1360,3,127,1468,1487
9485,5.129705059,2.59704688,568,564,1,47,569,611
9486,2.81240318,0.3365207833,768,774,3,37,771,811
9487,5.383497645,0.1176414405,1380,1352,8,58,1388,1410
9488,2.724957728,3.417414133,1354,1220,3,122,1357,1342
9489,1.522605795,0.9534427841,1273,1263,9,65,1282,1328
9490,2.488762988,3.137224209,777,698,4,55,781,753
9491,3.272991977,0.7944899403,1006,920,4,60,1010,980
9492,4.47262179,2.208470503,1284,1220,3,112,1287,1332
9493,1.605107959,0.9550439521,1156,1122,3,62,1159,1184
9494,1.866224071,2.552398565,659,641,4,50,663,691
9495,4.808813885,0.1868240813,1002,947,6,39,1008,986
9496,1.478866551,0.7816180874,1114,981,4,59,1118,1040
9497,5.260779881,0.5311560377,690,616,6,48,696,664
9498,5.373305127,3.033030228,1064,939,2,97,1066,1036
9499,2.638470562,3.356949837,1618,1467,6,114,1624,1581
9500,4.223800413,2.695080621,805,724,0,64,805,788
9501,1.796702236,2.946241821,546,524,0,39,546,563
9502,3.648011915,0.1089407776,1603,1490,5,67,1608,1557
9503,3.364769379,0.04904863867,615,543,1,18,616,561
9504,1.88487382,0.5774216812,619,589,4,14,623,603
9505,1.12897135,0.4656517506,1402,1309,8,67,1410,1376
9506,5.215466682,3.075811359,1180,1044,3,99,1183,1143
9507,5.167786002,0.7080822172,1088,1012,4,61,1092,1073
9508,3.892737718,3.47910758,593,554,1,41,594,595
9509,1.055711217,3.258834574,1194,1135,7,68,1201,1203
9510,4.224637002,3.749567267,1048,925,5,92,1053,1017
9511,5.17248949,0.7227613717,1270,1218,8,96,1278,1314
9512,4.553060877,3.460458266,1204,1088,4,94,1208,1182
9513,3.714220264,2.597114698,1081,875,5,83,1086,958
9514,2.423120446,1.565458077,1078,996,3,76,1081,1072
9515,5.683100792,1.744078425,708,627,3,54,711,681
9516,4.364667936,0.1429801885,793,715,2,36,795,751
9517,3.726338513,1.194577915,807,764,9,38,816,802
9518,3.63974672,2.319082003,1162,1065,4,90,1166,1155
9519,5.10249213,0.4262550148,1175,1166,6,53,1181,1219
9520,2.191541931,0.06349106535,1527,1579,10,80,1537,1659
9521,2.966103168,3.723854993,760,624,1,55,761,679
9522,4.206324115,2.397319033,989,883,3,80,992,963
9523,1.408263345,0.2715270275,1591,1490,11,85,1602,1575
9524,1.224192407,0.06326398556,889,884,2,29,891,913
9525,1.288346387,0.2737371567,751,719,3,38,754,757
9526,5.375564865,0.2681189836,1134,1042,2,57,1136,1099
9527,1.104223818,3.169774586,777,744,3,52,780,796
9528,3.158733312,2.420851218,1585,1597,7,133,1592,1730
9529,3.943379256,0.6589467589,1387,1270,4,84,1391,1354
9530,4.735214972,3.077990511,1649,1420,5,138,1654,1558
9531,5.351740697,3.029854466,1258,1163,5,108,1263,1271
9532,2.467769295,3.923011664,1014,915,1,83,1015,998
9533,4.560922351,0.7044757047,1089,1006,7,73,1096,1079
9534,1.329965333,1.750912192,1177,1141,8,73,1185,1214
9535,3.661922722,0.1555883957,1300,1254,5,54,1305,1308
9536,2.386570276,1.620685102,674,642,2,33,676,675
9537,4.215568679,1.838595901,1557,1419,8,113,1565,1532
9538,4.109425325,3.459012089,1323,1306,5,114,1328,1420
9539,5.569974204,1.453883248,846,820,7,68,853,888
9540,3.643133789,0.7676737206,1500,1365,5,95,1505,1460
9541,3.994407165,0.5895616143,1368,1329,10,86,1378,1415
9542,1.123801578,0.7256935205,1172,1106,3,48,1175,1154
9543,4.107259216,1.002863613,1531,1444,10,101,1541,1545
9544,3.091000389,3.457475645,633,519,3,50,636,569
9545,1.182830811,2.110954599,679,654,3,33,682,687
9546,4.878775056,1.616538364,1033,908,2,75,1035,983
9547,4.335348095,0.7365377123,543,573,2,26,545,599
9548,3.108367405,1.880005397,564,562,1,43,565,605
9549,5.021185074,2.895373452,1015,1015,2,100,1017,1115
9550,3.75960263,2.788659065,699,625,1,42,700,667
9551,1.438954734,3.891603902,687,626,2,47,689,673
9552,5.445792788,0.9085136198,1243,1081,2,78,1245,1159
9553,2.635603881,1.157886576,580,571,1,35,581,606
9554,3.850885536,2.680096418,889,858,4,64,893,922
9555,4.92493331,1.48374664,1550,1523,3,108,1553,1631
9556,4.522658285,1.430146077,1495,1400,6,102,1501,1502
9557,4.987007012,2.693275572,988,825,2,74,990,899
9558,1.573728465,2.027315986,889,832,1,51,890,883
9559,2.348362337,3.506165996,884,813,2,75,886,888
9560,2.529758693,1.033091581,1346,1253,3,94,1349,1347
9561,4.682362944,3.04822624,1049,1012,5,91,1054,1103
9562,2.246990521,0.5581937156,685,668,3,36,688,704
9563,3.65599276,3.230230046,1516,1316,3,131,1519,1447
9564,2.585878201,3.804496013,994,907,5,70,999,977
9565,2.068788074,1.34118282,1523,1447,5,101,1528,1548
9566,2.053736542,0.4706632965,1489,1432,5,64,1494,1496
9567,1.147446181,3.807936498,1170,1094,7,104,1177,1198
9568,3.963440435,2.706522911,734,628,2,52,736,680
9569,5.507899218,0.165171184,1541,1571,10,96,1551,1667
9570,5.917042394,1.437589852,785,738,6,55,791,793
9571,3.226100203,0.6260653488,1076,1054,4,57,1080,1111
9572,2.107402912,1.144400588,1516,1543,9,97,1525,1640
9573,4.747195329,0.8229601169,907,830,1,55,908,885
9574,3.023799531,1.897433927,705,679,1,75,706,754
9575,1.467021137,2.610651137,1194,1100,4,72,1198,1172
9576,2.495611986,3.530048479,1076,1010,3,92,1079,1102
9577,2.678429427,0.8114947682,976,954,2,53,978,1007
9578,4.410506595,2.527622754,846,839,0,85,846,924
9579,1.136296126,0.5796496284,869,880,5,37,874,917
9580,4.866847672,2.400832507,1122,1025,0,93,1122,1118
9581,1.435917336,3.137498578,1413,1275,5,101,1418,1376
9582,1.187672678,3.77981012,1583,1508,5,115,1588,1623
9583,4.180005212,3.900505069,575,538,2,37,577,575
9584,1.6227859,3.035857249,601,550,1,48,602,598
9585,1.810510447,3.816044707,1201,1105,8,88,1209,1193
9586,3.318993189,2.784038928,914,833,3,68,917,901
9587,4.130115964,3.859165965,1326,1174,4,109,1330,1283
9588,2.28490858,2.030399653,1385,1373,13,104,1398,1477
9589,4.639320799,3.07517318,1366,1232,4,122,1370,1354
9590,1.858551641,2.359058463,696,660,2,50,698,710
9591,2.146486348,1.897989383,1286,1200,10,79,1296,1279
9592,5.519985609,1.723803354,1444,1333,6,110,1450,1443
9593,1.212294409,2.126646648,694,644,6,34,700,678
9594,5.457425422,2.871722909,1109,1008,6,98,1115,1106
9595,3.712165854,2.871870706,1313,1176,5,111,1318,1287
9596,1.326615665,2.140430777,1513,1403,4,81,1517,1484
9597,1.513658037,1.038433499,1513,1450,9,86,1522,1536
9598,1.95867582,3.261831054,798,726,3,57,801,783
9599,2.81265819,1.698334329,555,561,0,35,555,596
9600,5.40703456,1.056477299,1394,1307,4,98,1398,1405
9601,1.840709439,3.184867976,1323,1263,4,99,1327,1362
9602,5.862135652,2.769988759,865,805,3,71,868,876
9603,1.318473834,3.933218334,886,815,6,71,892,886
9604,5.338883193,1.802238402,1176,1084,8,90,1184,1174
9605,1.84591599,0.4446931055,845,794,6,30,851,824
9606,3.612639044,3.403522134,1161,1088,2,106,1163,1194
9607,5.30002144,1.596003377,1340,1160,3,98,1343,1258
9608,1.965602789,2.342520926,883,765,6,66,889,831
9609,4.102402065,0.9093990987,1280,1218,5,81,1285,1299
9610,3.487861537,3.907152251,1356,1261,6,140,1362,1401
9611,3.828156177,0.8176728365,894,846,3,54,897,900
9612,1.342751447,3.623939051,1357,1255,3,88,1360,1343
9613,1.023769378,1.78765926,684,631,2,34,686,665
9614,5.106385884,1.024596137,708,634,3,43,711,677
9615,4.676656657,3.916071998,1570,1482,3,147,1573,1629
9616,2.548693891,1.526820971,679,655,4,49,683,704
9617,2.675886277,2.385449336,1286,1129,6,84,1292,1213
9618,4.552062937,1.594445357,704,636,2,47,706,683
9619,3.430322055,2.528845115,667,648,3,51,670,699
9620,4.88255257,3.951359354,683,634,1,66,684,700
9621,5.395651325,3.294152967,907,813,3,89,910,902
9622,4.24750301,3.994153835,678,640,3,66,681,706
9623,2.553497931,1.150326511,1333,1250,7,83,1340,1333
9624,1.585637184,1.708098862,1015,913,6,54,1021,967
9625,1.314717926,0.3159470628,598,580,6,25,604,605
9626,4.311467952,1.504928395,872,822,5,55,877,877
9627,2.89208664,0.5217795515,578,592,4,38,582,630
9628,4.237415834,3.278373581,1517,1338,5,138,1522,1476
9629,1.138788622,0.4989112541,1056,1001,8,49,1064,1050
9630,3.12966359,0.374500254,1503,1464,8,80,1511,1544
9631,3.188532786,3.749466815,1630,1459,5,131,1635,1590
9632,1.778460435,0.8980010622,1566,1506,6,99,1572,1605
9633,5.800285883,2.38885878,819,724,2,69,821,793
9634,5.322540332,3.688752184,1072,958,4,104,1076,1062
9635,4.427558289,1.315390723,982,882,2,65,984,947
9636,3.896734969,1.091430273,1575,1480,4,100,1579,1580
9637,2.346756879,3.58735682,889,809,1,65,890,874
9638,4.421823556,0.02640777984,1290,1182,9,59,1299,1241
9639,5.194368123,0.4354945158,1438,1339,7,75,1445,1414
9640,2.879031199,1.337319373,1061,1030,4,61,1065,1091
9641,2.319557589,2.536359527,674,648,2,56,676,704
9642,5.267399835,2.795157343,632,535,2,63,634,598
9643,3.715493093,3.777961495,1082,1007,2,94,1084,1101
9644,3.614436694,1.412082291,1553,1421,10,122,1563,1543
9645,4.462245396,2.474707976,1249,1138,3,104,1252,1242
9646,2.5080251,2.05663488,1459,1386,5,111,1464,1497
9647,1.629073107,0.3389713198,701,729,2,32,703,761
9648,5.510665413,3.746963226,1521,1317,6,133,1527,1450
9649,4.343642765,0.7674286827,948,818,2,61,950,879
9650,3.568991791,3.590350913,1285,1187,5,82,1290,1269
9651,5.930334568,0.3073410985,1362,1282,3,67,1365,1349
9652,3.304869577,2.917209819,1600,1477,6,137,1606,1614
9653,3.574448456,1.842962183,779,728,3,47,782,775
9654,5.591878472,0.5563482468,1146,1167,3,78,1149,1245
9655,1.193845678,3.753186983,1636,1479,6,117,1642,1596
9656,1.383401664,1.362016935,1345,1363,8,71,1353,1434
9657,3.318548152,3.253234813,687,628,1,61,688,689
9658,4.1616105,1.945153586,859,842,2,56,861,898
9659,1.831761237,2.486495616,692,645,3,54,695,699
9660,2.911854147,3.394661298,572,536,1,44,573,580
9661,1.704326359,1.945787569,1425,1298,7,72,1432,1370
9662,1.47504527,0.9081774631,1597,1453,12,69,1609,1522
9663,4.245533427,0.8757681073,718,628,3,34,721,662
9664,2.395756792,1.712841865,714,665,1,42,715,707
9665,2.225864019,1.911392882,1506,1439,8,109,1514,1548
9666,2.890139027,0.6557189941,774,743,8,52,782,795
9667,5.593887033,1.394719087,868,799,6,57,874,856
9668,5.560969583,3.437079402,1511,1279,4,140,1515,1419
9669,1.369607146,1.492548547,1115,1069,2,56,1117,1125
9670,4.218893016,3.867210687,1158,1101,5,98,1163,1199
9671,1.636502103,3.490906783,1037,936,2,73,1039,1009
9672,4.117297754,2.748932056,1137,987,3,91,1140,1078
9673,2.485972062,0.1565637043,1172,1170,9,50,1181,1220
9674,4.476947794,2.522064998,1400,1304,1,107,1401,1411
9675,2.338234789,3.16378051,801,726,1,57,802,783
9676,3.799634255,3.798708163,677,610,1,76,678,686
9677,2.665331061,3.990036648,612,560,0,61,612,621
9678,2.583506718,1.68329497,671,656,3,46,674,702
9679,2.201429379,3.303499032,1463,1408,6,119,1469,1527
9680,3.572077387,0.8603665843,1089,1023,6,60,1095,1083
9681,4.404692356,0.3087919055,1402,1331,6,76,1408,1407
9682,4.5213402,2.890703625,869,776,2,74,871,850
9683,1.537176243,3.948141482,1225,1193,5,100,1230,1293
9684,4.244697787,3.288899072,749,629,1,61,750,690
9685,1.990727972,0.9875999857,1246,1190,5,67,1251,1257
9686,2.794146119,2.981831157,603,521,3,41,606,562
9687,3.24631517,3.659475969,580,532,1,67,581,599
9688,1.413152766,3.203894816,1253,1217,5,96,1258,1313
9689,2.194125253,3.048872859,792,750,3,57,795,807
9690,2.95350661,1.215976061,871,778,3,40,874,818
9691,1.976384511,0.563375974,594,538,1,34,595,572
9692,5.407166146,1.051346054,597,588,3,45,600,633
9693,2.767051659,1.240813891,580,535,2,37,582,572
9694,2.157890183,2.611400971,1349,1314,4,99,1353,1413
9695,2.73138162,1.602144328,695,615,3,58,698,673
9696,4.857454922,3.742587151,1045,1018,4,105,1049,1123
9697,2.385508989,1.627896813,1226,1149,4,73,1230,1222
9698,1.81704521,3.291134405,1594,1448,7,138,1601,1586
9699,1.581071812,2.402952607,1360,1271,8,83,1368,1354
9700,1.603420114,3.975821295,1497,1401,7,119,1504,1520
9701,3.519927611,1.448847315,757,718,4,49,761,767
9702,3.125353077,1.606747479,993,962,4,63,997,1025
9703,2.075678849,2.988126849,1204,1128,7,92,1211,1220
9704,4.547128827,0.6586379082,1172,1112,5,66,1177,1178
9705,1.934509109,2.963556633,1482,1339,6,117,1488,1456
9706,5.221274737,2.142823738,1143,1082,4,81,1147,1163
9707,3.231060626,2.61573385,1145,1043,4,93,1149,1136
9708,3.721397953,1.58682626,1292,1156,6,90,1298,1246
9709,1.539445304,1.565220661,1401,1266,4,86,1405,1352
9710,3.279134206,3.975084455,787,691,4,79,791,770
9711,2.037402468,1.342651423,597,570,3,34,600,604
9712,5.554474708,1.600288769,1157,1091,3,79,1160,1170
9713,2.736620832,0.8679417385,890,806,2,51,892,857
9714,1.342166168,0.4616469019,1391,1402,6,61,1397,1463
9715,4.60874587,3.461462175,590,541,2,54,592,595
9716,3.298843447,0.8511990885,1536,1476,6,105,1542,1581
9717,3.491675385,0.9187616421,804,718,4,40,808,758
9718,4.891953573,0.9287947513,1539,1475,8,112,1547,1587
9719,1.886960036,1.891692889,1523,1387,8,101,1531,1488
9720,3.643107215,0.4077152375,1471,1385,5,76,1476,1461
9721,1.082951406,1.167171055,1295,1349,6,69,1301,1418
9722,3.762238251,3.417061153,1328,1179,5,114,1333,1293
9723,5.780241991,2.904360181,1611,1440,4,138,1615,1578
9724,4.384801549,3.700599446,843,797,1,84,844,881
9725,2.316277292,0.5669940649,1454,1384,6,67,1460,1451
9726,1.202961611,2.658141776,649,648,3,41,652,689
9727,2.0821604,3.93247049,1485,1419,2,117,1487,1536
9728,4.027031558,3.600677544,1530,1417,5,157,1535,1574
9729,3.682436362,3.643679007,602,525,1,43,603,568
9730,5.519000573,0.9864857284,1612,1461,6,107,1618,1568
9731,4.373863276,3.660232212,891,856,3,86,894,942
9732,4.955195104,0.9174096301,1569,1469,5,118,1574,1587
9733,1.014187324,2.794911074,1417,1317,5,83,1422,1400
9734,4.501994686,1.052283476,1089,978,10,69,1099,1047
9735,5.86977691,3.386987112,621,508,2,48,623,556
9736,5.443067997,0.22151273,862,859,5,35,867,894
9737,2.793270445,1.326319282,803,696,2,57,805,753
9738,5.725028941,3.464648039,908,834,1,86,909,920
9739,2.767645821,0.5316927587,1437,1385,2,63,1439,1448
9740,4.05739531,0.770660654,1098,1026,5,80,1103,1106
9741,5.072466457,2.554969466,691,631,4,54,695,685
9742,3.475191153,3.39342459,883,806,1,79,884,885
9743,2.081284938,1.623457702,789,702,6,52,795,754
9744,4.860446232,1.771121831,1563,1437,3,122,1566,1559
9745,2.321544609,2.161718902,1301,1257,2,94,1303,1351
9746,4.926992043,2.056323909,1273,1153,2,105,1275,1258
9747,1.529925682,2.270866116,1085,1121,5,73,1090,1194
9748,5.46026206,0.689760704,1460,1372,5,95,1465,1467
9749,3.96485421,2.857384887,1133,1088,5,117,1138,1205
9750,4.142925664,0.906497178,1393,1279,1,91,1394,1370
9751,3.079303838,2.254766705,1447,1329,2,96,1449,1425
9752,2.91046726,1.265711523,1056,999,2,74,1058,1073
9753,4.9425062,1.060145461,1478,1404,5,111,1483,1515
9754,2.168184265,3.310760437,1602,1535,3,122,1605,1657
9755,1.703613221,2.982458241,1347,1236,7,108,1354,1344
9756,5.638548854,0.2027675462,1464,1455,7,77,1471,1532
9757,1.318168959,1.764000876,1405,1376,4,74,1409,1450
9758,1.896647819,2.896338221,691,658,1,51,692,709
9759,5.328993404,1.093238465,1282,1188,6,95,1288,1283
9760,4.799388602,3.569018191,1300,1191,2,127,1302,1318
9761,3.637479108,0.6658814572,1417,1379,6,87,1423,1466
9762,3.505595663,3.799465977,1289,1194,7,98,1296,1292
9763,4.390027799,1.583505546,1154,1073,5,73,1159,1146
9764,4.948068737,1.426662033,1229,1190,6,68,1235,1258
9765,3.615463446,3.141302134,1376,1244,5,112,1381,1356
9766,5.464819932,3.365656353,995,893,3,106,998,999
9767,2.893171897,2.451118706,1021,1019,3,72,1024,1091
9768,5.202704976,3.949350013,1287,1159,3,127,1290,1286
9769,4.925393765,2.820191039,763,725,3,67,766,792
9770,1.552640474,1.629255883,1440,1385,4,74,1444,1459
9771,5.597147382,1.294958562,1258,1150,2,86,1260,1236
9772,3.48138339,0.2572149836,1261,1089,4,59,1265,1148
9773,3.578227482,1.94448272,1020,931,1,69,1021,1000
9774,2.448438064,0.5012835047,1090,1051,6,58,1096,1109
9775,5.424778168,0.1150340627,1609,1509,6,67,1615,1576
9776,5.324253362,2.052846167,1160,1070,2,96,1162,1166
9777,1.774403866,0.7319779108,827,769,4,31,831,800
9778,5.107752761,2.707761197,1417,1381,3,130,1420,1511
9779,2.204650369,1.270744095,888,864,4,49,892,913
9780,2.713329048,0.1109066609,965,894,3,41,968,935
9781,4.495187892,0.4373651351,936,794,8,54,944,848
9782,4.078176192,0.3041711778,811,766,5,36,816,802
9783,1.803684108,2.729174461,997,905,4,70,1001,975
9784,5.292803419,0.4581167646,1261,1205,5,72,1266,1277
9785,5.373601483,1.073979867,1202,1121,5,79,1207,1200
9786,3.202043999,3.816637209,1388,1233,5,105,1393,1338
9787,4.213835243,1.505530176,572,559,3,38,575,597
9788,1.99932656,3.985729888,1286,1144,4,116,1290,1260
9789,4.749378458,1.619469239,786,710,1,64,787,774
9790,3.31991105,0.06161435491,1186,1152,8,44,1194,1196
9791,5.724884329,3.403784366,741,631,3,62,744,693
9792,3.363073145,0.1135271373,953,937,3,48,956,985
9793,1.996695907,2.380763235,727,639,1,48,728,687
9794,4.201151427,1.434794315,849,856,2,54,851,910
9795,3.931520718,0.6962828701,1545,1451,9,84,1554,1535
9796,3.494648689,3.371510667,796,724,2,52,798,776
9797,3.365786319,0.07109758648,1491,1426,8,62,1499,1488
9798,4.758602989,0.9621158952,579,610,8,32,587,642
9799,4.557569956,0.5250375714,581,575,5,34,586,609
9800,2.326913023,1.420676567,1002,893,2,53,1004,946
9801,3.166814173,1.509923309,613,568,1,46,614,614
9802,1.454641035,2.062225204,818,712,5,49,823,761
9803,2.574928215,0.6363763038,682,688,3,43,685,731
9804,3.99707606,1.172835037,858,783,3,67,861,850
9805,1.583150974,1.692565595,1304,1290,6,65,1310,1355
9806,5.247905749,0.2839036869,608,554,0,34,608,588
9807,5.573317774,2.234342868,876,776,2,71,878,847
9808,1.96914671,3.276379112,1119,1103,5,88,1124,1191
9809,5.356425589,1.072616033,719,662,1,46,720,708
9810,5.741625941,3.160327673,586,568,2,62,588,630
9811,3.24078651,2.785782898,1394,1264,7,113,1401,1377
9812,5.825550886,2.25242179,1369,1247,2,118,1371,1365
9813,5.877571146,0.4268316719,1075,994,2,58,1077,1052
9814,2.45455907,3.376765616,1029,885,4,85,1033,970
9815,1.916057157,0.9203350691,554,590,0,23,554,613
9816,1.45772501,3.086363424,1531,1495,8,104,1539,1599
9817,3.533566562,1.11191688,1147,1110,11,70,1158,1180
9818,5.249280532,3.452490657,1107,981,0,105,1107,1086
9819,2.925693216,1.160211079,702,652,2,51,704,703
9820,2.328810547,3.424121682,1131,1005,7,91,1138,1096
9821,4.679956009,3.337952933,1526,1431,6,152,1532,1583
9822,4.360233637,1.750921479,570,554,0,47,570,601
9823,4.98980865,0.5995048522,1476,1379,7,97,1483,1476
9824,1.94589246,1.237426625,1241,1156,6,73,1247,1229
9825,5.758307913,1.348770623,751,767,3,75,754,842
9826,1.271898879,1.392731065,707,677,4,36,711,713
9827,4.927079135,3.529944103,717,651,2,58,719,709
9828,5.371570128,1.212244067,1468,1412,7,115,1475,1527
9829,1.755478625,1.691529766,1402,1356,5,88,1407,1444
9830,5.832959129,1.693724562,795,694,3,75,798,769
9831,2.809005677,0.8243045119,1072,1012,4,61,1076,1073
9832,2.322419444,0.1359516019,1005,937,4,44,1009,981
9833,2.044277957,2.596603391,1593,1449,5,105,1598,1554
9834,2.58397223,0.3173106906,1531,1451,11,83,1542,1534
9835,5.609596408,2.960546927,760,724,1,63,761,787
9836,2.632053645,1.560922018,1371,1307,5,99,1376,1406
9837,5.734549322,2.875484065,789,712,3,64,792,776
9838,4.529851792,0.3120368423,1232,1250,6,54,1238,1304
9839,3.993788755,3.137649272,1381,1299,4,113,1385,1412
9840,3.494045256,2.003711822,720,614,4,46,724,660
9841,1.88233451,0.87060951,851,861,6,53,857,914
9842,4.607993496,1.088294198,672,644,8,42,680,686
9843,3.066933888,1.293635146,1549,1526,10,99,1559,1625
9844,2.727776817,2.693635799,1412,1314,2,128,1414,1442
9845,1.191280625,3.616921202,1070,1015,2,84,1072,1099
9846,5.401436025,2.723483734,693,610,1,62,694,672
9847,3.753192348,1.956590507,770,755,2,55,772,810
9848,3.375320587,2.078164224,868,814,3,69,871,883
9849,5.146288612,0.4589905732,1376,1272,6,63,1382,1335
9850,5.433766159,3.821577897,993,910,2,94,995,1004
9851,4.210609335,3.251230118,612,536,1,52,613,588
9852,4.048719642,0.9896135267,587,564,1,38,588,602
9853,5.547540158,0.4947637337,1284,1269,6,76,1290,1345
9854,2.502414189,0.9945015449,1274,1195,5,68,1279,1263
9855,4.719998098,1.632001675,887,873,5,68,892,941
9856,2.486152612,0.3780910157,676,648,3,23,679,671
9857,2.410281901,3.281223025,618,502,1,48,619,550
9858,3.562688621,2.913128673,985,895,5,84,990,979
9859,2.044055063,1.084444647,658,689,2,43,660,732
9860,5.170883428,3.091478386,871,822,7,76,878,898
9861,1.057916442,1.147519181,1176,1127,10,61,1186,1188
9862,5.828279886,3.520041558,702,601,0,64,702,665
9863,3.154757443,1.009738195,696,626,0,41,696,667
9864,1.037189107,0.7608589644,1381,1325,11,63,1392,1388
9865,1.720064173,1.82563515,1613,1493,6,91,1619,1584
9866,4.742871898,3.454079369,621,633,1,64,622,697
9867,5.514998485,3.680023427,1360,1220,6,143,1366,1363
9868,1.51145012,3.281147419,638,654,2,55,640,709
9869,1.098334154,3.039853671,1400,1289,7,98,1407,1387
9870,1.868994655,0.4639680775,1522,1506,9,80,1531,1586
9871,2.299267101,3.573287502,1581,1426,3,119,1584,1545
9872,4.869776371,0.1826220182,1401,1303,9,60,1410,1363
9873,5.321141938,0.8990123686,713,627,2,55,715,682
9874,3.618839237,3.53106895,698,598,4,67,702,665
9875,3.898348249,3.528428748,763,740,4,74,767,814
9876,2.317371328,1.241780574,816,710,4,53,820,763
9877,1.974985256,2.173326686,1072,1079,1,70,1073,1149
9878,5.002202856,2.086602574,1541,1465,2,113,1543,1578
9879,3.714378486,2.770409947,1188,1090,6,78,1194,1168
9880,5.340013895,2.508676015,959,902,2,80,961,982
9881,1.392931965,0.4441129236,896,805,4,31,900,836
9882,2.256800227,2.516798631,1078,1051,2,73,1080,1124
9883,1.42660296,1.522674004,734,662,3,35,737,697
9884,3.012563752,1.460149085,582,575,2,37,584,612
9885,1.330663785,3.101341321,619,569,1,37,620,606
9886,1.966363691,2.479981146,1056,1052,4,87,1060,1139
9887,3.434020495,0.1090508,1105,1073,8,54,1113,1127
9888,5.106542553,3.432410066,1596,1409,2,152,1598,1561
9889,1.744587508,0.790943301,1576,1466,6,66,1582,1532
9890,4.399994291,2.311915228,1112,1011,7,83,1119,1094
9891,5.158383133,2.72397934,837,847,4,87,841,934
9892,5.01419163,1.360348989,789,712,3,63,792,775
9893,1.586404618,0.5764834342,795,765,3,48,798,813
9894,5.599293263,0.6137808364,1043,982,5,69,1048,1051
9895,4.377796149,3.303160189,1076,930,2,87,1078,1017
9896,4.064974118,0.1413704679,789,721,4,36,793,757
9897,2.947468198,3.652525196,1395,1288,4,100,1399,1388
9898,3.431853368,3.256766705,1532,1338,6,134,1538,1472
9899,3.028563515,1.258258308,1466,1349,7,90,1473,1439
9900,2.877688467,2.476289845,1063,987,3,85,1066,1072
9901,5.373191554,2.291060511,768,727,0,64,768,791
9902,2.604941675,2.834238826,660,630,1,39,661,669
9903,4.311378638,2.287460182,927,908,1,64,928,972
9904,4.945645805,2.743763589,1157,980,5,85,1162,1065
9905,4.097998708,2.765863474,1198,1095,2,103,1200,1198
9906,4.066812025,2.311097121,772,712,1,52,773,764
9907,2.140471019,0.5375820139,1490,1474,4,71,1494,1545
9908,1.85926047,1.437308047,740,620,8,45,748,665
9909,5.08205527,2.168213463,1184,1070,4,80,1188,1150
9910,4.071160628,1.183107495,587,553,2,40,589,593
9911,5.390053575,3.774410906,879,807,3,92,882,899
9912,2.582293901,0.4134325177,1512,1379,8,80,1520,1459
9913,4.377040307,1.271856712,905,859,3,55,908,914
9914,4.817549451,3.396611203,916,808,5,84,921,892
9915,4.818041816,0.07188456012,577,573,0,24,577,597
9916,5.123598901,0.4352007321,1418,1319,4,80,1422,1399
9917,3.411469595,1.867293664,1059,977,1,89,1060,1066
9918,5.993243785,0.7482788074,1581,1444,7,99,1588,1543
9919,3.529844811,3.342752654,1126,1028,2,84,1128,1112
9920,2.319004918,3.375610862,883,792,1,83,884,875
9921,1.314380126,1.574482694,1084,1118,4,78,1088,1196
9922,3.739209011,1.374167876,1568,1449,6,110,1574,1559
9923,1.663354116,1.712262855,731,741,6,42,737,783
9924,1.772057099,2.98004916,1061,1041,3,75,1064,1116
9925,2.24986863,2.961051913,943,898,5,77,948,975
9926,3.718456754,1.779457504,959,952,4,81,963,1033
9927,5.900621893,1.137316378,1554,1359,7,118,1561,1477
9928,3.687563049,2.732985196,1463,1404,3,112,1466,1516
9929,2.85040167,3.290038769,1092,1009,1,85,1093,1094
9930,3.922098745,3.571809655,1080,991,3,120,1083,1111
9931,4.838054321,1.134063054,1626,1514,5,91,1631,1605
9932,3.499767864,0.2976121433,1391,1344,8,68,1399,1412
9933,1.673436915,3.010482637,1285,1214,9,98,1294,1312
9934,2.437497842,1.589467435,1286,1251,4,99,1290,1350
9935,5.597247081,1.405671754,974,974,2,70,976,1044
9936,5.39791035,2.52944558,604,535,1,62,605,597
9937,2.254454176,3.570090122,1215,1065,3,103,1218,1168
9938,4.368573071,3.669795789,1202,1131,5,77,1207,1208
9939,4.850726287,0.6969090047,1263,1185,6,79,1269,1264
9940,2.306601741,3.21053981,998,952,6,79,1004,1031
9941,5.105500642,0.9799874318,988,927,2,76,990,1003
9942,4.074405512,1.861286962,1318,1204,7,89,1325,1293
9943,5.026084401,0.1235851989,601,575,0,25,601,600
9944,1.100034377,3.4496194,791,729,4,45,795,774
9945,5.790975023,3.135869328,1461,1281,3,125,1464,1406
9946,2.635257209,2.805040621,877,852,2,48,879,900
9947,4.209610807,2.17695609,1353,1279,7,113,1360,1392
9948,5.041097596,0.4650795222,1153,1019,11,67,1164,1086
9949,2.074145505,3.519314825,1449,1371,4,116,1453,1487
9950,3.264236981,1.725343687,1016,914,6,80,1022,994
9951,4.547045804,0.658474209,921,794,6,45,927,839
9952,5.218162971,0.9697477936,1014,910,3,71,1017,981
9953,3.897605931,0.4474051957,554,547,1,17,555,564
9954,2.976625813,1.214156628,684,604,0,31,684,635
9955,1.770112677,0.5278642655,890,847,8,31,898,878
9956,4.896875198,0.6198485659,1553,1361,8,96,1561,1457
9957,4.558538832,2.4440608,600,541,0,46,600,587
9958,2.756296495,2.928508389,836,851,0,65,836,916
9959,5.499601718,1.873214311,1303,1166,5,102,1308,1268
9960,3.012667812,3.607193535,1309,1247,5,117,1314,1364
9961,4.832082397,1.323697187,1094,970,4,77,1098,1047
9962,3.812954562,0.5618611865,1325,1251,5,59,1330,1310
9963,2.008877486,1.796220035,1210,1178,3,71,1213,1249
9964,5.201251175,2.142199132,1261,1186,4,118,1265,1304
9965,5.109615008,2.38274908,962,932,6,89,968,1021
9966,1.452030883,0.6590580026,1016,904,7,47,1023,951
9967,4.710016073,2.010040627,741,729,2,55,743,784
9968,1.905432001,2.049297083,892,885,2,61,894,946
9969,3.773275675,2.887551805,1297,1210,5,92,1302,1302
9970,4.075527701,1.4699481,711,623,0,34,711,657
9971,3.631039991,2.173156772,1470,1285,6,110,1476,1395
9972,2.486308401,2.327047201,1449,1365,7,119,1456,1484
9973,5.413155376,2.544266091,1346,1191,4,105,1350,1296
9974,4.754319878,3.088068695,1022,861,4,87,1026,948
9975,4.15903219,2.415250231,699,625,1,60,700,685
9976,3.618491086,3.736598246,1457,1281,2,119,1459,1400
9977,3.327252608,1.36516596,936,894,6,58,942,952
9978,2.52909931,3.204689241,1602,1491,3,117,1605,1608
9979,5.862923795,2.401756215,654,634,2,54,656,688
9980,2.970938729,1.069311876,1014,931,4,72,1018,1003
9981,1.054313371,1.967698185,1354,1320,11,72,1365,1392
9982,2.860541499,0.5494398225,1497,1375,4,76,1501,1451
9983,2.275459613,1.005564339,902,876,1,64,903,940
9984,1.513168848,1.52075879,610,536,2,30,612,566
9985,5.410843941,2.558741106,973,891,5,80,978,971
9986,1.858925807,3.763446761,1495,1364,5,110,1500,1474
9987,5.022312493,1.468471299,846,764,3,63,849,827
9988,1.233717239,1.932621442,598,577,2,35,600,612
9989,2.332813728,1.663691284,563,619,3,45,566,664
9990,1.093379892,0.2157444671,793,755,7,35,800,790
9991,1.077289859,1.019000964,653,652,2,30,655,682
9992,5.743987245,3.797119609,708,638,1,56,709,694
9993,5.682234941,0.1520630152,778,764,7,42,785,806
9994,3.113180791,2.596631224,907,869,1,58,908,927
9995,2.74388326,1.155183169,1104,1010,7,55,1111,1065
9996,5.735719226,0.1468635347,1398,1277,5,62,1403,1339
9997,4.192391657,2.576229083,700,627,2,57,702,684
9998,2.106045757,0.3428181071,900,813,3,40,903,853
9999,2.623785058,0.2411096466,880,855,9,41,889,896
10000,2.404040681,1.484255511,1372,1320,3,79,1375,1399
10001,2.898052573,1.999193178,787,776,3,48,790,824
10002,4.459880894,0.260598476,1093,1044,7,53,1100,1097
10003,1.219714215,1.770782532,1555,1486,11,87,1566,1573
10004,2.461962391,0.7263737913,705,591,3,53,708,644
10005,2.423831792,1.474920594,590,560,4,37,594,597
10006,4.292449767,3.842529299,1418,1359,3,146,1421,1505
10007,5.976970735,0.3439719515,541,563,2,27,543,590
10008,2.037043205,0.5122172484,690,638,3,42,693,680
10009,1.863156938,2.269595326,580,543,4,45,584,588
10010,1.032583677,1.422133225,823,757,5,45,828,802
10011,3.051026952,3.186116452,795,706,2,58,797,764
10012,4.642662574,0.007174232435,1185,1078,10,47,1195,1125
10013,1.78633801,3.401430831,1633,1471,13,133,1646,1604
10014,2.608576444,1.610450866,1557,1466,8,94,1565,1560
10015,2.532573433,0.8705380721,1119,1021,5,64,1124,1085
10016,2.792738956,1.89412905,1318,1222,10,89,1328,1311
10017,4.994649389,1.864400993,765,674,4,58,769,732
10018,3.059476892,0.7490421445,960,946,6,58,966,1004
10019,4.277100574,2.868638338,913,800,2,69,915,869
10020,3.014599655,2.994145383,1246,1189,6,99,1252,1288
10021,5.366944515,1.441185781,1386,1317,4,89,1390,1406
10022,1.720248682,2.764867435,1051,862,2,80,1053,942
10023,4.23253359,0.4284912044,1476,1420,7,86,1483,1506
10024,1.021244632,3.30043555,974,952,6,82,980,1034
10025,1.216534803,2.490301378,1542,1484,4,106,1546,1590
10026,5.447330016,2.098062724,1400,1281,4,95,1404,1376
10027,4.927848169,1.421601052,1020,862,3,59,1023,921
10028,3.435182315,1.940672564,1420,1294,6,102,1426,1396
10029,2.472442741,0.2085061709,1611,1451,11,57,1622,1508
10030,1.370420924,0.7168043111,899,852,6,48,905,900
10031,3.077034951,1.845431057,1404,1299,5,87,1409,1386
10032,1.628427191,0.3406479441,909,832,6,39,915,871
10033,3.851669073,2.435077987,1456,1338,5,88,1461,1426
10034,5.600742557,3.929425289,1352,1306,4,129,1356,1435
10035,5.178141277,3.350450438,683,583,1,71,684,654
10036,4.246129917,1.903373505,1212,1070,8,81,1220,1151
10037,5.990244555,3.698615062,795,720,0,83,795,803
10038,5.737062917,1.080382228,1569,1443,6,102,1575,1545
10039,4.114944285,2.671548361,978,929,1,74,979,1003
10040,4.778480393,2.014436638,872,818,3,75,875,893
10041,4.376719845,0.09295455308,952,965,10,43,962,1008
10042,2.661562796,1.986927762,1071,985,6,72,1077,1057
10043,2.017898898,0.7327815322,1461,1453,4,72,1465,1525
10044,5.440914635,2.555690415,1441,1248,4,98,1445,1346
10045,3.014278271,1.700213612,1624,1495,4,108,1628,1603
10046,5.197870011,1.850803619,1139,1133,6,94,1145,1227
10047,5.740163794,0.3450612185,1351,1367,3,85,1354,1452
10048,1.829522885,3.459090137,1499,1379,7,126,1506,1505
10049,5.655443313,3.60609681,1392,1299,2,146,1394,1445
10050,4.347187333,2.083004127,788,713,1,61,789,774
10051,3.7030058,2.742349405,1350,1305,9,102,1359,1407
10052,5.728405665,2.024636371,1319,1206,2,94,1321,1300
10053,1.443566096,0.9077636292,1358,1206,3,58,1361,1264
10054,3.921543045,0.2153823397,1593,1509,6,85,1599,1594
10055,5.582332264,2.599823839,1591,1442,7,152,1598,1594
10056,4.78477308,2.442168644,883,828,2,63,885,891
10057,4.568114092,2.490923237,1020,878,6,67,1026,945
10058,4.863016053,1.995244338,1419,1307,4,116,1423,1423
10059,1.366257438,3.40109236,791,718,2,56,793,774
10060,4.086456291,1.567021535,601,559,2,44,603,603
10061,1.789778792,3.687347961,595,534,4,45,599,579
10062,2.321109804,2.897196608,803,752,1,72,804,824
10063,5.951763151,0.5849828729,1508,1476,8,100,1516,1576
10064,2.394598516,0.7553526706,1002,939,3,60,1005,999
10065,3.108360407,3.803589599,676,633,1,57,677,690
10066,3.885014331,0.8050708449,701,646,4,31,705,677
10067,5.085478823,1.645378843,954,903,4,74,958,977
10068,3.205023248,1.920320223,1466,1343,8,102,1474,1445
10069,1.18046484,3.431904013,1058,995,1,78,1059,1073
10070,3.830374522,1.279312295,1478,1401,6,97,1484,1498
10071,1.890592173,2.157973381,904,876,5,62,909,938
10072,5.525700745,0.305300568,1563,1478,7,84,1570,1562
10073,3.985772176,3.596859033,1113,993,4,91,1117,1084
10074,5.423732265,3.706392573,597,542,0,46,597,588
10075,2.342077075,2.780463795,1603,1437,2,101,1605,1538
10076,3.747558496,0.8730072722,956,930,2,63,958,993
10077,1.27039112,2.089421016,1444,1320,5,94,1449,1414
10078,1.199273355,2.308924521,1562,1443,3,103,1565,1546
10079,3.282533086,0.2229528593,1079,1035,6,44,1085,1079
10080,4.59824308,1.580681036,542,542,4,39,546,581
10081,3.05378229,1.112860955,1022,919,4,61,1026,980
10082,1.11768121,0.06160823401,707,685,5,28,712,713
10083,4.560341265,0.3770262093,1296,1222,5,54,1301,1276
10084,2.767931163,2.39738187,1573,1447,6,113,1579,1560
10085,2.03088767,0.2715302693,1030,965,10,43,1040,1008
10086,3.76383356,2.583936977,1421,1341,3,114,1424,1455
10087,3.391560387,3.766299938,896,823,5,88,901,911
10088,5.304397888,1.448117379,1185,1108,4,87,1189,1195
10089,3.553594997,2.80204419,1007,880,1,80,1008,960
10090,3.767203334,3.213791335,1001,913,2,78,1003,991
10091,1.811828969,0.5385386325,770,742,7,26,777,768
10092,5.099379783,1.127556018,1192,1112,4,86,1196,1198
10093,5.51662537,3.434288795,1507,1389,3,163,1510,1552
10094,3.135670205,1.03139664,600,556,1,38,601,594
10095,5.852525585,1.558072704,1517,1442,3,109,1520,1551
10096,3.045630099,3.03657599,976,900,4,78,980,978
10097,5.559316965,2.547944751,781,690,1,63,782,753
10098,3.985884421,0.5607605747,1190,1123,5,65,1195,1188
10099,1.823640128,1.788844068,1202,1142,7,85,1209,1227
10100,3.618519865,1.628207445,614,548,0,35,614,583
10101,3.015657604,0.2682332677,661,650,1,34,662,684
10102,3.327781611,2.658616832,1352,1246,3,104,1355,1350
10103,2.925749137,1.828809882,1337,1229,2,100,1339,1329
10104,5.609907543,2.06480657,660,594,1,62,661,656
10105,1.992651422,1.0917859,1117,1051,4,60,1121,1111
10106,5.475215832,0.416189856,1532,1467,6,92,1538,1559
10107,1.382006686,0.339143599,870,881,3,48,873,929
10108,4.31354355,3.416491446,1089,1049,2,104,1091,1153
10109,1.647106079,1.026574202,1159,1104,5,60,1164,1164
10110,3.556101687,2.362053577,711,639,2,53,713,692
10111,1.655140518,0.2606852958,991,980,6,49,997,1029
10112,4.072308074,1.450152093,1360,1191,2,94,1362,1285
10113,4.514798083,3.382489459,881,819,4,73,885,892
10114,1.685504828,1.19944559,644,705,2,43,646,748
10115,2.5520253,1.720463277,614,545,2,30,616,575
10116,4.094831751,2.318042254,737,662,3,60,740,722
10117,1.18640307,2.24719827,1523,1402,6,89,1529,1491
10118,1.820835347,3.449628672,921,860,1,64,922,924
10119,2.295318708,3.950487887,677,637,3,70,680,707
10120,3.635628111,3.97006555,1458,1409,5,154,1463,1563
10121,5.052349341,1.17648927,881,816,2,59,883,875
10122,3.270523718,2.784416672,1105,982,4,92,1109,1074
10123,5.045223126,2.383341431,1090,1073,5,80,1095,1153
10124,5.01704258,0.3449197584,1030,994,5,58,1035,1052
10125,2.185725785,0.5213120494,1140,1087,9,67,1149,1154
10126,3.545430221,1.551265544,1331,1178,5,88,1336,1266
10127,5.150571032,0.3855118371,1236,1200,7,64,1243,1264
10128,2.486746622,0.5824738862,1289,1234,6,69,1295,1303
10129,2.75768841,0.4159917831,792,737,7,36,799,773
10130,5.970072143,1.66541298,1121,996,3,72,1124,1068
10131,3.960991171,2.430080942,791,750,2,64,793,814
10132,2.134792647,2.000816279,1381,1312,5,82,1386,1394
10133,1.947765899,0.8285770753,1478,1443,9,80,1487,1523
10134,4.279954111,1.927737666,1011,861,4,66,1015,927
10135,5.746501192,0.7235090074,846,842,8,49,854,891
10136,3.290017954,0.1584643433,748,781,9,28,757,809
10137,4.708892974,0.420892735,1276,1209,7,56,1283,1265
10138,4.858009067,2.508375082,1220,1107,3,109,1223,1216
10139,4.886874779,3.159861521,1382,1245,1,150,1383,1395
10140,2.087558927,1.968586045,1503,1407,9,94,1512,1501
10141,4.302020977,3.173357751,1505,1311,4,137,1509,1448
10142,5.961938254,3.589251557,1062,1028,3,108,1065,1136
10143,2.526229525,3.136907936,777,748,6,62,783,810
10144,2.743471048,1.711276778,1051,996,3,74,1054,1070
10145,4.08475949,0.06652872568,1520,1511,11,69,1531,1580
10146,1.008433135,1.831519928,596,545,4,34,600,579
10147,3.081948968,2.055419324,570,617,1,43,571,660
10148,4.205593339,0.8077993304,566,546,0,37,566,583
10149,1.887148082,3.41401333,763,724,4,59,767,783
10150,4.780294999,1.336752742,1041,1030,7,60,1048,1090
10151,2.51328253,1.595734089,882,820,2,66,884,886
10152,1.541310813,0.7250350421,613,564,2,25,615,589
10153,4.579855163,2.192831161,592,568,0,41,592,609
10154,2.866797779,2.07708433,895,825,4,66,899,891
10155,4.728060399,0.9085102285,1556,1422,0,93,1556,1515
10156,5.374546432,1.550897899,537,511,1,41,538,552
10157,3.902293509,2.670451132,1042,900,4,77,1046,977
10158,3.261301872,0.7670022197,643,549,3,32,646,581
10159,3.726335666,3.25013824,806,746,3,75,809,821
10160,5.811717849,0.7888550584,1490,1392,7,101,1497,1493
10161,4.113372492,0.6087025937,1266,1173,7,71,1273,1244
10162,2.121670164,1.387214988,1191,1116,6,69,1197,1185
10163,3.501350461,2.741876208,1258,1222,8,93,1266,1315
10164,5.3798584,2.237923931,1291,1201,3,106,1294,1307
10165,2.998360667,3.068268043,1249,1200,2,107,1251,1307
10166,5.081272336,0.3713893887,1530,1499,7,90,1537,1589
10167,2.427050168,1.168604883,716,627,4,41,720,668
10168,5.197316141,3.567867525,1197,1043,3,118,1200,1161
10169,3.746056542,3.614595863,1500,1318,8,142,1508,1460
10170,5.034500232,1.604866309,934,799,2,65,936,864
10171,3.840845174,2.043170795,983,947,3,71,986,1018
10172,2.429596151,1.553534079,1140,993,8,61,1148,1054
10173,1.080156373,0.828527117,971,926,6,53,977,979
10174,2.989787316,1.937984089,691,622,2,47,693,669
10175,2.786734783,2.193148085,1202,1165,2,81,1204,1246
10176,3.454458647,1.942805293,1025,984,4,87,1029,1071
10177,1.986397039,3.902180286,582,550,0,51,582,601
10178,4.371543407,2.375724114,1318,1178,4,98,1322,1276
10179,2.351690577,1.15466243,1176,1138,6,67,1182,1205
10180,2.201775722,2.214844648,1102,962,3,75,1105,1037
10181,1.421790888,2.907525943,950,923,6,73,956,996
10182,2.622933076,1.25742661,689,705,3,45,692,750
10183,1.237510586,1.424779084,1568,1488,8,95,1576,1583
10184,5.201252505,3.548433425,710,639,1,50,711,689
10185,2.653871653,1.125399366,1614,1510,6,100,1620,1610
10186,1.037819535,2.997608505,1408,1269,7,101,1415,1370
10187,4.980308898,0.5865066024,1196,1142,7,69,1203,1211
10188,2.150792707,3.895719092,782,717,4,75,786,792
10189,4.288887518,1.543440776,1087,929,2,74,1089,1003
10190,5.300726222,0.9729115179,1194,1092,5,68,1199,1160
10191,3.85708341,2.98834764,625,624,0,43,625,667
10192,2.800532035,2.579046427,1161,1081,4,85,1165,1166
10193,4.292204595,3.880737797,1392,1233,1,131,1393,1364
10194,1.3724812,2.122287798,1334,1243,6,80,1340,1323
10195,5.738821985,2.670114899,1169,1101,0,120,1169,1221
10196,2.084125292,1.671855991,1380,1271,9,106,1389,1377
10197,5.523358427,3.15657279,978,941,3,98,981,1039
10198,1.392818147,3.896000386,811,742,4,57,815,799
10199,2.169940022,0.6976017403,682,659,4,32,686,691
10200,2.265409898,0.6199085527,590,587,3,35,593,622
10201,2.441673037,3.878065276,1077,987,1,78,1078,1065
10202,4.259929714,3.751617058,841,800,3,89,844,889
10203,1.973439139,0.5699177234,1171,1139,4,58,1175,1197
10204,5.683676867,3.023211543,1626,1481,4,163,1630,1644
10205,1.809594615,3.359958126,1547,1456,3,128,1550,1584
10206,3.658273613,2.827302456,1070,1027,0,76,1070,1103
10207,5.950131886,0.9845692171,1461,1449,2,97,1463,1546
10208,1.320202923,2.747354368,641,541,4,42,645,583
10209,5.867805111,3.958726013,888,803,2,78,890,881
10210,5.937702033,2.706183031,1109,1024,2,101,1111,1125
10211,1.188267624,2.986427512,1331,1179,2,84,1333,1263
10212,5.202638731,2.463358737,657,628,1,51,658,679
10213,5.404611587,2.252720129,868,825,3,65,871,890
10214,1.136959621,2.911876356,1159,1130,12,73,1171,1203
10215,3.88899302,3.711333785,1176,1060,0,106,1176,1166
10216,1.842828887,3.804690616,586,558,3,56,589,614
10217,3.119972194,2.605454942,1429,1203,4,118,1433,1321
10218,1.717285272,1.477684611,638,665,5,36,643,701
10219,4.234088139,2.356219578,909,838,3,64,912,902
10220,5.143868336,2.216831773,932,956,1,83,933,1039
10221,2.995991164,1.645053395,1268,1188,5,80,1273,1268
10222,1.235884153,3.760376386,1286,1225,4,99,1290,1324
10223,2.027089557,2.291745447,874,819,4,62,878,881
10224,5.464575442,3.58060734,1420,1239,6,99,1426,1338
10225,3.608283639,3.872429215,1335,1268,5,148,1340,1416
10226,2.523659269,3.77073374,1602,1459,4,124,1606,1583
10227,2.311178275,1.656421393,798,767,4,62,802,829
10228,1.656801571,1.623970703,1605,1509,7,102,1612,1611
10229,5.122189776,3.975881767,1449,1312,4,156,1453,1468
10230,1.399834082,3.997532627,984,921,6,82,990,1003
10231,4.43553647,3.254328946,568,557,1,59,569,616
10232,4.803344246,3.251426628,1025,906,2,92,1027,998
10233,4.213495014,0.04993879694,845,848,6,40,851,888
10234,5.852647978,1.971789149,627,538,2,50,629,588
10235,3.503646514,0.1220272126,895,852,4,32,899,884
10236,2.171860328,3.6418522,692,585,1,47,693,632
10237,4.555068533,3.97857561,1017,920,1,99,1018,1019
10238,3.183687457,1.901333615,1268,1129,4,91,1272,1220
10239,1.196707081,0.9447439358,1446,1357,9,75,1455,1432
10240,3.71016318,1.720105869,701,648,2,46,703,694
10241,4.172482616,1.706434574,1189,1148,4,81,1193,1229
10242,4.060857407,3.568921893,1603,1452,5,140,1608,1592
10243,1.742504784,1.738875344,1636,1449,6,126,1642,1575
10244,1.502315598,0.4141110658,1461,1411,10,61,1471,1472
10245,5.828993224,3.202392707,1071,1007,2,90,1073,1097
10246,5.601077988,1.765618528,1602,1379,5,104,1607,1483
10247,3.069614036,3.611261513,1223,1210,5,121,1228,1331
10248,3.108174633,2.563323402,802,714,2,62,804,776
10249,5.989543644,2.257934048,1593,1498,0,139,1593,1637
10250,5.280620621,1.918674634,969,953,0,88,969,1041
10251,1.795075399,3.99970198,1489,1377,3,122,1492,1499
10252,2.990960659,1.112620271,895,849,5,53,900,902
10253,2.699841032,2.443885694,1213,1139,3,68,1216,1207
10254,4.257063001,3.92764223,1207,1032,4,97,1211,1129
10255,3.266927048,2.66066834,860,798,2,72,862,870
10256,4.495158107,1.168208512,927,870,4,60,931,930
10257,1.153701986,3.007221661,1095,1062,3,59,1098,1121
10258,5.01730269,0.136923912,1098,1036,8,42,1106,1078
10259,5.279880524,0.747839228,698,600,2,41,700,641
10260,3.517532633,0.2612002666,1567,1568,3,84,1570,1652
10261,3.646653458,0.1711325147,693,676,6,29,699,705
10262,4.897550141,2.301935241,583,592,0,46,583,638
10263,5.027686222,1.039902818,610,538,5,33,615,571
10264,1.575891889,1.573492782,921,839,5,67,926,906
10265,4.565865241,3.464005046,1419,1228,9,131,1428,1359
10266,1.182854133,3.656884336,946,916,3,88,949,1004
10267,2.499014923,0.2173414566,1252,1260,6,64,1258,1324
10268,4.631390209,3.173945523,589,579,1,52,590,631
10269,1.956049333,1.534645998,1215,1124,7,76,1222,1200
10270,5.3962022,1.26235169,711,673,0,46,711,719
10271,3.18604074,3.866017991,854,814,2,70,856,884
10272,5.517868139,2.123861738,612,511,3,41,615,552
10273,4.256317875,3.464127082,1109,945,4,91,1113,1036
10274,3.844179892,2.39277471,1578,1468,5,124,1583,1592
10275,3.445185324,3.240685663,856,842,5,70,861,912
10276,1.856866943,3.768874396,1614,1415,6,135,1620,1550
10277,2.405957139,0.8219022289,996,934,8,61,1004,995
10278,1.927172626,2.499716597,583,555,1,38,584,593
10279,1.687096258,0.5258552419,1258,1176,3,62,1261,1238
10280,5.930002076,3.669414126,809,730,4,71,813,801
10281,4.776681755,1.414769272,851,802,3,72,854,874
10282,3.371389408,0.5822168082,1533,1488,12,90,1545,1578
10283,5.748895984,0.6539800759,1188,1187,4,80,1192,1267
10284,2.17743808,3.882720997,764,717,2,66,766,783
10285,1.320211073,2.977330732,600,527,6,38,606,565
10286,5.174460092,1.221959826,748,643,4,48,752,691
10287,4.064939822,3.853052757,1376,1264,8,134,1384,1398
10288,2.8307999,0.6180213293,1001,957,4,60,1005,1017
10289,1.861915342,2.293128072,1471,1319,4,100,1475,1419
10290,4.308498575,1.978545797,604,551,5,45,609,596
10291,2.042693684,0.5197952645,1550,1528,7,96,1557,1624
10292,1.411340604,0.259184696,1150,1104,9,48,1159,1152
10293,2.026480715,2.930894472,770,809,3,49,773,858
10294,4.630894592,0.7921208085,1079,996,5,58,1084,1054
10295,5.780140133,2.302226924,589,548,1,49,590,597
10296,5.315295996,2.44054063,1518,1349,8,115,1526,1464
10297,5.916115977,2.873582576,989,899,1,106,990,1005
10298,5.034864963,1.515047162,774,716,0,54,774,770
10299,3.252082517,0.8481876767,1072,1002,10,84,1082,1086
10300,4.366213586,3.242495786,876,853,2,82,878,935
10301,1.142190511,1.576507114,1404,1289,9,63,1413,1352
10302,2.061812346,1.812865413,1283,1226,3,99,1286,1325
10303,1.208399058,0.399767157,697,611,1,35,698,646
10304,1.371324659,0.05992632516,1544,1480,9,58,1553,1538
10305,1.163800995,3.281247754,667,693,3,51,670,744
10306,2.535455398,1.361322437,1426,1320,2,90,1428,1410
10307,5.117933872,1.880400617,1045,1039,2,100,1047,1139
10308,5.641279982,3.847644638,1294,1147,3,113,1297,1260
10309,5.718059929,2.011624346,1287,1203,1,123,1288,1326
10310,5.694009913,1.918211209,1453,1355,2,127,1455,1482
10311,3.476787823,3.300057371,717,609,2,57,719,666
10312,3.550397773,2.127308077,1384,1332,5,103,1389,1435
10313,4.094890343,2.698216538,1280,1209,4,114,1284,1323
10314,2.878735159,2.320088698,606,569,2,40,608,609
10315,5.35480072,3.192162771,1167,1093,3,119,1170,1212
10316,2.515633816,0.4040276645,696,655,9,31,705,686
10317,3.071754581,0.699675583,890,845,2,44,892,889
10318,1.699078017,3.807612148,1435,1330,3,114,1438,1444
10319,5.925960768,2.532277492,1422,1359,8,112,1430,1471
10320,1.02767053,2.918677981,1094,1013,4,64,1098,1077
10321,2.065682106,3.419290732,1250,1192,5,100,1255,1292
10322,2.104730934,3.281497431,695,604,1,40,696,644
10323,4.443375003,0.729597335,595,544,6,31,601,575
10324,5.163578119,0.6962629186,1396,1256,4,74,1400,1330
10325,2.780104668,2.536919696,1290,1105,2,87,1292,1192
10326,4.030480327,0.8587506443,1463,1406,9,101,1472,1507
10327,3.504815154,3.115414549,1210,1097,4,95,1214,1192
10328,5.159402066,2.841821832,710,638,1,51,711,689
10329,5.198371653,2.534938314,1311,1179,6,104,1317,1283
10330,4.266358675,0.3006143544,1000,934,5,48,1005,982
10331,5.101667836,0.3043139102,889,850,6,44,895,894
10332,3.526455278,3.087270794,1456,1396,7,119,1463,1515
10333,1.962326076,0.6259823555,1582,1496,10,84,1592,1580
10334,5.034198791,3.531681686,1598,1424,2,141,1600,1565
10335,2.465944506,0.4091848211,1082,1100,10,47,1092,1147
10336,3.888545579,1.431704249,1065,1005,7,83,1072,1088
10337,5.063910393,3.030215135,1253,1064,0,132,1253,1196
10338,1.205999616,1.158778305,1611,1523,10,83,1621,1606
10339,4.868178728,2.966200585,1192,1122,3,96,1195,1218
10340,5.501685798,2.390446577,1333,1244,4,102,1337,1346
10341,1.641115145,3.688898882,1125,1116,5,97,1130,1213
10342,2.066620109,1.814744078,1317,1200,5,75,1322,1275
10343,4.375895648,3.319547024,1064,966,4,97,1068,1063
10344,3.755221696,1.595572208,856,845,2,57,858,902
10345,4.822488466,2.358481494,1061,1044,5,89,1066,1133
10346,4.992741444,3.945440854,584,528,3,62,587,590
10347,2.5111506,0.2136184954,1378,1350,6,47,1384,1397
10348,5.009842519,2.799267025,564,515,0,50,564,565
10349,2.257437344,1.856562832,968,934,1,57,969,991
10350,3.747491259,3.101961196,1239,1170,4,89,1243,1259
10351,4.027825875,3.880721796,1431,1371,6,142,1437,1513
10352,2.210341209,3.188651412,703,645,3,60,706,705
10353,5.665779351,0.5735225151,1142,988,4,54,1146,1042
10354,4.5325471,1.52973387,1587,1583,6,119,1593,1702
10355,4.889837439,2.931146834,1045,1030,4,94,1049,1124
10356,3.825546599,2.392153522,594,531,3,42,597,573
10357,5.036825581,1.752775739,1438,1433,3,99,1441,1532
10358,4.651230314,0.377948487,1425,1392,4,99,1429,1491
10359,1.389115135,0.2315110676,1191,1128,12,53,1203,1181
10360,3.793283066,2.910760641,915,815,0,69,915,884
10361,3.867464661,2.211061955,683,621,2,56,685,677
10362,1.297783363,0.8712173819,1579,1521,8,78,1587,1599
10363,1.070632588,3.789539729,1082,1010,3,79,1085,1089
10364,1.815751172,1.431523653,1412,1321,2,92,1414,1413
10365,4.048182851,3.745213719,896,790,2,80,898,870
10366,4.664557139,1.549633441,1578,1420,9,102,1587,1522
10367,3.679021427,1.566313839,550,538,1,48,551,586
10368,4.664485259,2.921341837,1207,1192,2,101,1209,1293
10369,2.35036333,3.555832203,1136,1010,2,101,1138,1111
10370,5.744506646,1.361142269,1207,1054,2,104,1209,1158
10371,3.098670381,2.090508491,1573,1470,2,93,1575,1563
10372,3.481894367,0.6826817745,830,759,7,48,837,807
10373,1.32814082,3.958840552,977,903,4,86,981,989
10374,3.314366954,2.599354837,585,580,3,48,588,628
10375,1.11900511,1.163295877,1325,1251,9,68,1334,1319
10376,5.361565786,0.7683118891,869,853,2,44,871,897
10377,5.726753032,1.786203097,607,542,3,50,610,592
10378,2.940550893,3.52007725,881,806,4,66,885,872
10379,3.684278878,1.38352119,1612,1603,6,88,1618,1691
10380,1.125595198,1.640461352,1057,902,6,61,1063,963
10381,4.111350897,3.913956835,1368,1287,3,133,1371,1420
10382,2.96417024,2.076323023,806,728,0,55,806,783
10383,2.990880981,1.737077077,940,929,4,65,944,994
10384,2.174032508,2.949444144,975,954,4,79,979,1033
10385,5.915182779,3.860743134,700,622,0,73,700,695
10386,2.072950933,3.387478791,1388,1278,5,103,1393,1381
10387,4.930019775,0.428586939,648,651,2,42,650,693
10388,1.990707003,3.461285604,1533,1433,9,138,1542,1571
10389,2.227257784,2.886350384,1216,1116,6,77,1222,1193
10390,5.822393266,0.1527268389,805,728,4,46,809,774
10391,3.268093876,2.13584761,581,525,4,42,585,567
10392,1.090153155,2.319171907,1057,1058,3,74,1060,1132
10393,1.817788139,2.14345741,689,649,2,45,691,694
10394,2.663957755,0.3369250991,1281,1215,6,60,1287,1275
10395,3.749473825,0.4188429278,785,774,3,37,788,811
10396,3.338041617,1.922878234,960,933,3,91,963,1024
10397,3.605319399,3.294155789,663,584,3,63,666,647
10398,1.77937599,0.5909531807,1308,1213,5,56,1313,1269
10399,3.819553163,0.8513220867,725,692,3,45,728,737
10400,5.799920539,3.599733176,759,711,0,72,759,783
10401,5.099816404,3.202593539,871,784,0,79,871,863
10402,1.109898371,0.8671885569,821,703,8,44,829,747
10403,1.300971406,2.018159045,753,735,3,34,756,769
10404,4.182581775,1.589017253,668,647,2,48,670,695
10405,2.802262135,1.86989835,1366,1349,6,87,1372,1436
10406,2.256883404,0.2712712203,989,915,5,40,994,955
10407,4.646752843,0.2821758934,647,671,4,42,651,713
10408,1.126807492,0.8926898256,1322,1329,11,60,1333,1389
10409,4.318209487,1.42022935,915,844,4,60,919,904
10410,4.342298636,3.638629653,1175,1082,6,112,1181,1194
10411,1.287776344,3.173806278,1228,1314,6,105,1234,1419
10412,4.852735559,2.845204514,1278,1208,9,120,1287,1328
10413,1.995635858,0.2189164081,768,783,4,38,772,821
10414,2.921606861,3.504738813,757,662,5,68,762,730
10415,5.264663859,1.550419864,927,820,3,77,930,897
10416,2.192058984,0.6701268512,1349,1293,6,76,1355,1369
10417,3.603775781,2.298889211,672,624,0,46,672,670
10418,5.14844046,2.583772942,1465,1305,3,140,1468,1445
10419,3.512726802,3.248005654,1396,1239,1,135,1397,1374
10420,3.176418075,3.074279496,591,514,4,41,595,555
10421,4.468324751,0.05109313398,1234,1218,5,49,1239,1267
10422,2.568336333,3.819094794,1452,1389,2,129,1454,1518
10423,5.641055359,0.5701430241,594,592,3,32,597,624
10424,2.818250706,3.305234805,1593,1466,7,144,1600,1610
10425,5.406294753,0.4876997929,878,858,0,41,878,899
10426,4.971389624,0.8642319842,1200,1065,8,76,1208,1141
10427,2.595411275,3.846670066,1420,1190,5,123,1425,1313
10428,5.362680645,2.133078674,1579,1369,7,117,1586,1486
10429,1.011301615,0.1548333214,1088,1059,4,43,1092,1102
10430,4.667926971,1.315643814,1074,1027,4,83,1078,1110
10431,3.811729614,2.811954515,696,643,3,50,699,693
10432,5.872113688,1.913606255,857,840,3,71,860,911
10433,2.2233512,1.964523808,1326,1202,4,89,1330,1291
10434,1.200084288,1.683988518,1499,1374,6,100,1505,1474
10435,3.638841658,2.942032709,1488,1380,4,138,1492,1518
10436,5.367301271,3.241560596,602,512,1,59,603,571
10437,5.37875556,2.742233451,1547,1474,6,162,1553,1636
10438,1.190683659,0.9907734952,1115,1003,4,54,1119,1057
10439,1.575509573,1.806389478,775,721,3,48,778,769
10440,5.630245481,1.793237721,1381,1246,8,115,1389,1361
10441,2.010819087,0.5881650462,1238,1221,2,64,1240,1285
10442,2.706293775,0.6565051906,1060,1039,2,56,1062,1095
10443,2.269127793,2.139077984,1134,1100,6,66,1140,1166
10444,5.015524327,2.560481316,917,801,1,78,918,879
10445,3.029254666,2.399380393,1618,1470,5,116,1623,1586
10446,5.695970826,3.041705434,664,664,5,54,669,718
10447,2.97355491,3.461035895,875,853,6,74,881,927
10448,2.750015342,2.348880793,1161,1086,3,92,1164,1178
10449,5.14077418,2.168808895,921,805,3,58,924,863
10450,2.746087411,3.724718131,1458,1330,9,116,1467,1446
10451,5.521767892,1.905225886,1296,1172,5,93,1301,1265
10452,4.31504201,2.490677077,1534,1404,4,112,1538,1516
10453,1.686850794,3.558578285,1092,1000,3,57,1095,1057
10454,1.767124933,0.5831206876,1334,1376,11,58,1345,1434
10455,5.66316323,0.5336426349,783,731,5,40,788,771
10456,3.449569528,3.033081562,1410,1222,10,107,1420,1329
10457,1.402032243,0.6724579461,617,591,2,22,619,613
10458,2.742616218,0.04605817274,627,579,5,29,632,608
10459,4.642096635,1.685607313,1211,1148,12,63,1223,1211
10460,3.916221079,1.888437407,814,771,4,58,818,829
10461,4.347477019,2.772430273,1140,1021,4,97,1144,1118
10462,1.940132953,1.115311208,696,651,3,40,699,691
10463,3.129160647,2.298228829,1268,1198,4,95,1272,1293
10464,5.093465773,1.459100407,1352,1217,6,74,1358,1291
10465,4.623266408,2.823884418,1345,1286,7,124,1352,1410
10466,4.978941979,1.869129353,972,906,4,66,976,972
10467,1.983575478,3.56806443,1181,1113,4,97,1185,1210
10468,5.311376643,2.472895248,1341,1214,1,119,1342,1333
10469,1.617584333,1.410031088,754,778,3,38,757,816
10470,4.816273052,2.934027214,765,708,1,74,766,782
10471,1.375107774,3.258759613,1071,1035,4,76,1075,1111
10472,2.950919813,2.884717086,1431,1300,2,106,1433,1406
10473,1.989760147,0.0829618738,872,858,8,38,880,896
10474,5.708244174,0.05380664489,798,759,5,37,803,796
10475,2.482290319,0.3958726759,682,623,2,34,684,657
10476,2.455018332,2.312276055,1442,1334,6,104,1448,1438
10477,5.205941152,1.167843746,1293,1203,2,99,1295,1302
10478,4.883082775,3.861804099,1263,1182,3,135,1266,1317
10479,1.511132221,2.97978534,980,917,2,70,982,987
10480,1.148760425,2.267338499,1559,1426,6,93,1565,1519
10481,5.619287955,0.7346853129,1085,979,6,64,1091,1043
10482,4.04924113,3.45789119,981,893,6,84,987,977
10483,3.250266608,0.7917137625,1212,1148,11,56,1223,1204
10484,1.320631183,2.843047839,634,582,6,36,640,618
10485,5.708393519,1.403122107,1222,1105,6,79,1228,1184
10486,5.630978221,0.5452518637,898,827,4,41,902,868
10487,2.082700884,0.9543723529,1534,1491,9,83,1543,1574
10488,3.560369728,0.2828677333,915,880,5,44,920,924
10489,1.376002438,2.118073068,976,929,6,59,982,988
10490,5.838438305,3.125020292,872,791,3,91,875,882
10491,3.338969746,1.172211207,683,618,2,38,685,656
10492,1.647506766,0.4656753672,1274,1237,12,66,1286,1303
10493,1.260383086,1.825995419,1288,1216,5,70,1293,1286
10494,1.465244498,3.362718188,1091,988,3,72,1094,1060
10495,3.072520507,2.22377363,1453,1426,2,101,1455,1527
10496,3.097961345,1.059200221,1167,1120,4,69,1171,1189
10497,1.168950891,3.530949386,934,841,2,74,936,915
10498,5.400403538,3.268451112,901,817,2,86,903,903
10499,5.866440329,0.08568055472,596,556,2,28,598,584
10500,3.983959309,2.278900981,692,640,1,44,693,684
10501,4.034183069,0.5871157058,1389,1344,8,87,1397,1431
10502,4.01699575,1.926688588,593,534,0,45,593,579
10503,5.035896192,0.7795957219,898,817,2,53,900,870
10504,5.791223936,0.5541789927,997,928,2,44,999,972
10505,4.63999547,3.573547819,919,914,1,99,920,1013
10506,5.463524022,0.5218269846,1587,1480,7,98,1594,1578
10507,2.935792909,3.028225761,676,604,3,55,679,659
10508,1.893971664,1.928413343,840,752,3,57,843,809
10509,3.139181422,0.08921984843,581,567,3,30,584,597
10510,1.764791643,1.879894815,1353,1147,5,81,1358,1228
10511,5.80752741,0.8639498802,1279,1201,3,100,1282,1301
10512,5.596916307,1.942813159,920,803,1,71,921,874
10513,5.586056181,1.954599689,677,691,1,61,678,752
10514,1.77527588,1.395776745,813,752,2,39,815,791
10515,1.394578061,2.739976057,1051,1066,4,50,1055,1116
10516,4.642497969,3.739234677,1019,948,2,83,1021,1031
10517,3.271377046,0.2136963629,1486,1422,7,65,1493,1487
10518,2.896512142,1.92986033,588,556,2,46,590,602
10519,1.38398725,0.4527765411,866,791,8,35,874,826
10520,2.778356498,3.843676528,1466,1336,3,116,1469,1452
10521,1.877898564,2.49414619,1269,1169,9,102,1278,1271
10522,2.156648895,3.706838824,811,673,1,82,812,755
10523,4.633804993,2.090263481,1056,915,1,65,1057,980
10524,3.039140978,1.257620086,801,798,4,50,805,848
10525,1.182343012,3.591539519,1553,1511,8,114,1561,1625
10526,1.509361713,2.784795656,988,896,5,62,993,958
10527,5.983556026,1.977963535,1441,1282,4,105,1445,1387
10528,2.536122992,2.755644872,1111,965,4,73,1115,1038
10529,3.543154995,3.485130316,1316,1264,5,124,1321,1388
10530,1.55995407,3.418741159,580,530,3,38,583,568
10531,5.429988203,1.993524752,709,642,2,61,711,703
10532,3.268005316,0.2632376946,706,697,3,27,709,724
10533,3.700852601,2.886528587,1157,1087,3,94,1160,1181
10534,2.595972579,3.860968733,825,745,3,67,828,812
10535,3.752460294,3.809736962,1074,1007,1,118,1075,1125
10536,4.030876228,3.875876255,674,629,1,63,675,692
10537,2.949097331,1.049723702,958,927,3,55,961,982
10538,2.486222991,3.581306936,1592,1414,6,131,1598,1545
10539,2.926626111,3.236706872,805,727,2,64,807,791
10540,5.404347989,3.433001068,1575,1458,2,156,1577,1614
10541,1.250699483,0.1021881373,1506,1434,8,55,1514,1489
10542,3.830279878,0.7099959291,681,660,1,36,682,696
10543,5.803031002,1.967253686,872,824,2,75,874,899
10544,1.003240216,2.632241135,1131,1055,5,66,1136,1121
10545,5.105242737,3.998313692,611,515,3,54,614,569
10546,5.075849643,1.952220057,775,757,5,67,780,824
10547,5.177879792,3.052565332,992,896,5,85,997,981
10548,3.604063976,3.926900716,1456,1360,6,139,1462,1499
10549,5.105514436,0.6104451783,1599,1472,3,96,1602,1568
10550,4.520567435,2.957308366,882,788,3,85,885,873
10551,5.152682307,3.701574102,1428,1204,5,127,1433,1331
10552,2.369342566,3.294158825,933,823,2,65,935,888
10553,5.874713162,2.084503052,1287,1256,6,100,1293,1356
10554,3.941757456,0.2922209517,1520,1514,13,65,1533,1579
10555,5.343580159,1.442028507,864,820,4,66,868,886
10556,1.111071942,3.209994024,1281,1218,1,98,1282,1316
10557,2.972305924,1.681067718,767,783,6,52,773,835
10558,2.786114681,2.780614887,541,557,3,29,544,586
10559,5.632812934,2.161660634,1188,1159,3,82,1191,1241
10560,1.983838648,3.299174118,707,618,4,47,711,665
10561,2.732755651,3.715095214,670,630,0,66,670,696
10562,4.384949445,1.678173949,1181,1086,5,95,1186,1181
10563,5.566537756,3.608365189,1264,1125,3,122,1267,1247
10564,2.470876438,3.243343579,1056,986,1,80,1057,1066
10565,2.83304814,1.914764302,1262,1096,3,86,1265,1182
10566,4.607994482,2.56792507,1364,1239,4,107,1368,1346
10567,1.61543966,2.106636818,979,923,5,65,984,988
10568,2.552572724,1.469040825,871,865,5,53,876,918
10569,4.168959963,1.450286401,1225,1102,6,74,1231,1176
10570,2.196273326,3.593075858,582,570,2,54,584,624
10571,5.459391173,3.75080161,1126,1125,2,106,1128,1231
10572,5.184044142,2.589595524,981,892,3,80,984,972
10573,2.613254077,1.612208809,856,863,5,62,861,925
10574,5.698731784,1.008005419,923,848,3,55,926,903
10575,5.77177404,1.810787172,1144,1004,4,92,1148,1096
10576,5.968175778,2.839533971,1256,1131,6,116,1262,1247
10577,3.258478337,1.868581877,1571,1442,6,126,1577,1568
10578,1.759894579,3.166483402,956,904,5,68,961,972
10579,2.707936324,3.805599,1467,1334,4,131,1471,1465
10580,4.133370698,0.112274226,1446,1467,11,82,1457,1549
10581,4.818661156,2.767136778,1133,986,2,89,1135,1075
10582,1.363002712,0.4214939834,679,671,5,36,684,707
10583,5.824397615,0.6156358468,962,871,4,57,966,928
10584,3.026065495,1.756510407,604,549,2,44,606,593
10585,3.269708673,1.52831485,581,553,2,36,583,589
10586,3.555210653,3.026281454,692,633,1,58,693,691
10587,5.436080726,2.690783982,1454,1414,2,128,1456,1542
10588,2.317390908,2.109643234,1172,1126,5,97,1177,1223
10589,2.810289978,1.105730797,1051,931,7,46,1058,977
10590,5.741365437,0.9295966481,1059,1043,3,62,1062,1105
10591,4.278275425,2.699318675,622,548,2,47,624,595
10592,4.548448063,0.7737196999,698,634,2,35,700,669
10593,1.481290597,1.09923729,1287,1211,5,72,1292,1283
10594,2.440009514,2.956835238,582,534,0,51,582,585
10595,5.821761671,0.4107914381,1344,1280,7,79,1351,1359
10596,5.544709165,0.6907639008,1490,1380,4,102,1494,1482
10597,3.510383146,3.071728369,904,875,5,89,909,964
10598,4.27885146,0.7783189831,858,839,5,48,863,887
10599,2.318655172,3.776928133,980,927,2,66,982,993
10600,1.326366247,1.93172503,1126,1028,6,63,1132,1091
10601,1.38390973,3.116808356,803,718,2,58,805,776
10602,1.132663192,3.102482011,568,539,4,46,572,585
10603,1.018178711,0.1832507551,1264,1236,9,49,1273,1285
10604,2.052320128,3.304645403,872,824,3,70,875,894
10605,3.314696966,2.760652986,691,638,6,44,697,682
10606,5.53456566,3.290806586,1402,1303,5,130,1407,1433
10607,4.603294515,3.006858051,1635,1474,5,138,1640,1612
10608,4.409266917,2.608573379,817,691,1,68,818,759
10609,1.877581839,2.624636789,1606,1535,6,103,1612,1638
10610,5.059991321,0.6226627696,1613,1530,8,82,1621,1612
10611,4.463972766,2.822322133,1129,1007,4,91,1133,1098
10612,1.563550206,0.656841198,700,666,1,29,701,695
10613,1.034858924,3.695788671,939,940,4,60,943,1000
10614,4.723041219,0.6985583019,1472,1394,6,97,1478,1491
10615,3.467634379,2.831517082,1394,1244,2,119,1396,1363
10616,2.256488956,3.273896113,1139,1115,3,81,1142,1196
10617,4.528683949,1.164890075,1264,1159,1,92,1265,1251
10618,4.492254975,3.802840811,1301,1212,2,133,1303,1345
10619,5.634258192,2.803527285,1377,1268,2,138,1379,1406
10620,3.8999574,3.488837231,1060,968,2,111,1062,1079
10621,2.605380378,2.014626373,1001,955,1,65,1002,1020
10622,4.249425296,1.523650189,575,580,2,33,577,613
10623,2.92690233,0.2162727688,660,646,4,39,664,685
10624,5.642376126,2.533036266,1175,1139,4,112,1179,1251
10625,3.401076082,3.987659555,661,554,1,58,662,612
10626,3.105984804,0.714897459,941,948,3,68,944,1016
10627,5.924471705,2.522655217,1524,1391,4,132,1528,1523
10628,1.289551333,2.527648187,1594,1476,5,107,1599,1583
10629,4.165234225,0.6064532696,694,661,2,39,696,700
10630,2.340190636,2.972892042,882,849,3,61,885,910
10631,4.296319054,2.375357962,1128,981,4,84,1132,1065
10632,3.156730536,3.006867363,1209,1088,6,78,1215,1166
10633,3.854998715,1.964284048,791,720,4,59,795,779
10634,1.807667662,3.631245236,1162,1076,3,99,1165,1175
10635,2.780962862,3.436901371,849,786,2,70,851,856
10636,5.696592279,0.06561018082,965,990,6,33,971,1023
10637,2.971645739,0.4163658792,851,863,6,40,857,903
10638,4.159922403,1.75301464,991,912,4,62,995,974
10639,4.167080153,3.942513189,1177,1104,8,123,1185,1227
10640,1.270309002,2.908415658,1211,1183,6,84,1217,1267
10641,3.239368241,3.35160034,1617,1448,1,145,1618,1593
10642,2.037145914,3.01289778,1497,1330,5,126,1502,1456
10643,4.835792113,1.686000159,974,909,8,77,982,986
10644,4.942298085,3.689821646,1505,1344,4,130,1509,1474
10645,2.532830956,0.3065469887,1597,1496,2,65,1599,1561
10646,1.294209708,1.007282686,958,982,6,44,964,1026
10647,2.3873504,1.67435384,1107,1008,7,65,1114,1073
10648,4.634840774,3.680425289,781,761,0,86,781,847
10649,2.87767966,0.2806082082,1347,1415,7,59,1354,1474
10650,4.049382478,0.7665970727,1356,1371,9,66,1365,1437
10651,2.659822039,3.957133826,1031,944,1,82,1032,1026
10652,1.393880479,0.9970021665,986,938,6,57,992,995
10653,2.501381038,3.423005727,1174,1086,6,83,1180,1169
10654,1.471405571,3.183942934,568,538,1,45,569,583
10655,1.037129948,3.475715378,1025,923,6,63,1031,986
10656,4.745086229,3.689010532,1487,1318,2,119,1489,1437
10657,2.707088392,0.6454795658,1610,1453,5,94,1615,1547
10658,3.917401889,3.053756841,643,566,1,49,644,615
10659,5.82246149,0.04389476412,767,749,1,27,768,776
10660,4.610971033,1.166383569,1371,1265,4,78,1375,1343
10661,5.350322362,1.571063705,784,726,1,49,785,775
10662,4.854945899,1.891546043,1591,1446,3,129,1594,1575
10663,4.365067779,3.974542346,1005,885,3,93,1008,978
10664,5.143731419,2.227210775,1421,1361,4,135,1425,1496
10665,1.390182408,0.2249747175,590,545,2,24,592,569
10666,5.639076488,1.801386078,1098,983,6,90,1104,1073
10667,2.651798457,3.504033684,781,732,2,48,783,780
10668,2.574077838,3.022648747,597,520,4,40,601,560
10669,5.712375549,1.232950013,555,547,3,43,558,590
10670,3.92349579,3.585671824,1521,1486,9,146,1530,1632
10671,4.663217778,3.393780221,1552,1479,2,155,1554,1634
10672,5.49473766,1.33718443,883,833,4,58,887,891
10673,5.797356709,1.419349751,761,707,3,56,764,763
10674,3.091126999,2.438378784,717,645,6,58,723,703
10675,1.626635941,2.714952615,717,637,1,41,718,678
10676,5.592752273,3.363933467,882,827,1,81,883,908
10677,5.722032889,0.1557553937,763,743,2,28,765,771
10678,3.04663467,3.067479108,1282,1189,3,122,1285,1311
10679,1.829952806,1.085413308,1453,1347,6,80,1459,1427
10680,2.025229568,1.326824593,994,991,3,65,997,1056
10681,4.797959959,3.702820263,1088,1016,3,81,1091,1097
10682,1.598564125,0.02287541814,571,606,5,17,576,623
10683,5.916634422,2.226238795,1060,878,3,87,1063,965
10684,1.744641999,0.3542111157,1249,1176,8,56,1257,1232
10685,4.736041347,1.224913826,1389,1265,4,75,1393,1340
10686,1.959210563,3.295752044,1125,1006,2,83,1127,1089
10687,5.776342967,2.860145673,1284,1168,8,109,1292,1277
10688,5.970531642,3.824854858,1111,997,2,116,1113,1113
10689,3.285779191,2.056100076,685,636,2,45,687,681
10690,2.198131399,1.095787135,984,936,3,54,987,990
10691,1.209996118,3.434824232,620,579,2,45,622,624
10692,1.123984022,0.8981822031,1556,1440,10,79,1566,1519
10693,4.71376178,3.619598206,1517,1342,6,146,1523,1488
10694,3.377839827,1.049418702,1410,1438,7,95,1417,1533
10695,1.176520702,2.147066757,780,759,2,45,782,804
10696,4.596995183,2.338225375,808,713,1,64,809,777
10697,2.433749527,2.194612178,1428,1384,5,111,1433,1495
10698,5.795442591,0.09587721628,1117,1051,7,55,1124,1106
10699,2.058705031,3.70824513,680,639,1,57,681,696
10700,2.973699431,0.1992499153,1086,1036,2,56,1088,1092
10701,2.225056934,3.22179535,604,516,4,33,608,549
10702,2.602852296,3.644311878,684,649,1,51,685,700
10703,2.81908665,3.610688345,1093,962,3,92,1096,1054
10704,1.73598702,3.913912854,972,900,7,90,979,990
10705,3.840394172,3.323729764,1197,1124,2,101,1199,1225
10706,5.742496092,0.4785436484,1607,1454,8,105,1615,1559
10707,1.081971954,2.967085681,1272,1223,6,90,1278,1313
10708,5.281302476,2.560530833,1408,1211,3,107,1411,1318
10709,5.808643611,2.888192919,1145,1013,1,110,1146,1123
10710,5.175791345,2.034217747,703,628,3,52,706,680
10711,5.834672561,2.891046576,874,825,4,87,878,912
10712,4.723866438,3.184049188,1384,1213,4,118,1388,1331
10713,3.471455811,1.125267332,1028,888,4,58,1032,946
10714,1.10070241,0.4250554395,983,900,5,50,988,950
10715,4.900400785,3.267498065,1481,1275,3,171,1484,1446
10716,1.16294732,2.291058831,1261,1177,6,95,1267,1272
10717,5.7378557,2.37213026,1499,1339,5,136,1504,1475
10718,3.171618469,1.657842885,658,627,1,46,659,673
10719,3.928027653,2.943345888,1101,1009,4,90,1105,1099
10720,4.631270566,0.7330668612,1023,903,6,53,1029,956
10721,5.763142434,1.106249919,1020,926,5,69,1025,995
10722,2.910925215,3.957775231,596,582,3,55,599,637
10723,3.524699081,1.772698973,1386,1305,8,92,1394,1397
10724,3.85868316,2.598718324,1163,1109,6,98,1169,1207
10725,3.910600067,2.016861336,971,880,2,73,973,953
10726,4.312190844,0.8422378937,681,649,4,38,685,687
10727,5.737480675,1.659665986,1026,896,3,63,1029,959
10728,2.91898594,2.146849051,939,812,3,61,942,873
10729,3.255745765,1.05629041,698,683,1,43,699,726
10730,2.38138126,3.117078538,1600,1466,7,119,1607,1585
10731,3.13633422,0.5057079299,775,744,2,56,777,800
10732,1.796812614,1.462763679,722,618,3,37,725,655
10733,3.314122283,0.7717795106,1178,1097,4,65,1182,1162
10734,1.9067943,2.714108335,1010,900,4,68,1014,968
10735,2.457527974,2.779208017,1141,1027,3,86,1144,1113
10736,5.992702084,2.545691918,947,951,2,97,949,1048
10737,2.694894995,3.171330589,1087,962,4,92,1091,1054
10738,4.664150032,3.576389138,691,607,3,69,694,676
10739,5.390204105,2.007494746,1286,1195,3,101,1289,1296
10740,5.347196854,2.193527886,1006,947,4,60,1010,1007
10741,1.860228196,2.94955392,741,713,3,52,744,765
10742,3.521024973,3.626412306,808,721,4,79,812,800
10743,3.226480337,3.176122039,1203,1088,5,94,1208,1182
10744,1.589074625,1.688289797,1345,1226,5,75,1350,1301
10745,5.206120974,2.250212349,902,850,1,69,903,919
10746,2.873324856,0.1483564215,1007,964,6,50,1013,1014
10747,5.074617127,3.588005327,1286,1153,3,146,1289,1299
10748,5.920560599,2.91559417,1102,989,2,94,1104,1083
10749,3.277009557,3.34463528,1260,1166,2,107,1262,1273
10750,5.702784423,3.915430057,1174,1036,5,142,1179,1178
10751,4.367803735,0.4022715377,1150,1058,3,58,1153,1116
10752,5.02378512,2.631029537,1191,1074,3,94,1194,1168
10753,5.111949367,0.9914896438,1001,920,3,58,1004,978
10754,3.991619253,3.126999073,1422,1310,4,121,1426,1431
10755,5.231398863,2.193902979,1311,1225,4,110,1315,1335
10756,5.602685334,3.720971692,1541,1402,4,168,1545,1570
10757,4.828677765,3.786397469,1486,1331,3,136,1489,1467
10758,4.194919903,0.7166586093,1166,1159,9,74,1175,1233
10759,2.308205247,0.5063193787,848,854,3,41,851,895
10760,1.484090262,2.968897659,1344,1273,7,80,1351,1353
10761,3.102118013,0.9453778036,661,691,5,40,666,731
10762,1.353391922,1.523187692,1246,1228,3,75,1249,1303
10763,1.826572625,2.796344789,1433,1267,3,107,1436,1374
10764,3.883148529,1.27852476,1414,1287,8,102,1422,1389
10765,2.419407169,1.13178925,564,552,4,34,568,586
10766,2.089502039,2.328070196,987,917,4,70,991,987
10767,3.341505301,0.4326190364,968,929,6,48,974,977
10768,3.972925756,0.9091080142,1097,992,2,59,1099,1051
10769,2.561469834,1.349702628,1254,1249,9,77,1263,1326
10770,5.039505709,0.6696567827,1330,1305,5,85,1335,1390
10771,3.586705513,1.03032821,1294,1260,4,83,1298,1343
10772,4.765299625,2.647147023,758,704,1,48,759,752
10773,2.709911375,3.052058129,956,927,3,63,959,990
10774,5.701477368,2.626119849,596,581,0,66,596,647
10775,2.820461048,0.6709233713,1078,1081,3,61,1081,1142
10776,1.40560078,3.855293634,898,805,1,79,899,884
10777,1.367657087,3.240506426,1338,1225,2,92,1340,1317
10778,2.930487179,1.325018012,1344,1282,5,81,1349,1363
10779,1.918042062,1.848432198,883,822,1,56,884,878
10780,4.656263874,1.017948668,531,552,1,42,532,594
10781,2.051587397,2.541652102,764,724,1,57,765,781
10782,1.817206671,3.757626893,1249,1172,5,108,1254,1280
10783,2.605395302,0.850892765,781,747,5,40,786,787
10784,5.730743827,1.915538868,881,776,0,68,881,844
10785,4.256256381,0.6084333374,1378,1372,10,77,1388,1449
10786,4.205453873,1.707936607,1107,1061,4,84,1111,1145
10787,2.1640832,2.633860507,1039,1014,0,86,1039,1100
10788,4.618098094,0.4259011862,1134,1018,4,53,1138,1071
10789,1.331808805,2.333666925,1502,1376,10,94,1512,1470
10790,3.115734396,2.635969413,1488,1340,7,108,1495,1448
10791,2.16958908,1.55702458,1096,983,2,67,1098,1050
10792,5.835832307,1.144894005,1092,1036,5,89,1097,1125
10793,2.293471986,2.443091027,891,842,4,60,895,902
10794,3.214118664,2.729533231,695,614,4,45,699,659
10795,5.271565132,2.359065677,1081,1059,4,99,1085,1158
10796,4.756323954,0.06209211415,1427,1476,5,63,1432,1539
10797,2.900070325,1.613018691,869,836,4,46,873,882
10798,2.03874028,0.1862601044,1114,993,8,54,1122,1047
10799,3.465540356,3.000403013,560,589,0,53,560,642
10800,2.811044906,1.994840807,1295,1291,5,102,1300,1393
10801,5.938150289,3.770695294,1209,1076,5,118,1214,1194
10802,4.526600872,1.855335919,1125,1013,7,74,1132,1087
10803,5.525494575,0.05853838607,688,623,3,34,691,657
10804,1.571560713,1.641536453,1345,1299,4,93,1349,1392
10805,5.502775605,3.317147454,983,830,3,97,986,927
10806,2.697200382,0.6757700843,1055,1014,5,72,1060,1086
10807,2.341294966,0.2101443973,612,560,6,27,618,587
10808,2.136601369,1.96376632,1097,1069,3,86,1100,1155
10809,4.233971225,1.960505542,1014,883,2,69,1016,952
10810,3.650408581,2.35505745,622,658,2,47,624,705
10811,2.649379003,1.639033259,906,853,2,57,908,910
10812,4.0118858,2.267512401,1082,997,1,87,1083,1084
10813,2.799060967,1.674718126,784,723,1,49,785,772
10814,3.482354562,1.066159311,772,781,1,46,773,827
10815,2.602407751,3.075710486,1113,1044,0,74,1113,1118
10816,3.091918674,3.077638186,993,893,4,91,997,984
10817,1.054740426,0.3546656349,934,862,5,33,939,895
10818,1.341843761,3.159236878,1032,1014,5,79,1037,1093
10819,1.204198798,0.710566634,1186,1196,11,57,1197,1253
10820,2.651664531,2.960592929,771,707,3,53,774,760
10821,4.621891907,1.874794836,846,708,1,62,847,770
10822,1.487652343,2.099320493,884,815,6,42,890,857
10823,2.683698946,1.609471931,554,558,0,45,554,603
10824,2.267962416,0.7424182657,598,580,5,41,603,621
10825,2.233730841,2.430455208,1514,1365,2,119,1516,1484
10826,5.389016948,3.190087649,1273,1189,2,108,1275,1297
10827,1.146659846,0.9759488461,959,911,2,47,961,958
10828,1.054873787,1.161054286,1010,917,4,53,1014,970
10829,3.085169101,1.675558054,584,591,4,46,588,637
10830,1.473074645,3.653121041,1580,1418,5,130,1585,1548
10831,3.974935766,2.426651137,610,522,2,45,612,567
10832,5.24531725,2.463987088,1227,1063,3,99,1230,1162
10833,2.494022355,3.588827943,1395,1287,9,116,1404,1403
10834,2.099915249,1.756283112,885,873,2,57,887,930
10835,3.833999273,2.151657399,1400,1247,5,100,1405,1347
10836,2.584664732,0.08766714545,561,576,2,28,563,604
10837,4.482197266,3.793390183,1272,1250,1,119,1273,1369
10838,3.982528691,3.558432182,793,716,6,68,799,784
10839,3.117858356,0.7022299031,784,750,2,39,786,789
10840,4.650460493,3.063119003,1570,1419,6,127,1576,1546
10841,5.422618758,1.668755005,911,837,2,56,913,893
10842,2.514667024,3.202398051,874,829,2,80,876,909
10843,2.955911784,1.988166304,644,680,1,46,645,726
10844,4.940894992,0.2550418352,762,750,4,45,766,795
10845,4.990491188,1.047933087,754,719,1,59,755,778
10846,1.309622024,2.286011344,1001,961,9,72,1010,1033
10847,3.745774016,0.09262209674,1377,1340,8,62,1385,1402
10848,5.892706891,2.150325468,551,596,1,31,552,627
10849,4.976336857,0.5530013836,616,575,2,47,618,622
10850,2.217426941,0.9144259259,773,833,5,44,778,877
10851,2.608512665,0.1988224608,795,737,8,37,803,774
10852,5.882740118,1.079066341,1213,1210,7,90,1220,1300
10853,1.208257635,3.459579241,1416,1336,6,98,1422,1434
10854,4.012400755,0.8647657479,789,729,2,46,791,775
10855,3.989132372,2.054603353,1602,1420,6,107,1608,1527
10856,5.859777457,2.728284692,1162,1094,4,107,1166,1201
10857,4.369836509,2.986185882,585,531,2,49,587,580
10858,1.211682474,0.2000206574,1553,1525,11,75,1564,1600
10859,1.546888343,1.767370402,1458,1409,8,108,1466,1517
10860,2.318415509,3.887961741,1366,1251,6,124,1372,1375
10861,4.831262821,0.4493887028,1555,1469,5,95,1560,1564
10862,3.153258998,0.9087496653,957,905,4,59,961,964
10863,1.152792509,3.752161303,1513,1421,8,132,1521,1553
10864,5.117289744,1.821928086,1666,1506,2,109,1668,1615
10865,2.536282605,3.531589414,630,522,0,65,630,587
10866,3.775452327,1.706796657,769,735,0,54,769,789
10867,4.580042328,2.035363459,849,831,5,51,854,882
10868,4.125341508,1.853640124,927,825,6,74,933,899
10869,2.589240606,0.2322274319,577,574,5,24,582,598
10870,3.652936694,3.656239886,1241,1156,6,99,1247,1255
10871,5.441128507,2.90540459,1234,1083,4,113,1238,1196
10872,3.619969312,1.456126714,680,605,3,48,683,653
10873,5.013419924,2.434797197,1350,1193,4,93,1354,1286
10874,5.239376918,0.9889254646,1508,1369,6,100,1514,1469
10875,4.01896005,1.058413715,1100,1110,4,78,1104,1188
10876,1.027759623,1.715430674,666,678,0,36,666,714
10877,3.386488293,1.965588454,759,663,2,64,761,727
10878,1.955395615,3.22158428,1595,1371,4,108,1599,1479
10879,1.142818558,3.317753926,1618,1495,5,117,1623,1612
10880,4.889633598,2.304494944,1318,1176,1,117,1319,1293
10881,1.823549441,2.716708643,1351,1270,4,96,1355,1366
10882,1.70803252,0.4235869354,1384,1312,7,79,1391,1391
10883,2.039955422,3.904290754,1623,1434,7,136,1630,1570
10884,1.549053759,0.2068044044,1169,1191,10,48,1179,1239
10885,2.207555872,3.296727507,1590,1472,7,122,1597,1594
10886,1.214968777,2.665523457,523,595,1,31,524,626
10887,4.139233797,1.067287058,942,970,2,58,944,1028
10888,4.343802436,0.4529457313,1337,1332,8,78,1345,1410
10889,2.88364448,0.1958844481,977,920,8,49,985,969
10890,4.44298929,0.755693662,1607,1510,3,83,1610,1593
10891,1.803500324,3.087369649,1082,961,3,85,1085,1046
10892,3.752815276,1.821067404,1598,1441,9,114,1607,1555
10893,2.626929969,1.653114901,795,748,3,51,798,799
10894,3.829585754,3.298043141,1347,1315,4,115,1351,1430
10895,3.450546081,0.1477967227,842,856,5,37,847,893
10896,5.347918686,2.775681255,550,537,3,43,553,580
10897,1.82203176,1.739241308,1216,1217,5,83,1221,1300
10898,4.422909924,2.121036563,858,856,3,83,861,939
10899,2.240509773,3.159934337,1424,1418,4,114,1428,1532
10900,1.830352688,3.462449654,592,541,1,40,593,581
10901,1.349711067,0.9228397419,1044,984,3,59,1047,1043
10902,1.247982578,1.610048924,1607,1507,9,90,1616,1597
10903,2.725854965,2.879725373,1316,1156,5,106,1321,1262
10904,3.426997873,0.5438513143,1371,1326,2,71,1373,1397
10905,5.166149502,0.1163136329,900,852,5,51,905,903
10906,5.642552638,2.184816521,1647,1377,6,112,1653,1489
10907,4.588486743,0.6364735252,583,553,3,29,586,582
10908,5.760548597,1.294077094,1382,1253,3,100,1385,1353
10909,2.907081757,2.532968491,1328,1175,4,110,1332,1285
10910,5.444843811,1.664806027,1432,1404,7,111,1439,1515
10911,3.631497235,3.221641396,1527,1438,5,159,1532,1597
10912,3.798011701,3.561926309,603,542,0,42,603,584
10913,2.14846579,2.730963656,954,958,3,59,957,1017
10914,1.971254766,3.685891217,1085,1022,4,89,1089,1111
10915,3.624456031,1.845785196,897,819,2,69,899,888
10916,2.269400976,1.350852102,1376,1334,5,91,1381,1425
10917,1.930948594,0.07776942958,1266,1239,6,51,1272,1290
10918,2.563591528,2.150656618,1389,1269,5,101,1394,1370
10919,2.515260106,0.726975756,1044,967,5,52,1049,1019
10920,1.158603561,1.981588144,1535,1452,3,100,1538,1552
10921,5.605942673,3.189394261,1587,1476,7,146,1594,1622
10922,4.036264279,1.375360626,980,943,2,72,982,1015
10923,3.845215976,0.8686915305,1277,1205,9,80,1286,1285
10924,1.100378556,2.526300211,863,805,3,54,866,859
10925,3.020282693,1.590315987,748,725,3,57,751,782
10926,4.074770779,3.202497494,911,898,6,82,917,980
10927,3.171343831,0.6512533464,989,936,4,43,993,979
10928,4.09151495,2.338710255,1015,888,5,73,1020,961
10929,4.021460811,2.44912448,1300,1193,4,108,1304,1301
10930,5.262812825,3.62108155,1462,1305,3,138,1465,1443
10931,2.047072447,3.896916351,1074,990,2,86,1076,1076
10932,4.997841084,0.9463027116,1172,1099,1,75,1173,1174
10933,4.766514778,3.620656231,1346,1323,2,126,1348,1449
10934,4.57113165,3.284792041,767,760,6,68,773,828
10935,5.242536683,2.251238686,619,545,3,51,622,596
10936,3.363534305,1.587591554,1497,1369,5,96,1502,1465
10937,2.925978584,0.7065817387,603,579,0,30,603,609
10938,3.14521081,2.31432605,923,918,2,67,925,985
10939,2.03801628,2.688985551,1569,1420,5,113,1574,1533
10940,5.81777971,0.01654064808,841,841,5,36,846,877
10941,1.954089122,3.126386572,900,801,4,59,904,860
10942,2.912290716,0.03963720052,1481,1443,10,57,1491,1500
10943,1.169819256,2.501547407,1454,1388,5,97,1459,1485
10944,3.564993782,3.573466702,981,906,1,94,982,1000
10945,2.783938721,1.262287188,782,751,3,43,785,794
10946,4.782514108,2.91960861,896,744,2,81,898,825
10947,1.232744629,1.615603295,947,927,2,56,949,983
10948,2.034092128,0.931969477,1034,900,3,31,1037,931
10949,2.943228957,1.277086029,1139,1078,5,75,1144,1153
10950,2.074458309,1.615484593,1425,1336,6,86,1431,1422
10951,2.489710572,2.27915412,783,775,5,52,788,827
10952,4.805310353,3.673910117,1419,1252,4,130,1423,1382
10953,1.383479441,1.346450562,1402,1269,7,79,1409,1348
10954,5.948479268,0.5291958504,1682,1469,6,94,1688,1563
10955,5.882007814,2.662213593,887,841,2,72,889,913
10956,1.615375605,3.427437617,548,549,1,51,549,600
10957,1.255031396,1.887711884,681,681,5,46,686,727
10958,5.111968702,3.930712901,1458,1319,4,132,1462,1451
10959,3.720764548,2.637112962,685,636,2,60,687,696
10960,3.658818156,3.352102081,1456,1366,4,133,1460,1499
10961,1.093104551,0.4532875522,1541,1473,13,79,1554,1552
10962,3.503075361,3.288462459,1013,932,3,75,1016,1007
10963,4.511047221,3.676304653,590,571,1,69,591,640
10964,2.051974545,1.810577185,1523,1287,7,112,1530,1399
10965,2.184396132,0.7605739592,1594,1464,10,86,1604,1550
10966,4.719639549,3.216745476,879,820,1,52,880,872
10967,2.502597359,2.684871277,697,665,0,38,697,703
10968,5.709476146,3.123239622,1637,1443,4,145,1641,1588
10969,1.38037841,0.02343587041,1158,1139,7,32,1165,1171
10970,1.783892541,0.4042816865,900,794,2,39,902,833
10971,2.7848621,0.6496848811,1068,1059,2,66,1070,1125
10972,4.964966901,2.665702146,1291,1082,3,102,1294,1184
10973,5.818368056,0.1016748864,593,561,2,25,595,586
10974,3.926414063,1.324741788,1305,1219,3,87,1308,1306
10975,5.981726102,1.773375945,1456,1406,2,98,1458,1504
10976,4.04592712,3.528336187,1412,1223,0,139,1412,1362
10977,3.941422724,2.010708646,1594,1429,6,107,1600,1536
10978,4.75338019,3.288269281,1470,1281,6,138,1476,1419
10979,5.267776433,1.318558786,1578,1519,2,102,1580,1621
10980,4.096446076,3.142298986,701,638,0,69,701,707
10981,4.402631727,2.182335389,1140,1084,3,97,1143,1181
10982,2.152398294,3.071504549,1423,1298,4,92,1427,1390
10983,1.430906315,3.900475394,825,747,5,53,830,800
10984,3.487746804,1.572505816,871,854,3,50,874,904
10985,2.014903997,0.7567680593,1177,1143,3,66,1180,1209
10986,5.047367209,3.420430447,1222,1034,0,120,1222,1154
10987,2.854606763,1.208144001,1123,1024,7,72,1130,1096
10988,2.172470335,1.686061957,1264,1205,4,86,1268,1291
10989,5.302799798,3.464128714,697,634,2,51,699,685
10990,2.968462541,1.715565334,1020,990,4,68,1024,1058
10991,3.921141036,0.7721778828,1535,1482,13,86,1548,1568
10992,5.817524373,1.438054379,1476,1333,5,111,1481,1444
10993,2.386701017,2.463965976,988,898,3,74,991,972
10994,1.009178852,3.505514829,1260,1120,11,66,1271,1186
10995,2.710896701,0.9390499933,1455,1400,4,99,1459,1499
10996,2.093814878,0.4912398562,1515,1435,12,65,1527,1500
10997,4.641843455,2.469288884,1112,947,4,77,1116,1024
10998,4.773205197,0.7510582911,667,656,2,51,669,707
10999,4.669243093,3.584321191,933,848,2,74,935,922
11000,5.067394431,1.627118972,1570,1497,5,118,1575,1615
11001,2.188735204,2.857090315,1467,1357,6,106,1473,1463
11002,3.917024061,3.845467643,1515,1314,4,152,1519,1466
11003,4.440431351,2.044591386,1108,984,4,97,1112,1081
11004,4.373118258,0.7091273678,1122,1026,6,70,1128,1096
11005,4.446477371,3.602109084,1369,1326,0,128,1369,1454
11006,1.170215191,1.650939307,1392,1327,5,76,1397,1403
11007,4.428004866,3.549025705,1122,994,4,85,1126,1079
11008,2.681260193,1.527804941,1423,1385,4,99,1427,1484
11009,5.432918608,1.823718055,1332,1286,4,96,1336,1382
11010,4.525403852,2.647693313,647,667,0,60,647,727
11011,4.794527244,0.1479157039,1490,1427,5,64,1495,1491
11012,1.341366198,0.03327439828,972,983,4,37,976,1020
11013,5.08315001,0.1031752639,967,913,7,39,974,952
11014,4.847537035,3.215719129,1125,1100,2,98,1127,1198
11015,1.737744877,0.5659005758,986,945,6,34,992,979
11016,1.574841139,3.665116382,1068,997,1,105,1069,1102
11017,1.758349268,0.9975232822,666,615,3,39,669,654
11018,1.60084521,0.8999810212,562,554,2,32,564,586
11019,3.472492744,2.352627071,600,521,1,46,601,567
11020,4.022635054,1.784831898,1472,1405,8,117,1480,1522
11021,5.970946748,1.164014129,787,728,3,44,790,772
11022,4.210515622,0.4900075955,635,595,3,29,638,624
11023,1.827500749,2.178323,603,526,2,44,605,570
11024,1.939855055,0.3117883636,1446,1416,8,74,1454,1490
11025,5.171172995,2.560484269,767,737,1,75,768,812
11026,3.568419672,0.5052535535,1480,1428,4,62,1484,1490
11027,1.036375473,1.402270738,592,549,2,39,594,588
11028,3.278709611,0.7561331718,1461,1376,10,89,1471,1465
11029,1.985556288,1.748069982,1470,1388,10,91,1480,1479
11030,1.662260586,2.894279737,712,646,4,54,716,700
11031,4.534198533,3.417710847,1530,1255,7,152,1537,1407
11032,3.71111607,1.160640061,1556,1450,9,109,1565,1559
11033,5.089742004,1.795355626,1268,1209,6,101,1274,1310
11034,4.629609339,2.048348625,793,701,3,58,796,759
11035,1.021755548,3.169688168,559,545,3,45,562,590
11036,1.727855038,1.719174438,579,539,6,24,585,563
11037,3.368417624,3.271468834,811,769,3,45,814,814
11038,2.501432174,0.8073876566,1010,946,4,68,1014,1014
11039,1.468551252,2.067668356,1476,1412,8,92,1484,1504
11040,2.025269563,1.013389482,1012,1055,6,53,1018,1108
11041,2.505749696,1.833663623,1262,1191,3,76,1265,1267
11042,1.683879606,3.446333092,1205,995,6,107,1211,1102
11043,2.665568761,2.557681181,1058,1083,3,75,1061,1158
11044,1.800140062,1.444539561,980,913,7,53,987,966
11045,5.181314636,0.5780059542,1018,955,6,68,1024,1023
11046,5.263560521,1.277109405,1501,1384,7,105,1508,1489
11047,4.033306023,1.015650787,1291,1223,7,95,1298,1318
11048,5.469340591,2.691278873,1512,1508,7,155,1519,1663
11049,3.815905357,2.127935887,1418,1288,1,106,1419,1394
11050,4.06754967,0.005786722451,988,893,2,41,990,934
11051,1.496761922,1.308793904,928,818,3,52,931,870
11052,2.924307197,1.973262426,1546,1448,5,118,1551,1566
11053,5.190614581,3.98174464,1502,1358,5,148,1507,1506
11054,4.074386906,1.493915007,1269,1147,2,85,1271,1232
11055,3.054943148,2.583554407,1458,1245,6,120,1464,1365
11056,2.328475683,3.943164208,1264,1182,3,111,1267,1293
11057,3.746276694,2.132607923,1262,1202,3,93,1265,1295
11058,4.749037824,1.45480389,935,860,2,61,937,921
11059,5.416646234,1.215361762,1462,1355,7,104,1469,1459
11060,5.343715092,3.198011905,907,816,1,81,908,897
11061,3.935524449,1.188642016,1006,890,4,65,1010,955
11062,5.255378564,2.937929107,594,517,4,42,598,559
11063,2.321878359,1.813793357,939,955,5,70,944,1025
11064,5.85142019,3.81011427,692,608,2,60,694,668
11065,4.795202521,1.291490057,1504,1406,6,102,1510,1508
11066,4.169420629,2.70887371,976,898,2,93,978,991
11067,3.310625948,3.221519248,832,718,4,64,836,782
11068,4.582443527,1.589038148,717,633,3,53,720,686
11069,5.422300086,3.139910666,1141,1070,4,109,1145,1179
11070,1.230111673,1.82212445,1087,1049,5,65,1092,1114
11071,4.423265556,1.954135573,1524,1357,3,91,1527,1448
11072,2.309564027,1.466304066,656,677,2,44,658,721
11073,3.917110747,0.3059684556,1525,1402,8,74,1533,1476
11074,4.387258314,0.6745774047,1050,885,5,47,1055,932
11075,2.44707772,2.693498675,786,731,5,63,791,794
11076,4.413953844,3.356733804,1292,1143,5,112,1297,1255
11077,2.928515923,2.523415715,1170,1109,3,91,1173,1200
11078,3.469792195,2.734153577,1393,1303,4,111,1397,1414
11079,5.150068553,3.4132801,718,623,1,51,719,674
11080,2.276142701,2.357945503,1272,1247,5,81,1277,1328
11081,4.392598085,0.1652138154,1581,1522,11,76,1592,1598
11082,5.770100426,2.777337649,580,529,3,47,583,576
11083,4.891005657,2.158205327,975,886,2,70,977,956
11084,4.49277558,0.09616983571,1351,1322,9,59,1360,1381
11085,3.770927892,2.057053223,623,596,4,48,627,644
11086,3.242855068,1.45915993,1580,1445,3,107,1583,1552
11087,1.678469577,3.709712348,1197,1107,5,87,1202,1194
11088,5.156703421,3.70354268,955,946,2,88,957,1034
11089,3.099324324,3.582757927,602,567,1,44,603,611
11090,4.012359124,3.527077135,1082,1017,0,99,1082,1116
11091,5.24603999,1.929228834,1245,1207,3,96,1248,1303
11092,5.920183529,3.68626661,1091,989,3,104,1094,1093
11093,1.309265052,2.970084312,1272,1198,2,97,1274,1295
11094,1.533319444,0.4227013166,1539,1345,11,60,1550,1405
11095,2.501365273,2.432278671,1291,1257,3,98,1294,1355
11096,4.222464431,0.3807561477,747,738,1,46,748,784
11097,4.486234717,3.766156411,1443,1251,8,123,1451,1374
11098,4.745545131,2.226073104,1410,1248,5,99,1415,1347
11099,4.760820527,1.312285717,918,831,5,58,923,889
11100,3.103084716,1.765445817,1236,1206,3,86,1239,1292
11101,2.434920335,0.09313467863,1383,1225,3,59,1386,1284
11102,1.331973508,1.916870524,1291,1270,5,93,1296,1363
11103,1.800869575,0.7323797729,686,685,5,36,691,721
11104,4.150473959,3.89346869,1047,1005,3,88,1050,1093
11105,3.124806264,1.634705047,1574,1504,8,103,1582,1607
11106,1.528464006,3.04565896,608,544,2,37,610,581
11107,3.337808952,1.034855823,1309,1175,8,74,1317,1249
11108,3.018342953,0.06649559127,1380,1372,7,52,1387,1424
11109,4.227115241,0.02309818073,1218,1222,10,59,1228,1281
11110,1.468900775,0.06910030177,538,606,7,27,545,633
11111,4.477724733,2.438601939,1079,1028,4,88,1083,1116
11112,3.982185672,1.908645354,699,622,0,50,699,672
11113,2.989113168,3.096954251,1241,1129,4,101,1245,1230
11114,5.410091611,2.333663028,1225,1077,2,106,1227,1183
11115,4.614652876,2.935935648,1450,1332,3,125,1453,1457
11116,2.221522821,0.7854184229,1551,1470,9,84,1560,1554
11117,3.604004721,1.320805228,764,735,1,47,765,782
11118,4.501020087,3.782849841,1138,1010,5,104,1143,1114
11119,5.997081538,1.287629628,1169,1138,3,75,1172,1213
11120,3.733703267,2.795526445,734,742,2,58,736,800
11121,5.658499422,1.763041744,1614,1481,0,121,1614,1602
11122,2.494873638,3.467674888,1088,1013,6,87,1094,1100
11123,1.053900945,3.761342548,1272,1197,9,95,1281,1292
11124,4.275358395,3.334463549,597,558,2,56,599,614
11125,1.140333244,0.7661689393,1463,1416,10,60,1473,1476
11126,1.491518427,1.884028953,553,557,5,38,558,595
11127,5.900564115,3.945870226,980,936,3,120,983,1056
11128,5.747372788,1.034966584,554,556,1,40,555,596
11129,2.633100362,2.317218401,1201,1133,3,74,1204,1207
11130,4.404281416,3.590536436,575,570,1,61,576,631
11131,4.779562112,0.2715035727,1179,1125,10,57,1189,1182
11132,5.251600156,1.753200777,971,940,2,82,973,1022
11133,5.702192833,1.84212414,1604,1420,8,134,1612,1554
11134,5.383967503,1.138921349,1519,1345,6,102,1525,1447
11135,3.727992358,2.196386706,854,812,1,66,855,878
11136,5.216687756,1.238395619,871,782,2,59,873,841
11137,2.540163002,2.932592569,1551,1393,4,129,1555,1522
11138,5.544726376,0.4134601049,768,734,4,52,772,786
11139,5.636102548,2.546015708,640,636,2,66,642,702
11140,3.163072303,1.162352258,637,561,0,44,637,605
11141,4.606321694,3.316895822,1439,1302,3,124,1442,1426
11142,4.979991933,0.6409066044,1561,1476,8,96,1569,1572
11143,1.884709905,2.535945147,671,659,2,40,673,699
11144,3.617587904,0.7540889789,1075,970,6,68,1081,1038
11145,4.674344293,1.08831871,1084,1065,2,68,1086,1133
11146,3.904390762,3.276361063,806,736,5,58,811,794
11147,1.86327556,1.835298586,842,823,5,64,847,887
11148,4.722430677,0.6393448096,1517,1520,10,96,1527,1616
11149,5.498040638,0.5767740565,1001,944,5,49,1006,993
11150,2.781054381,2.291110377,1604,1440,5,112,1609,1552
11151,4.677407945,0.1409157181,866,865,1,41,867,906
11152,2.398653751,3.850316803,1216,1139,4,83,1220,1222
11153,4.981366732,3.357960699,715,596,2,49,717,645
11154,2.446840886,1.108716753,961,922,5,52,966,974
11155,4.02920043,0.5293701644,1457,1480,5,90,1462,1570
11156,5.267254666,1.652661696,650,628,1,59,651,687
11157,2.534613754,0.6352154865,1422,1301,8,75,1430,1376
11158,4.467540843,3.253271122,1175,1113,3,101,1178,1214
11159,3.899457068,1.485511907,676,699,4,44,680,743
11160,1.831341934,2.664292647,1384,1302,5,87,1389,1389
11161,4.350878645,3.450873595,1262,1130,3,92,1265,1222
11162,1.912778051,0.01577030201,586,591,4,24,590,615
11163,5.371957636,3.573044789,1530,1389,4,168,1534,1557
11164,4.006838219,3.934019813,975,864,0,86,975,950
11165,1.239826388,0.9479977962,580,617,4,28,584,645
11166,3.752015591,2.079274717,1612,1490,1,91,1613,1581
11167,2.741577187,1.065118418,1470,1358,7,87,1477,1445
11168,1.633639963,0.5189894933,1379,1340,14,66,1393,1406
11169,4.388444154,2.544703375,708,631,3,42,711,673
11170,4.521173341,1.374082698,884,781,3,56,887,837
11171,2.499129576,2.568832855,578,536,0,40,578,576
11172,3.888252304,1.404097212,598,560,2,43,600,603
11173,3.272568409,2.372475209,1486,1330,4,102,1490,1432
11174,1.190425477,1.911722074,1601,1478,13,82,1614,1560
11175,4.652793733,0.7974357689,1416,1395,4,95,1420,1490
11176,2.007214778,3.15668975,762,782,3,51,765,833
11177,1.591873833,2.670382395,1276,1188,4,72,1280,1260
11178,1.883633704,3.775037298,1291,1192,5,95,1296,1287
11179,4.395083135,0.06656897227,1152,1108,6,49,1158,1157
11180,3.812202667,0.8566212481,703,657,4,41,707,698
11181,2.731682892,0.8964454599,1308,1223,8,79,1316,1302
11182,2.02839184,3.275615924,1169,1075,2,84,1171,1159
11183,4.407719339,1.886401611,1219,1066,1,77,1220,1143
11184,3.018657899,0.4851976182,1016,905,6,58,1022,963
11185,3.717221405,2.074790754,1406,1259,3,102,1409,1361
11186,4.934668244,2.487571632,885,828,2,73,887,901
11187,2.210974104,2.582446508,884,858,2,64,886,922
11188,5.497243776,0.414700084,865,875,3,42,868,917
11189,5.806473776,0.3783957485,1548,1521,11,99,1559,1620
11190,2.286137464,1.328638223,1064,960,2,54,1066,1014
11191,1.263514946,3.813993096,1201,1100,7,86,1208,1186
11192,2.012222306,3.403757787,1002,918,4,83,1006,1001
11193,4.469265039,2.119540455,1199,1171,3,82,1202,1253
11194,2.27723024,2.60372953,1446,1415,4,119,1450,1534
11195,3.001696529,3.505529602,1274,1115,3,107,1277,1222
11196,3.987908911,0.4254086575,1458,1393,8,91,1466,1484
11197,3.241224663,2.314306181,979,926,3,77,982,1003
11198,4.87417559,0.1265498173,631,552,0,35,631,587
11199,4.58932033,3.810898277,976,861,5,82,981,943
11200,4.065964196,2.72728301,1240,1177,6,89,1246,1266
11201,3.359174323,0.173616903,1467,1462,10,71,1477,1533
11202,3.560443637,0.407355574,602,592,3,38,605,630
11203,5.868862471,3.929111085,813,738,2,71,815,809
11204,5.623390565,2.481779928,935,864,5,89,940,953
11205,5.658471341,2.244891523,695,666,2,54,697,720
11206,5.134877171,1.881369828,562,524,2,54,564,578
11207,1.220417052,1.55356858,1492,1410,10,82,1502,1492
11208,1.927520759,3.338551702,1185,1102,3,91,1188,1193
11209,4.136509473,1.205582994,1295,1154,8,80,1303,1234
11210,4.97286339,3.611348596,1124,1009,1,101,1125,1110
11211,5.173087708,2.443555282,1090,1017,2,100,1092,1117
11212,4.69376802,3.007290952,1201,1167,4,108,1205,1275
11213,4.905699318,3.920912415,1430,1370,5,122,1435,1492
11214,3.184636408,2.440702123,1402,1307,4,116,1406,1423
11215,3.856516873,3.7436492,958,925,2,83,960,1008
11216,5.420655705,1.579994756,1147,1105,7,94,1154,1199
11217,2.222131107,2.285259678,1511,1339,2,117,1513,1456
11218,5.234056327,2.199979066,724,609,2,45,726,654
11219,4.037762058,0.341858194,839,735,6,50,845,785
11220,2.133978637,2.225142553,683,630,1,41,684,671
11221,5.539232298,2.626832277,904,828,3,72,907,900
11222,2.749655163,0.25138146,1322,1229,5,72,1327,1301
11223,5.643036358,2.605993601,1212,1080,3,98,1215,1178
11224,3.561718598,0.9552439158,575,539,0,37,575,576
11225,2.863532872,3.578316465,810,725,1,64,811,789
11226,3.952344366,1.486652521,660,647,1,43,661,690
11227,4.329248161,0.2196067399,878,874,3,46,881,920
11228,3.519492794,3.051690962,699,589,2,46,701,635
11229,3.654906558,3.862171482,697,646,3,60,700,706
11230,2.941206935,3.111802526,1440,1372,4,138,1444,1510
11231,1.853743095,3.493166177,670,603,1,51,671,654
11232,5.73579872,1.956926975,723,614,1,45,724,659
11233,1.63062997,0.4262926316,799,748,5,36,804,784
11234,4.801936579,0.4199371605,782,712,5,41,787,753
11235,3.287169024,3.091002254,1300,1190,5,88,1305,1278
11236,2.030299577,2.538906054,1647,1462,7,108,1654,1570
11237,5.497323091,1.651101914,1114,972,3,83,1117,1055
11238,5.2286517,0.5049584666,978,940,3,39,981,979
11239,5.652616481,3.666214715,1004,882,2,76,1006,958
11240,1.507292465,1.55854428,900,855,4,55,904,910
11241,2.583577158,0.2423661071,815,772,3,42,818,814
11242,1.546928365,2.446489269,1570,1478,3,108,1573,1586
11243,4.244744892,3.102268219,1610,1397,3,147,1613,1544
11244,3.802916896,1.67237157,888,827,1,73,889,900
11245,3.773412829,3.301074749,1076,974,2,100,1078,1074
11246,4.68546823,0.9974005364,1478,1330,3,109,1481,1439
11247,5.867137011,0.4415117873,1108,1023,4,58,1112,1081
11248,3.552341411,2.985072578,943,960,3,83,946,1043
11249,2.811022948,2.932726228,1623,1439,7,122,1630,1561
11250,5.636539671,2.35265522,1183,1107,1,109,1184,1216
11251,5.136480428,1.958817607,816,717,1,59,817,776
11252,4.33281346,2.116555207,1535,1369,6,128,1541,1497
11253,2.252171309,3.655938327,1134,996,6,92,1140,1088
11254,1.371642642,3.953007851,1130,1129,7,85,1137,1214
11255,2.938815004,2.702208209,571,596,5,39,576,635
11256,1.103946344,0.3210317633,763,784,7,34,770,818
11257,3.220976689,1.703544793,897,865,1,61,898,926
11258,2.381924716,1.120241981,1365,1318,10,83,1375,1401
11259,3.994916809,0.6329902794,772,730,7,62,779,792
11260,1.753332818,1.732683051,870,782,2,58,872,840
11261,4.674764663,1.769381871,1025,937,3,71,1028,1008
11262,5.134478545,3.959736416,998,908,5,103,1003,1011
11263,4.383871554,1.415952323,1278,1193,3,84,1281,1277
11264,2.483152218,3.283389696,1092,1006,8,87,1100,1093
11265,1.186973896,0.01237680829,1278,1210,9,55,1287,1265
11266,5.887698915,0.2257516104,1252,1208,4,76,1256,1284
11267,2.16494644,1.220878914,593,549,3,24,596,573
11268,3.267989772,2.000346267,1252,1199,3,93,1255,1292
11269,1.985548876,0.4439558898,813,810,3,40,816,850
11270,3.745651824,1.750693749,1016,912,4,56,1020,968
11271,1.971198142,0.7787412568,883,893,1,48,884,941
11272,4.204923181,3.039373972,1073,970,2,93,1075,1063
11273,5.673710112,3.896242074,1403,1247,4,146,1407,1393
11274,5.320445149,1.19461873,592,560,2,44,594,604
11275,1.752827929,2.37056996,1063,1076,7,74,1070,1150
11276,4.79376967,3.738374365,780,747,3,63,783,810
11277,5.509963733,1.28658274,1474,1409,3,128,1477,1537
11278,2.492403983,0.9272053334,712,661,2,52,714,713
11279,5.132227208,0.9488925184,1478,1384,5,99,1483,1483
11280,2.138208924,1.772707164,1063,1027,2,76,1065,1103
11281,5.007152347,3.390739165,790,705,2,65,792,770
11282,3.518362894,2.760576527,809,714,2,63,811,777
11283,4.508870545,1.112968937,800,754,5,50,805,804
11284,1.175928789,0.6624692884,1000,977,4,50,1004,1027
11285,5.180417659,0.7837307195,1504,1389,7,94,1511,1483
11286,1.386262814,3.450864136,971,963,5,63,976,1026
11287,3.428323045,0.7703454374,1255,1214,2,81,1257,1295
11288,3.331590141,1.574803945,950,953,4,73,954,1026
11289,3.575229116,1.129910141,634,551,3,38,637,589
11290,5.492371977,2.568671398,1074,991,5,101,1079,1092
11291,5.188932379,0.03406393648,1064,1016,9,36,1073,1052
11292,4.198396768,3.282742468,1003,946,3,71,1006,1017
11293,2.588295704,3.562316475,1463,1324,9,105,1472,1429
11294,5.135512325,3.013913339,1498,1369,3,114,1501,1483
11295,5.777088524,1.909771167,1453,1369,2,122,1455,1491
11296,1.343339742,2.280088175,603,545,4,26,607,571
11297,3.458376939,1.549093736,1063,1014,3,67,1066,1081
11298,1.250044242,1.099652136,693,675,2,39,695,714
11299,4.6500743,0.9225477752,894,896,5,64,899,960
11300,4.085574802,0.1043252505,1304,1264,9,60,1313,1324
11301,2.752453113,1.702894286,1200,1121,4,76,1204,1197
11302,5.754252926,0.3716619865,795,735,4,45,799,780
11303,5.395610295,3.582674202,1119,955,4,101,1123,1056
11304,5.276462956,3.269022118,1238,1174,4,137,1242,1311
11305,2.065734372,2.100514215,1347,1276,4,98,1351,1374
11306,5.067679284,3.181695809,708,658,5,47,713,705
11307,2.835524385,2.048294447,1304,1209,3,90,1307,1299
11308,3.496734964,3.812940677,658,592,1,70,659,662
11309,5.92398082,0.5300456061,751,761,4,46,755,807
11310,5.403757701,3.000706043,1237,1220,5,129,1242,1349
11311,3.90032459,1.70981698,1610,1459,6,114,1616,1573
11312,3.661303944,1.702649369,709,644,1,44,710,688
11313,3.871568541,0.1309223377,786,741,0,32,786,773
11314,1.992765482,0.06736122314,1067,1049,6,39,1073,1088
11315,5.594395005,3.513404712,852,789,3,87,855,876
11316,5.311190645,0.2596421735,666,653,6,36,672,689
11317,2.771514977,2.751337714,1486,1352,3,98,1489,1450
11318,2.750161669,2.672250373,1473,1345,2,139,1475,1484
11319,4.299242931,2.870299919,863,771,2,69,865,840
11320,5.339487191,0.8320493705,1192,1130,4,70,1196,1200
11321,4.0745978,1.494814395,1579,1469,6,121,1585,1590
11322,2.488655306,1.999601771,573,562,2,28,575,590
11323,1.919998227,0.231243756,1523,1427,8,60,1531,1487
11324,1.728068499,3.698332054,874,816,3,71,877,887
11325,5.566285157,1.78424861,860,811,1,78,861,889
11326,4.653287179,3.065403432,595,544,0,38,595,582
11327,1.854069979,2.501052451,1394,1262,8,92,1402,1354
11328,5.146035523,0.8451574637,700,624,2,38,702,662
11329,3.012443328,0.5305171845,1563,1530,6,86,1569,1616
11330,3.770611479,1.422538653,1620,1515,5,116,1625,1631
11331,3.674406063,1.382338769,1451,1409,9,111,1460,1520
11332,3.597380287,1.772895468,1394,1241,4,98,1398,1339
11333,3.707618331,2.692525992,1557,1396,2,121,1559,1517
11334,1.090471838,1.116707189,1399,1349,8,59,1407,1408
11335,5.508388361,2.492503709,570,562,2,43,572,605
11336,3.899496796,1.634535793,946,920,5,65,951,985
11337,4.07024862,0.745351418,575,556,1,39,576,595
11338,5.222196445,3.194425178,1131,1009,3,100,1134,1109
11339,4.23448498,3.876425873,893,798,1,78,894,876
11340,3.851544735,1.771671035,621,601,4,54,625,655
11341,3.773769821,1.245256001,1253,1186,3,94,1256,1280
11342,5.574494849,0.9835324806,1379,1285,10,94,1389,1379
11343,3.199136625,1.272282176,1178,1109,6,66,1184,1175
11344,3.261629002,2.066090653,1527,1415,6,116,1533,1531
11345,2.787105165,3.585614327,1547,1449,5,133,1552,1582
11346,3.094783877,3.232936092,1056,989,1,80,1057,1069
11347,4.952927411,1.228260044,1162,1050,3,84,1165,1134
11348,2.079228186,0.692161176,821,716,8,42,829,758
11349,1.586837546,0.3840621331,737,758,5,40,742,798
11350,3.314357843,2.941777645,597,540,4,57,601,597
11351,2.018960665,1.075414565,1560,1432,5,81,1565,1513
11352,3.54001734,0.6274625306,690,695,1,39,691,734
11353,1.504649992,2.434401813,981,919,5,71,986,990
11354,4.610299124,2.15002542,841,837,2,95,843,932
11355,1.880618225,3.859965917,1479,1374,7,118,1486,1492
11356,3.976633217,0.6250255254,1108,1049,4,55,1112,1104
11357,1.409896715,0.9058256546,1061,1070,6,63,1067,1133
11358,4.297042928,2.126144112,716,650,1,53,717,703
11359,4.927965583,0.06146968762,861,863,6,35,867,898
11360,2.000371685,1.45321487,1234,1107,3,68,1237,1175
11361,1.515932555,2.662689043,1025,883,3,69,1028,952
11362,4.871801746,2.629068722,1508,1326,4,148,1512,1474
11363,3.01952554,1.09400956,1472,1461,3,96,1475,1557
11364,5.796204927,2.603723368,1198,1082,1,104,1199,1186
11365,1.528238633,3.374427464,1561,1498,5,115,1566,1613
11366,2.203931213,2.00914045,1418,1285,6,79,1424,1364
11367,4.808974935,3.105864404,1259,1180,5,126,1264,1306
11368,1.250213105,3.0783178,1356,1303,8,97,1364,1400
11369,1.306340593,2.880221897,1101,1036,2,68,1103,1104
11370,1.639434155,3.656743058,567,571,3,42,570,613
11371,3.73731861,3.440335509,715,641,0,64,715,705
11372,2.695398025,3.589266316,1220,1031,4,97,1224,1128
11373,5.19485553,0.5801888215,645,612,1,47,646,659
11374,5.976323802,2.490302615,1530,1334,2,107,1532,1441
11375,3.957729393,3.721945953,803,693,3,79,806,772
11376,3.645287859,2.968527593,1094,1014,2,82,1096,1096
11377,4.687945515,0.7314743354,1581,1465,4,115,1585,1580
11378,3.965350998,3.113119428,1397,1326,2,123,1399,1449
11379,1.596503302,1.452531618,1161,1140,4,55,1165,1195
11380,5.763775129,3.277546082,1275,1192,3,121,1278,1313
11381,4.454535094,1.408396456,1258,1181,4,85,1262,1266
11382,3.146997675,3.872086107,1295,1141,5,120,1300,1261
11383,4.879964111,2.457039925,1145,1092,5,100,1150,1192
11384,1.643243796,1.530610121,844,821,2,67,846,888
11385,4.988945979,0.3782833849,1479,1457,9,73,1488,1530
11386,2.264950484,2.233094535,909,847,3,68,912,915
11387,3.39220262,2.326335247,1396,1258,5,92,1401,1350
11388,5.720515933,0.6639272973,568,551,1,43,569,594
11389,3.879410773,0.8167146767,1325,1141,4,94,1329,1235
11390,2.926855163,3.555893657,1056,1001,4,77,1060,1078
11391,1.608619477,1.337871632,1555,1448,7,95,1562,1543
11392,5.619540714,1.753656446,842,847,7,67,849,914
11393,3.246466065,1.051129376,1041,1029,4,55,1045,1084
11394,4.664815518,2.765609354,781,736,3,75,784,811
11395,1.159109459,1.498804851,1579,1491,7,101,1586,1592
11396,4.936797062,0.7095793253,1409,1287,5,70,1414,1357
11397,1.148081031,1.520323623,887,867,5,42,892,909
11398,3.274727893,1.755852144,1473,1368,6,98,1479,1466
11399,4.375744112,2.736721965,1448,1347,3,126,1451,1473
11400,5.623388515,1.827178904,1245,1097,5,94,1250,1191
11401,2.313016276,0.8171853885,1328,1302,6,83,1334,1385
11402,3.806669988,1.865187932,672,635,2,55,674,690
11403,1.757149313,2.999432744,888,828,1,66,889,894
11404,5.830292254,0.5258962544,1329,1376,6,78,1335,1454
11405,5.19846137,0.8333810922,1585,1491,9,88,1594,1579
11406,1.622440704,3.362682212,1002,885,2,64,1004,949
11407,5.25249174,1.04621614,996,886,5,70,1001,956
11408,2.04287508,2.042695042,1310,1252,4,89,1314,1341
11409,3.354355991,3.459205875,778,744,3,63,781,807
11410,2.739674792,0.3219494113,825,796,4,43,829,839
11411,4.725728652,1.152081324,928,835,2,66,930,901
11412,2.429955461,3.94425999,1464,1328,4,116,1468,1444
11413,3.362267866,1.834677962,1027,1028,2,100,1029,1128
11414,4.941257659,1.378354572,1300,1204,3,85,1303,1289
11415,3.691647759,3.884831269,1132,1074,1,120,1133,1194
11416,3.693115397,2.111161713,1488,1332,8,103,1496,1435
11417,3.396072925,3.177679854,1614,1431,4,166,1618,1597
11418,2.995076962,3.199383974,1643,1461,2,106,1645,1567
11419,4.25910577,2.393045269,812,741,4,65,816,806
11420,3.266941463,3.60788012,609,513,0,56,609,569
11421,1.552581378,0.3754275611,664,678,3,31,667,709
11422,3.538161965,3.335083072,1435,1274,3,116,1438,1390
11423,4.136852281,1.349615413,729,622,4,45,733,667
11424,1.668715994,2.853816698,817,724,2,57,819,781
11425,2.66433311,0.8889605933,713,649,6,38,719,687
11426,3.586980544,3.803229187,1469,1360,4,150,1473,1510
11427,4.864407481,0.2447846345,954,904,3,54,957,958
11428,2.547298206,1.486768502,1548,1503,6,113,1554,1616
11429,4.047339455,0.1167776171,766,782,2,43,768,825
11430,5.619148664,2.872083188,1311,1144,6,109,1317,1253
11431,4.718325481,3.446771954,1402,1233,3,120,1405,1353
11432,1.413104841,3.18291842,587,507,2,40,589,547
11433,4.361476986,2.239451096,1211,1084,6,98,1217,1182
11434,2.644464957,3.902652066,1281,1163,5,101,1286,1264
11435,3.451479994,3.935215769,1202,1067,3,125,1205,1192
11436,4.898584944,0.8323050017,1402,1280,11,80,1413,1360
11437,5.093050639,3.701699729,818,756,3,86,821,842
11438,5.011491503,1.0858505,1558,1486,8,92,1566,1578
11439,4.740393054,1.743672336,888,829,2,70,890,899
11440,2.575898377,3.575870015,1090,1004,6,96,1096,1100
11441,2.903388157,1.88489545,1075,972,4,71,1079,1043
11442,1.455135519,2.004301703,999,910,8,45,1007,955
11443,3.550579122,3.806156126,972,900,2,93,974,993
11444,4.534476919,0.599320877,892,843,5,58,897,901
11445,5.937217063,2.223112977,1293,1227,1,106,1294,1333
11446,1.617120657,2.007485121,1312,1218,5,99,1317,1317
11447,5.172824313,1.72810554,1253,1089,5,106,1258,1195
11448,4.084577351,3.496615011,1180,1106,4,109,1184,1215
11449,5.652079441,2.982476173,1479,1391,4,142,1483,1533
11450,2.353967744,1.638046577,1161,1129,7,69,1168,1198
11451,1.690642244,1.771926006,837,721,3,53,840,774
11452,3.072086946,0.436253855,592,562,5,33,597,595
11453,3.220922983,2.546913844,1547,1494,5,130,1552,1624
11454,3.337212087,2.602151754,915,827,3,60,918,887
11455,5.794835484,0.5245766702,1554,1510,2,92,1556,1602
11456,2.252386032,3.048945001,1594,1455,6,124,1600,1579
11457,5.58568332,1.419838316,1339,1194,5,93,1344,1287
11458,5.646696539,3.221766758,593,517,2,63,595,580
11459,4.341318197,3.182450791,1500,1477,2,145,1502,1622
11460,1.901475635,0.4378519494,1468,1376,13,60,1481,1436
11461,4.006038422,3.596094462,659,652,3,54,662,706
11462,4.477818531,3.756531927,965,902,5,84,970,986
11463,2.865114919,3.019730732,1344,1273,4,110,1348,1383
11464,3.732907443,2.229145392,1034,953,0,85,1034,1038
11465,3.152434216,0.5674513495,983,947,4,40,987,987
11466,4.378518583,1.321392515,739,665,2,39,741,704
11467,2.227254587,0.3316986759,1640,1511,11,72,1651,1583
11468,4.946541317,0.4231894239,1393,1310,7,85,1400,1395
11469,3.896324759,1.799029156,698,647,2,44,700,691
11470,2.599457903,2.095901196,965,911,4,62,969,973
11471,1.403591886,3.477005334,1557,1468,7,110,1564,1578
11472,3.551115955,0.05441450371,764,751,2,33,766,784
11473,1.518152677,2.993854454,1468,1335,3,99,1471,1434
11474,5.119722402,0.6558030959,558,586,4,25,562,611
11475,5.629537095,3.733325469,966,919,2,95,968,1014
11476,5.184615652,0.5213526497,950,935,7,56,957,991
11477,2.618779567,3.001196296,700,672,1,41,701,713
11478,4.348442616,2.190499205,1482,1323,4,119,1486,1442
11479,3.477140097,3.186773939,1400,1220,5,117,1405,1337
11480,4.444674968,0.4234051543,1259,1197,4,58,1263,1255
11481,2.663467859,3.004431702,1457,1350,4,118,1461,1468
11482,5.832727568,2.625513551,574,539,0,56,574,595
11483,2.388061129,2.440380129,627,574,1,38,628,612
11484,1.815854141,2.716520357,1389,1253,8,84,1397,1337
11485,2.396894427,0.5769541021,1485,1395,9,60,1494,1455
11486,4.290196566,0.3604852046,1322,1181,10,60,1332,1241
11487,2.884912706,1.42695844,941,832,5,53,946,885
11488,4.4364909,2.898052064,964,919,3,90,967,1009
11489,1.18708123,2.755193995,1636,1491,7,104,1643,1595
11490,3.016094126,2.898350829,1224,1166,7,107,1231,1273
11491,5.168908208,1.571161582,1360,1280,6,80,1366,1360
11492,4.505652411,2.924032833,1572,1336,4,128,1576,1464
11493,2.370273052,3.263833699,621,532,2,52,623,584
11494,1.699634837,3.680397287,1328,1131,4,93,1332,1224
11495,4.008341782,0.9147575076,652,654,0,49,652,703
11496,2.735966377,2.050678919,784,733,3,61,787,794
11497,1.423761723,2.811998162,1171,1158,6,75,1177,1233
11498,3.616341297,0.4870608991,896,799,4,33,900,832
11499,4.297899932,2.102725799,1270,1155,5,106,1275,1261
11500,2.901809037,1.026266367,952,939,4,64,956,1003
11501,1.048162141,3.550098968,603,583,2,51,605,634
11502,4.29938741,2.419194479,1383,1237,4,108,1387,1345
11503,3.960906003,2.996112521,1388,1308,5,106,1393,1414
11504,5.928064768,0.7346154515,1105,1014,3,64,1108,1078
11505,3.584145219,2.67871059,806,732,3,75,809,807
11506,4.751719167,2.546035874,594,565,2,48,596,613
11507,2.064157015,1.079822441,1504,1350,10,86,1514,1436
11508,2.132739198,1.692185401,1568,1481,4,99,1572,1580
11509,1.731547312,0.07187428164,990,956,4,31,994,987
11510,5.986347669,2.601522098,895,811,6,70,901,881
11511,2.798198789,3.412201235,856,754,1,75,857,829
11512,3.872926882,3.915919597,597,553,0,56,597,609
11513,4.602101787,1.400579644,1132,981,2,66,1134,1047
11514,5.95447056,2.825288306,621,534,1,57,622,591
11515,2.003646476,1.649408468,1463,1426,4,92,1467,1518
11516,1.258151361,2.694003173,1499,1365,2,100,1501,1465
11517,5.773838584,2.500428439,1039,937,3,87,1042,1024
11518,4.51991728,1.461846849,1598,1481,7,110,1605,1591
11519,5.551818791,0.1207587147,807,766,6,27,813,793
11520,3.360993747,2.69354479,1281,1209,4,101,1285,1310
11521,4.971778688,0.8769601902,1500,1396,5,82,1505,1478
11522,5.867749645,0.7401808154,600,565,6,25,606,590
11523,2.799614345,0.6941358497,1411,1288,12,61,1423,1349
11524,4.74355315,2.171510433,879,857,1,81,880,938
11525,4.323338109,2.842207248,1245,1175,1,88,1246,1263
11526,1.319215451,2.825864021,801,751,1,59,802,810
11527,2.137802017,0.7347275699,1058,1010,3,68,1061,1078
11528,4.019068049,3.018079129,683,651,2,54,685,705
11529,4.869322474,3.056623098,1106,1050,6,108,1112,1158
11530,3.853022186,1.808664344,1629,1454,6,123,1635,1577
11531,4.892143621,0.681898008,811,757,3,52,814,809
11532,2.404706524,2.580489595,1503,1367,8,101,1511,1468
11533,2.269815555,0.1785185695,879,865,4,38,883,903
11534,1.901209862,0.002743069853,1562,1532,7,46,1569,1578
11535,2.145028652,2.724669066,560,553,0,32,560,585
11536,1.984106709,0.9399248801,1007,1031,6,49,1013,1080
11537,1.541766393,0.5611611491,1398,1320,9,74,1407,1394
11538,1.480858958,1.517884816,758,712,7,66,765,778
11539,5.42277835,0.9088052803,1163,1144,4,62,1167,1206
11540,2.741919777,3.349599704,703,597,1,47,704,644
11541,1.986609787,2.084838391,1130,1035,5,69,1135,1104
11542,5.932265549,3.122235598,987,851,1,94,988,945
11543,3.44499716,3.121979048,1197,1078,4,90,1201,1168
11544,5.928768966,2.285060429,1562,1464,4,127,1566,1591
11545,1.297345491,2.54473295,1583,1457,4,103,1587,1560
11546,3.092049679,2.241094665,1528,1521,8,124,1536,1645
11547,5.146430768,2.086605825,1384,1316,6,123,1390,1439
11548,3.489463113,0.9925114632,1349,1262,6,78,1355,1340
11549,4.00429189,1.644379968,1350,1256,7,102,1357,1358
11550,1.328259001,2.293974773,907,896,3,54,910,950
11551,1.776923235,3.120231801,1142,1092,2,74,1144,1166
11552,3.312833391,0.8185232741,889,792,2,59,891,851
11553,5.354982948,1.355898231,686,606,0,52,686,658
11554,5.206683261,0.6010282953,1089,998,2,59,1091,1057
11555,2.253262681,2.644058497,875,844,3,71,878,915
11556,1.110101021,2.213920224,1518,1399,7,93,1525,1492
11557,4.50330437,3.263321438,992,895,5,93,997,988
11558,2.703945839,3.700181612,1237,1083,3,104,1240,1187
11559,1.480701739,1.640717295,1027,906,4,44,1031,950
11560,4.575510777,1.929423638,1225,1191,4,91,1229,1282
11561,4.804700831,2.305612708,920,823,0,83,920,906
11562,3.842665123,3.818453699,1259,1194,2,114,1261,1308
11563,2.54511138,3.080997799,1541,1453,7,124,1548,1577
11564,5.632336118,0.4505467524,879,835,4,52,883,887
11565,2.551086202,2.299024315,590,532,2,36,592,568
11566,5.827197426,0.7647987444,1117,985,6,56,1123,1041
11567,1.3658344,1.070629801,996,978,1,56,997,1034
11568,5.584819099,2.880961663,876,798,3,75,879,873
11569,4.268340029,3.439954589,1102,965,6,106,1108,1071
11570,1.280142356,2.348060129,544,600,2,38,546,638
11571,4.565410831,1.46506664,681,621,4,31,685,652
11572,5.899362289,2.926132988,905,783,4,73,909,856
11573,3.891266019,3.155152032,1566,1407,10,129,1576,1536
11574,1.97703476,3.244099291,1373,1321,1,100,1374,1421
11575,5.855994166,0.9845918509,1482,1367,5,95,1487,1462
11576,5.559667386,1.858402659,836,768,3,62,839,830
11577,4.681009659,2.626247732,1511,1379,5,123,1516,1502
11578,5.266632427,2.297185472,1038,938,2,61,1040,999
11579,3.467762895,3.316084495,616,547,1,60,617,607
11580,2.426149067,2.929724068,832,843,2,83,834,926
11581,5.570910259,0.3272788162,765,719,5,40,770,759
11582,2.439252787,0.3292961045,591,536,3,21,594,557
11583,1.665424367,1.995028343,1238,1227,5,80,1243,1307
11584,5.835650419,3.538247766,698,634,3,58,701,692
11585,3.021672395,1.274860079,634,527,1,43,635,570
11586,1.001696989,1.741528606,1130,1005,3,42,1133,1047
11587,2.769635977,2.097752583,1366,1272,7,105,1373,1377
11588,4.105013416,3.158048457,567,553,0,53,567,606
11589,1.250948999,1.843068159,1159,1146,7,68,1166,1214
11590,1.066206857,3.656836854,1104,976,4,89,1108,1065
11591,3.236195296,2.956332328,706,614,4,47,710,661
11592,5.979057801,2.702656386,1284,1152,2,124,1286,1276
11593,1.152473756,1.966437601,1332,1226,7,78,1339,1304
11594,4.33443128,1.523596891,1285,1210,4,110,1289,1320
11595,4.714735061,2.975608346,1252,1125,3,113,1255,1238
11596,2.729816461,3.202518567,1428,1246,8,112,1436,1358
11597,3.679870206,0.4202780856,581,562,5,30,586,592
11598,2.211809797,1.165812874,1161,1111,4,85,1165,1196
11599,4.950803844,2.750659936,831,750,2,59,833,809
11600,5.557242259,3.294848551,1404,1264,7,150,1411,1414
11601,4.763389219,0.02308864206,560,562,5,33,565,595
11602,5.167113836,0.4897866918,827,719,7,41,834,760
11603,2.646692255,0.2775478768,1434,1425,8,66,1442,1491
11604,3.595873556,1.439444615,1384,1316,9,97,1393,1413
11605,3.316413658,3.454277653,1217,1049,4,107,1221,1156
11606,4.084318316,1.136117266,1621,1486,1,110,1622,1596
11607,4.845867762,1.480136203,592,526,3,44,595,570
11608,2.01244981,0.2437503435,1559,1478,6,89,1565,1567
11609,1.968630118,2.613721637,1534,1372,7,99,1541,1471
11610,4.86020113,1.157137371,1178,1135,5,83,1183,1218
11611,5.519383676,1.171230309,863,857,5,66,868,923
11612,2.493305165,0.4638598618,1451,1363,2,69,1453,1432
11613,1.955016305,2.185416765,1331,1188,7,93,1338,1281
11614,2.60523872,3.815729805,999,923,3,74,1002,997
11615,2.608640838,1.763364029,1147,1015,6,85,1153,1100
11616,2.411685596,1.379622701,798,754,0,33,798,787
11617,1.996271924,3.161016528,613,570,4,40,617,610
11618,5.127218847,0.3911360907,740,668,3,35,743,703
11619,2.833711779,3.497161959,1587,1460,7,142,1594,1602
11620,5.6786359,3.025593684,1582,1462,4,139,1586,1601
11621,4.017500352,3.613961059,1573,1444,2,140,1575,1584
11622,3.474065853,2.853982808,712,601,2,50,714,651
11623,5.176054135,3.295505158,592,550,1,58,593,608
11624,2.949189181,0.4452172661,787,746,5,40,792,786
11625,1.818963552,1.784305912,713,673,2,40,715,713
11626,2.55030274,2.021069629,1343,1168,5,78,1348,1246
11627,5.754277764,1.826621591,1168,1102,3,101,1171,1203
11628,2.951040742,3.661404763,903,823,2,66,905,889
11629,4.529252767,3.602622947,1399,1242,4,129,1403,1371
11630,2.810218641,3.645982921,980,927,3,77,983,1004
11631,3.295200205,2.102285596,1170,1065,1,88,1171,1153
11632,3.133736777,1.883259141,740,798,1,56,741,854
11633,4.973546655,1.684107038,661,573,1,36,662,609
11634,2.73242614,2.634463003,987,998,3,92,990,1090
11635,5.118464713,1.437378573,602,550,1,32,603,582
11636,5.379361035,0.3883723061,673,661,0,38,673,699
11637,5.277013413,2.029794229,1293,1130,5,107,1298,1237
11638,1.475562326,2.623711524,622,581,1,35,623,616
11639,3.30069941,3.524442148,793,655,3,62,796,717
11640,1.75828113,3.299447375,602,495,0,38,602,533
11641,5.399242743,3.406003623,1475,1343,5,125,1480,1468
11642,4.059852898,2.552086155,852,804,2,66,854,870
11643,1.494799644,2.049645006,1625,1481,3,105,1628,1586
11644,5.73886293,3.275558891,672,634,3,62,675,696
11645,1.967049059,2.973903121,823,739,3,60,826,799
11646,3.87096197,0.449456066,811,760,7,44,818,804
11647,3.643149377,3.152342522,1239,1142,2,104,1241,1246
11648,5.603195596,2.736695903,805,734,1,68,806,802
11649,5.117944052,1.615160637,886,853,6,67,892,920
11650,4.178966574,1.871634428,1230,1109,2,92,1232,1201
11651,2.857369335,1.074504062,591,537,1,26,592,563
11652,1.399499385,1.121245436,1060,1051,9,59,1069,1110
11653,3.35955226,1.767888308,1564,1489,8,126,1572,1615
11654,3.35925235,3.127873216,1573,1474,10,118,1583,1592
11655,4.696559133,0.2526595041,1552,1526,8,87,1560,1613
11656,1.652269886,3.90330679,1526,1346,7,105,1533,1451
11657,5.426307076,0.7051298617,1540,1395,6,88,1546,1483
11658,4.532281228,0.8745243337,1197,1092,5,75,1202,1167
11659,2.085733745,0.5676974981,1054,1048,3,71,1057,1119
11660,3.827224736,3.348570648,815,730,2,57,817,787
11661,1.389645149,3.514580904,1101,1024,2,74,1103,1098
11662,5.407438165,3.907208508,1057,958,3,100,1060,1058
11663,4.051408441,2.805304565,654,662,2,51,656,713
11664,1.107864131,1.297543441,1372,1309,3,77,1375,1386
11665,4.554468765,0.2425445421,988,994,3,37,991,1031
11666,2.638618428,3.094326683,1558,1485,3,145,1561,1630
11667,4.539230317,2.784490225,942,858,4,86,946,944
11668,1.999897968,1.734191328,887,903,2,43,889,946
11669,3.483277545,0.1161820769,910,862,6,45,916,907
11670,5.939336514,2.341752997,971,925,5,87,976,1012
11671,2.344387998,0.5391186545,580,563,3,29,583,592
11672,5.71733615,2.935991927,1539,1389,8,154,1547,1543
11673,4.132881106,1.83357568,1386,1287,5,101,1391,1388
11674,4.802899299,0.5800460015,1549,1378,7,92,1556,1470
11675,5.84811225,0.3913972981,846,846,2,63,848,909
11676,5.449449212,3.689896439,911,813,0,81,911,894
11677,1.479310063,1.124727059,1293,1205,4,67,1297,1272
11678,2.971264731,0.01053966617,975,981,7,30,982,1011
11679,1.875936302,2.883494395,1551,1451,6,121,1557,1572
11680,4.038466079,0.1460359315,851,825,5,36,856,861
11681,5.721386404,3.503295885,1117,1018,2,90,1119,1108
11682,5.699485715,0.1818995205,880,878,10,35,890,913
11683,2.265461012,0.4382367206,1097,1010,3,49,1100,1059
11684,4.221918744,1.141481318,960,956,4,75,964,1031
11685,1.122823807,1.840775401,872,897,3,60,875,957
11686,2.141287138,3.139346912,1273,1209,5,112,1278,1321
11687,2.518464383,0.07494484164,1351,1328,4,60,1355,1388
11688,2.886894114,3.715068501,1044,885,2,75,1046,960
11689,5.839052312,3.02306834,1108,1023,2,92,1110,1115
11690,1.911867817,2.29739244,1015,915,4,79,1019,994
11691,2.716159125,2.619303751,1469,1420,1,109,1470,1529
11692,1.428365129,0.8449205941,752,733,5,48,757,781
11693,3.343254716,3.937361491,587,513,3,51,590,564
11694,1.868362505,0.2553563463,770,732,9,43,779,775
11695,2.271851157,2.666250492,1279,1212,3,102,1282,1314
11696,1.333102407,2.406553809,934,846,6,59,940,905
11697,2.947770998,1.295491683,823,729,3,59,826,788
11698,3.731998719,1.173264615,1267,1206,7,71,1274,1277
11699,1.776442675,3.467055371,766,715,1,60,767,775
11700,2.114347613,0.3592240063,1268,1221,4,49,1272,1270
11701,4.467417877,0.5412985257,932,859,4,48,936,907
11702,4.594448817,1.194371,1318,1192,9,85,1327,1277
11703,1.584146337,1.709535045,867,842,5,51,872,893
11704,1.778160203,3.449213273,794,724,5,48,799,772
11705,3.733503724,1.142067367,1458,1326,6,114,1464,1440
11706,2.834112799,2.216961139,1381,1310,7,96,1388,1406
11707,5.604022738,2.936521002,998,899,3,71,1001,970
11708,3.500458285,1.657432342,676,615,0,45,676,660
11709,1.500965506,3.807207158,1208,1032,3,78,1211,1110
11710,2.242451313,2.494775733,880,808,7,51,887,859
11711,5.164145546,0.7159505168,633,571,2,44,635,615
11712,3.34096891,0.7140735756,1286,1195,7,75,1293,1270
11713,5.082925647,2.767027969,1498,1370,3,115,1501,1485
11714,3.082774995,0.7828967546,687,616,2,42,689,658
11715,2.511285718,3.723380004,983,919,3,83,986,1002
11716,4.53413599,2.648964699,1448,1345,4,128,1452,1473
11717,1.04298252,2.268130936,1501,1424,11,79,1512,1503
11718,2.004278545,2.067787268,1573,1550,5,113,1578,1663
11719,2.711443679,0.2173041531,608,606,5,30,613,636
11720,1.261243892,2.669571014,774,740,6,56,780,796
11721,2.472571716,3.303834274,1128,996,2,81,1130,1077
11722,1.626911742,2.04630273,1376,1283,5,79,1381,1362
11723,2.93998751,2.636522273,694,643,4,50,698,693
11724,2.863533183,3.043400429,1299,1167,6,109,1305,1276
11725,3.316903013,3.105191031,1454,1331,3,118,1457,1449
11726,2.488090129,3.492761257,1560,1466,3,118,1563,1584
11727,4.51092281,3.88712597,1005,886,3,92,1008,978
11728,4.495652151,0.4054307631,544,574,2,32,546,606
11729,4.439598663,0.2681709324,1362,1232,6,75,1368,1307
11730,3.202792663,3.782163252,1293,1169,6,126,1299,1295
11731,1.76520496,0.1450077354,1040,1035,5,40,1045,1075
11732,3.944044134,3.122647087,870,802,3,74,873,876
11733,3.272443966,1.505144329,1206,1092,5,83,1211,1175
11734,5.269858081,1.061998895,969,920,6,58,975,978
11735,4.637175644,2.014846614,570,504,0,36,570,540
11736,3.876424723,3.293384057,705,575,5,61,710,636
11737,4.895589368,0.4199487239,1365,1311,6,84,1371,1395
11738,4.805631937,2.104775247,1479,1307,2,134,1481,1441
11739,5.543060553,0.007435346917,960,930,9,43,969,973
11740,5.896422291,0.5807182701,1464,1420,4,93,1468,1513
11741,3.577928873,2.977982723,1099,982,4,88,1103,1070
11742,1.323523019,1.786541044,1298,1217,3,63,1301,1280
11743,2.602131997,2.234158484,1178,1087,3,86,1181,1173
11744,1.455991135,2.175959395,1240,1216,7,78,1247,1294
11745,3.042745125,3.375006642,1235,1132,3,131,1238,1263
11746,5.150454485,2.520878892,1250,1198,5,107,1255,1305
11747,4.941093793,0.372733417,973,897,5,59,978,956
11748,1.412682013,0.3495945934,764,733,8,34,772,767
11749,1.03540593,1.962575279,1320,1218,6,89,1326,1307
11750,2.194481,1.763136941,1503,1419,4,92,1507,1511
11751,2.828315829,2.010585048,697,671,1,51,698,722
11752,2.07702935,0.0668890902,886,862,3,37,889,899
11753,4.7776498,1.315873138,1081,980,6,66,1087,1046
11754,5.686520602,2.462889029,1281,1165,3,102,1284,1267
11755,4.904891409,0.6518472965,893,808,3,52,896,860
11756,4.400263364,1.063404235,1093,1016,5,68,1098,1084
11757,3.871916626,0.488706697,1267,1210,5,71,1272,1281
11758,1.865111281,2.238332331,793,759,4,45,797,804
11759,5.91145795,0.6731900589,1490,1449,11,96,1501,1545
11760,4.724735044,3.739183317,1061,981,3,113,1064,1094
11761,1.409040092,0.7874803563,1011,934,6,37,1017,971
11762,3.010822853,3.563699972,1320,1161,4,113,1324,1274
11763,2.024334572,3.18342561,1060,1053,4,83,1064,1136
11764,5.59181545,1.96034248,1174,1073,1,79,1175,1152
11765,2.774049723,1.093281537,1144,1078,8,70,1152,1148
11766,2.500237066,0.01379554856,1025,1065,5,36,1030,1101
11767,2.426015513,3.785490864,1318,1191,6,107,1324,1298
11768,3.285364423,3.94563112,549,537,1,48,550,585
11769,4.223147132,2.762714551,1550,1494,1,144,1551,1638
11770,3.885019915,3.887216451,1040,937,3,95,1043,1032
11771,3.612265468,3.763372595,573,569,3,59,576,628
11772,2.877792565,3.467222802,753,661,2,48,755,709
11773,5.806287071,1.382070956,894,815,3,72,897,887
11774,5.944622659,0.2528857809,1482,1455,7,67,1489,1522
11775,1.418585522,1.230197487,838,846,7,47,845,893
11776,2.218481279,1.140233733,1194,1138,6,74,1200,1212
11777,2.201223442,2.684443811,1181,1147,6,101,1187,1248
11778,1.872607384,1.745368277,962,961,4,51,966,1012
11779,3.687281982,0.4948904021,797,722,4,38,801,760
11780,2.249131254,0.8229204963,667,676,4,30,671,706
11781,2.395896766,3.935727404,985,953,3,81,988,1034
11782,3.211476695,3.946729566,754,732,2,78,756,810
11783,1.241822538,2.651526179,1477,1329,6,99,1483,1428
11784,5.346373869,0.9652573835,1274,1229,3,71,1277,1300
11785,2.419606591,2.479728265,1397,1300,4,111,1401,1411
11786,2.445667098,0.6921428429,844,695,2,32,846,727
11787,2.584333665,0.07384576026,1146,1111,9,45,1155,1156
11788,1.31315122,0.3488135032,1215,1188,7,62,1222,1250
11789,4.141270831,0.8797837001,1277,1234,3,72,1280,1306
11790,2.445339787,3.10645131,1191,1130,6,80,1197,1210
11791,5.559482742,2.68453346,1370,1300,0,136,1370,1436
11792,2.431945339,0.4654547369,1371,1328,3,60,1374,1388
11793,4.438155523,1.492048272,1168,1138,3,88,1171,1226
11794,5.32564346,1.401840701,940,910,6,60,946,970
11795,1.214988009,0.5649660572,932,917,3,37,935,954
11796,1.025262377,2.840093817,1618,1529,8,118,1626,1647
11797,3.890044417,0.1271532907,1662,1541,14,66,1676,1607
11798,2.707663381,3.275850346,655,645,0,53,655,698
11799,4.620937297,1.420743609,674,589,2,49,676,638
11800,3.735578643,3.732963088,888,838,1,79,889,917
11801,1.77106047,3.672802375,617,573,2,47,619,620
11802,1.694651845,0.2279724008,1453,1421,7,60,1460,1481
11803,4.525462782,0.3331894619,1430,1433,7,65,1437,1498
11804,4.804178651,1.099752474,569,530,1,40,570,570
11805,5.619295334,1.563324185,844,739,2,56,846,795
11806,2.641053305,3.34659003,805,716,1,67,806,783
11807,2.906977793,3.296958369,823,772,1,61,824,833
11808,2.824985294,3.943650372,862,797,2,79,864,876
11809,1.638204502,3.762246901,624,580,3,51,627,631
11810,1.748300112,0.8621339302,665,544,2,26,667,570
11811,4.533417835,1.182004229,701,602,1,33,702,635
11812,3.788825649,3.519137228,1663,1479,2,134,1665,1613
11813,4.012944075,0.4534879186,1544,1495,6,80,1550,1575
11814,3.662989516,1.751512333,867,787,2,75,869,862
11815,4.783687081,2.402973149,1142,1118,4,96,1146,1214
11816,3.273010742,1.707191424,1459,1329,5,83,1464,1412
11817,5.693219709,0.856920623,622,530,4,53,626,583
11818,2.481985106,1.855230993,1168,1151,3,103,1171,1254
11819,3.60175819,0.7746259165,1610,1477,5,83,1615,1560
11820,3.046304826,2.792714424,605,538,2,43,607,581
11821,1.848583732,0.3691808127,1458,1395,12,67,1470,1462
11822,5.660567084,3.403474291,1599,1433,4,176,1603,1609
11823,5.234743538,2.118729031,646,669,1,46,647,715
11824,4.163093281,0.5268382212,623,611,3,42,626,653
11825,5.871057609,3.463160357,1014,900,1,93,1015,993
11826,4.188294047,0.9146640093,967,974,5,71,972,1045
11827,2.969557391,1.082785847,1030,953,4,66,1034,1019
11828,5.999183533,0.5164175001,1230,1163,5,88,1235,1251
11829,4.270768504,0.2523949557,1228,1146,5,67,1233,1213
11830,1.666098473,1.371466378,1196,1162,11,62,1207,1224
11831,1.912190942,2.895827976,1308,1158,5,91,1313,1249
11832,2.685567077,1.445702631,874,867,3,60,877,927
11833,1.001465246,3.175744924,1574,1483,7,83,1581,1566
11834,4.712086783,3.12265014,1078,1047,1,91,1079,1138
11835,5.773861687,2.009642223,972,960,3,58,975,1018
11836,4.278746824,3.260338274,614,551,0,50,614,601
11837,5.140752972,2.985847794,1131,971,4,88,1135,1059
11838,4.877483976,1.180647734,918,924,5,86,923,1010
11839,2.849615504,3.311578294,840,710,0,58,840,768
11840,1.421843672,3.97917618,723,665,3,35,726,700
11841,2.312758468,2.041516871,1415,1264,4,105,1419,1369
11842,5.617181085,2.638083745,983,912,3,81,986,993
11843,2.633507541,0.908084165,620,558,5,32,625,590
11844,3.30785139,2.426537673,1525,1448,2,128,1527,1576
11845,3.98744609,1.206040392,917,828,6,58,923,886
11846,3.396437519,2.33310133,704,603,1,52,705,655
11847,2.334763729,0.1685489347,710,685,8,33,718,718
11848,3.633426512,3.135662766,1575,1479,5,120,1580,1599
11849,5.715775009,2.070793145,1614,1414,3,141,1617,1555
11850,4.060318333,0.4075718336,1635,1465,7,86,1642,1551
11851,1.425903971,3.616086731,1603,1495,5,114,1608,1609
11852,5.060100778,0.5732458876,1367,1315,5,80,1372,1395
11853,2.547040343,2.311593609,1360,1333,3,125,1363,1458
11854,2.378906831,3.851294035,719,631,3,66,722,697
11855,1.188397104,2.806157323,1471,1377,5,104,1476,1481
11856,3.873715773,0.5646599424,999,973,6,51,1005,1024
11857,1.733224497,0.6099970213,863,859,5,37,868,896
11858,2.098886079,1.878120303,1000,926,5,48,1005,974
11859,1.449963673,3.239901155,1453,1389,5,93,1458,1482
11860,4.203297969,1.001572389,656,631,0,39,656,670
11861,1.585686229,1.610083085,673,667,1,36,674,703
11862,5.298537917,3.453166714,1438,1231,2,131,1440,1362
11863,2.127499115,1.669342655,884,816,2,60,886,876
11864,4.398112963,0.8011674461,1102,1075,6,73,1108,1148
11865,1.17565802,2.844261107,611,553,0,44,611,597
11866,1.457321367,2.396172312,998,907,5,66,1003,973
11867,3.30528999,1.719131114,794,726,2,50,796,776
11868,3.694228496,2.916540422,1601,1471,3,118,1604,1589
11869,2.888806648,0.2938846631,976,927,4,44,980,971
11870,2.99736015,2.160550234,980,917,5,69,985,986
11871,1.052690025,1.767759542,993,905,1,51,994,956
11872,5.26890592,2.246231522,1614,1507,3,142,1617,1649
11873,2.959043038,3.397930655,1079,997,5,86,1084,1083
11874,1.133738749,3.312535214,816,684,2,57,818,741
11875,1.976397661,0.2786477348,1315,1224,6,63,1321,1287
11876,3.720323863,1.918256252,1040,1009,3,72,1043,1081
11877,1.648116401,2.982515372,687,632,4,47,691,679
11878,3.058794835,2.534671429,677,645,1,48,678,693
11879,5.354671695,0.3593592095,714,678,8,47,722,725
11880,4.123302196,1.410673125,1344,1233,6,80,1350,1313
11881,3.517218314,0.1735574273,707,627,1,33,708,660
11882,4.565915119,2.243113696,556,545,2,42,558,587
11883,3.139564871,1.412636347,854,829,3,60,857,889
11884,2.038404518,1.459345246,1507,1382,4,90,1511,1472
11885,1.928191802,0.9148784969,1385,1333,8,88,1393,1421
11886,1.290863217,3.140823229,649,631,3,57,652,688
11887,4.685899129,1.278270113,1546,1496,8,110,1554,1606
11888,5.962050734,1.815224845,914,816,10,67,924,883
11889,5.116966881,2.236677819,1349,1297,2,115,1351,1412
11890,5.785836879,1.100913951,1504,1470,4,110,1508,1580
11891,4.344533367,3.117345219,692,620,2,54,694,674
11892,3.656067407,1.20784038,1173,1155,11,77,1184,1232
11893,2.384491878,0.9986576718,1385,1369,10,72,1395,1441
11894,3.006263816,1.234958461,915,874,3,59,918,933
11895,2.787974502,0.4925983265,1479,1401,5,69,1484,1470
11896,5.738642535,0.3251748952,702,634,4,37,706,671
11897,2.748828622,2.914353093,1485,1370,9,128,1494,1498
11898,5.623086498,1.512695071,1261,1199,6,87,1267,1286
11899,1.578302959,2.575540285,885,951,0,60,885,1011
11900,3.150426871,2.029194609,776,741,4,56,780,797
11901,4.319842495,3.080714511,735,590,4,58,739,648
11902,5.592638157,0.4954521273,810,809,4,41,814,850
11903,2.121659819,1.59337675,1398,1327,5,93,1403,1420
11904,1.883028419,1.036119431,1096,1062,8,56,1104,1118
11905,1.15129695,1.072484044,584,515,2,31,586,546
11906,2.714498073,3.71491584,781,727,4,55,785,782
11907,2.55325233,1.741386376,1589,1477,3,107,1592,1584
11908,1.382815074,1.076715624,775,761,2,32,777,793
11909,1.944094087,0.8089014217,711,643,3,33,714,676
11910,2.280686922,3.43202961,1062,1034,3,83,1065,1117
11911,3.699609482,3.93047647,1288,1232,4,131,1292,1363
11912,2.949218993,0.3717344553,1582,1390,6,93,1588,1483
11913,5.722722503,3.352336305,1288,1197,4,111,1292,1308
11914,5.266273191,3.970001887,1499,1302,2,160,1501,1462
11915,5.230865505,0.8594961967,1138,985,3,66,1141,1051
11916,3.361887591,3.568997004,749,744,1,78,750,822
11917,4.514910616,0.3841458501,675,635,5,33,680,668
11918,1.164989497,1.825563316,1101,1094,3,60,1104,1154
11919,2.960635907,3.555682227,592,559,2,47,594,606
11920,2.218668584,0.926649766,1047,922,6,53,1053,975
11921,3.037777191,3.371529444,1357,1259,0,138,1357,1397
11922,1.715844105,0.5687189363,1484,1387,7,72,1491,1459
11923,4.905636678,0.4101399317,1414,1304,5,79,1419,1383
11924,5.855573304,0.0992327335,1517,1522,7,68,1524,1590
11925,1.303644689,2.530753911,1535,1325,6,85,1541,1410
11926,2.437714552,1.793418208,1495,1450,5,101,1500,1551
11927,5.170643517,2.86263739,961,882,3,87,964,969
11928,4.813669919,0.5917274241,862,860,5,39,867,899
11929,1.648748199,0.25210958,884,876,5,26,889,902
11930,5.57261719,0.3251790775,1018,977,2,57,1020,1034
11931,4.128779679,3.223151385,1547,1442,3,135,1550,1577
11932,3.021017544,3.253998489,1462,1358,2,120,1464,1478
11933,2.168635306,2.556770097,1399,1298,7,109,1406,1407
11934,2.609812784,2.781369431,556,560,1,44,557,604
11935,5.953076593,3.98772185,886,824,3,102,889,926
11936,4.992427631,1.090962644,1646,1462,9,110,1655,1572
11937,1.612792635,1.309525396,976,917,5,51,981,968
11938,3.057414913,3.860850663,1290,1204,4,108,1294,1312
11939,2.351727607,1.732791623,1036,981,2,80,1038,1061
11940,4.034236589,2.521303733,1023,951,1,81,1024,1032
11941,3.947201225,1.931976832,1333,1272,2,87,1335,1359
11942,5.406886775,1.079574104,1534,1387,8,102,1542,1489
11943,3.724269783,1.590614776,679,655,1,62,680,717
11944,5.22134456,0.7270600582,1233,1083,7,79,1240,1162
11945,5.008247243,1.885842466,700,647,4,54,704,701
11946,4.941095407,1.202753128,988,954,0,76,988,1030
11947,1.551154071,2.720107581,1564,1491,8,113,1572,1604
11948,5.351849422,0.2491302999,1572,1513,4,70,1576,1583
11949,2.145503149,3.508999654,1585,1506,8,144,1593,1650
11950,2.902411976,2.387630051,607,545,4,46,611,591
11951,5.679123932,2.403358387,1325,1183,6,120,1331,1303
11952,1.600473289,1.960226834,1117,1040,5,74,1122,1114
11953,4.575939437,0.408973616,1123,1025,2,57,1125,1082
11954,2.095695723,3.941151279,683,662,1,60,684,722
11955,4.392878282,3.35984037,990,917,4,87,994,1004
11956,4.489621092,0.7668010862,1460,1297,5,82,1465,1379
11957,5.663139214,2.787522965,1455,1236,3,124,1458,1360
11958,4.69857341,2.620571271,696,679,1,58,697,737
11959,5.504994837,2.512333562,571,536,0,45,571,581
11960,4.776168415,0.970484971,1623,1465,5,86,1628,1551
11961,1.269663703,0.5546766627,900,804,5,43,905,847
11962,2.662917439,0.8967424036,855,855,2,53,857,908
11963,1.105135227,0.7762653615,1305,1232,6,75,1311,1307
11964,5.23117018,1.991277948,878,800,1,70,879,870
11965,1.563169945,3.755340259,1035,964,7,89,1042,1053
11966,2.311063961,2.406929185,1006,941,7,62,1013,1003
11967,5.328280058,1.618822564,681,639,4,57,685,696
11968,4.212763646,2.147647682,714,621,2,50,716,671
11969,3.262949189,0.5566523808,775,748,3,49,778,797
11970,2.458413721,0.5792609919,797,801,3,28,800,829
11971,4.77669099,2.907460179,941,895,1,68,942,963
11972,3.591633149,1.00123523,1363,1279,12,82,1375,1361
11973,5.814310564,0.1566895782,673,662,2,30,675,692
11974,2.398196476,0.6962815708,877,856,4,47,881,903
11975,1.95704502,0.7512573546,591,555,3,31,594,586
11976,1.01639361,3.207107856,1457,1419,5,99,1462,1518
11977,1.801880143,1.470072374,1337,1182,7,80,1344,1262
11978,1.721814827,3.734108522,985,902,6,75,991,977
11979,3.58551924,0.348103642,1543,1497,10,73,1553,1570
11980,2.721602972,2.823351549,1619,1396,7,134,1626,1530
11981,3.506397289,2.362520945,551,549,1,47,552,596
11982,3.182314467,0.6966171288,885,861,3,49,888,910
11983,5.629650573,3.364316813,976,893,4,92,980,985
11984,2.442948142,2.441884287,857,836,4,61,861,897
11985,2.228086095,2.599391541,981,934,4,71,985,1005
11986,2.946228375,3.02649448,599,507,2,48,601,555
11987,5.866232006,3.54596456,1499,1325,5,152,1504,1477
11988,5.765563826,0.4724775295,1070,1023,5,63,1075,1086
11989,4.79282285,2.610006175,1550,1464,7,141,1557,1605
11990,1.54850343,1.657196017,1196,1142,10,78,1206,1220
11991,5.829374472,0.6572920699,1329,1297,4,86,1333,1383
11992,3.03684422,2.425390779,1172,1072,7,98,1179,1170
11993,1.7286894,2.025574264,936,972,5,72,941,1044
11994,4.63848947,2.975094907,714,648,0,66,714,714
11995,4.558474342,1.310156802,1183,1101,8,87,1191,1188
11996,4.375562405,3.708969111,806,746,3,66,809,812
11997,5.364165698,0.1212525685,1342,1316,8,73,1350,1389
11998,2.277388132,1.254595192,1574,1536,4,80,1578,1616
11999,1.584574224,1.741925869,847,723,5,47,852,770
12000,3.804014592,1.023947962,728,687,3,37,731,724
12001,5.523519848,0.1219731298,1232,1103,5,48,1237,1151
12002,1.60669807,1.19802808,1139,1112,7,73,1146,1185
12003,1.696589225,1.95794224,986,959,5,65,991,1024
12004,2.195897161,3.539510883,1589,1468,7,152,1596,1620
12005,2.994282328,1.859030366,1571,1455,4,130,1575,1585
12006,2.780798558,0.1822252886,1091,1005,5,45,1096,1050
12007,2.563630437,2.685657609,1386,1296,3,109,1389,1405
12008,1.595688971,3.141031493,1473,1396,5,116,1478,1512
12009,1.80121696,2.053510776,874,844,7,57,881,901
12010,3.921183639,0.2673971955,1074,1043,7,65,1081,1108
12011,1.611746158,0.1347230836,824,872,6,35,830,907
12012,3.638183703,1.279561752,973,921,3,65,976,986
12013,5.609290023,1.579778678,850,733,0,61,850,794
12014,3.564002016,2.922843976,862,797,3,71,865,868
12015,2.486705344,1.362920055,1004,901,1,58,1005,959
12016,2.620595643,1.040670246,1335,1261,4,83,1339,1344
12017,2.245840182,0.772052498,1363,1373,6,73,1369,1446
12018,1.17274577,3.845872494,1428,1375,4,99,1432,1474
12019,2.53659743,3.157724316,1119,996,3,90,1122,1086
12020,1.994656112,1.208371149,1456,1269,9,76,1465,1345
12021,1.85579137,0.9084186357,1259,1194,5,59,1264,1253
12022,2.759668141,0.8142789037,1490,1513,6,81,1496,1594
12023,5.809810398,0.7263176397,671,631,4,40,675,671
12024,4.559666249,0.1761772506,1263,1184,9,58,1272,1242